
 ===================================================RESULTADOS=========================================================
Melhor fitness final: 1123
Melhor fitness possivel: 1053
Tempo de execução: 339
Melhor solução encontrada: 0 110 4 139 39 56 75 133 41 22 74 72 73 21 0 50 102 33 81 120 9 51 122 30 70 101 1 132 0 111 76 116 77 3 79 129 150 80 109 12 138 28 0 94 59 92 37 98 85 93 104 99 96 6 147 0 69 31 10 108 131 32 90 63 126 11 62 148 88 127 0 68 121 29 24 134 54 130 55 25 67 23 145 2 0 137 87 144 42 142 141 16 91 100 97 95 117 13 0 123 19 107 128 20 66 103 71 65 136 35 135 34 78 0 114 8 46 36 143 49 64 47 124 48 82 7 106 146 0 27 52 18 83 125 45 17 84 118 60 89 112 0 5 61 113 86 140 38 44 119 14 43 15 57 115 0 58 40 149 26 105 53 0 
Solução encontrada considerada mediana
GAP de 6.64767
Numero maximo de geracoes sem evolucao: 467
Solucão valida: Sim
====================================================================================================================


 ===================================================RESULTADOS=========================================================
Melhor fitness final: 1179
Melhor fitness possivel: 1053
Tempo de execução: 282
Melhor solução encontrada: 0 21 72 74 22 133 75 56 39 139 4 110 26 0 27 127 31 10 108 32 90 63 126 62 148 88 52 146 0 150 80 68 121 29 24 134 54 130 55 25 67 23 0 18 114 8 125 45 17 113 84 118 60 147 0 28 111 50 33 81 120 9 51 122 30 70 101 69 132 0 137 2 115 57 144 42 142 14 38 140 44 100 37 97 117 13 0 82 48 124 46 47 36 143 49 64 19 123 7 106 0 94 95 92 98 85 93 59 104 99 96 6 0 107 11 131 66 71 65 136 35 135 34 78 129 79 76 0 112 89 83 5 61 91 87 58 40 105 53 0 16 86 141 119 43 15 145 41 73 149 109 12 138 0 116 77 3 102 103 20 128 1 0 
Solução encontrada considerada ruim
GAP de 11.9658
Numero maximo de geracoes sem evolucao: 407
Solucão valida: Sim
====================================================================================================================


 ===================================================RESULTADOS=========================================================
Melhor fitness final: 1115
Melhor fitness possivel: 1053
Tempo de execução: 302
Melhor solução encontrada: 0 112 94 92 37 98 85 93 104 99 96 6 0 48 124 46 47 36 143 49 64 11 107 19 123 0 50 102 33 81 120 9 51 30 70 101 69 132 0 28 76 116 77 3 79 129 78 34 135 35 136 65 71 103 0 137 97 100 119 44 141 16 91 59 95 117 13 0 138 12 150 80 68 121 29 24 134 25 55 130 54 109 0 87 144 42 142 43 15 57 2 115 145 41 22 133 74 72 21 0 73 75 56 23 67 39 139 4 110 149 26 0 89 60 118 5 84 17 45 125 8 114 83 18 0 53 105 40 58 52 106 82 7 62 148 88 31 127 146 0 27 10 108 126 63 90 32 131 128 66 20 122 1 111 0 147 61 113 86 140 38 14 0 
Solução encontrada considerada mediana
GAP de 5.88794
Numero maximo de geracoes sem evolucao: 840
Solucão valida: Sim
====================================================================================================================


 ===================================================RESULTADOS=========================================================
Melhor fitness final: 1128
Melhor fitness possivel: 1053
Tempo de execução: 269
Melhor solução encontrada: 0 76 116 77 3 81 120 9 33 102 50 27 0 52 31 10 108 126 63 90 32 131 128 20 30 70 101 69 0 105 26 149 21 72 74 133 22 73 40 53 0 48 124 46 47 36 143 49 64 11 107 19 123 7 0 13 117 97 95 59 99 104 96 94 6 147 0 82 114 8 125 45 113 16 141 44 119 91 92 0 111 150 80 68 121 29 24 134 25 55 130 54 109 12 0 79 129 78 34 135 35 136 65 71 66 103 51 122 1 132 0 58 75 56 23 67 39 139 4 110 138 28 0 112 118 60 83 18 106 62 148 88 127 146 0 5 61 85 93 98 37 100 142 43 15 41 145 115 2 0 137 87 144 57 42 14 38 140 86 17 84 89 0 
Solução encontrada considerada mediana
GAP de 7.12251
Numero maximo de geracoes sem evolucao: 886
Solucão valida: Sim
====================================================================================================================


 ===================================================RESULTADOS=========================================================
Melhor fitness final: 1112
Melhor fitness possivel: 1053
Tempo de execução: 267
Melhor solução encontrada: 0 52 88 148 62 126 63 90 32 131 108 10 31 127 0 48 124 47 36 143 49 64 11 107 19 123 146 0 118 5 84 17 113 16 141 44 119 91 94 0 89 18 106 7 82 114 8 46 45 125 83 60 6 147 0 13 117 95 96 99 104 59 92 97 87 144 57 115 2 137 0 98 37 100 14 38 140 86 61 85 93 0 103 71 65 136 35 135 120 81 33 102 50 0 21 73 72 74 75 56 23 133 22 41 145 15 43 142 42 0 121 29 24 134 54 130 55 25 67 39 139 4 110 0 111 3 79 129 78 34 9 51 66 128 20 30 122 70 101 0 27 132 69 1 76 116 77 68 80 150 109 12 138 28 0 112 58 40 149 26 105 53 0 
Solução encontrada considerada mediana
GAP de 5.60304
Numero maximo de geracoes sem evolucao: 867
Solucão valida: Sim
====================================================================================================================


 ===================================================RESULTADOS=========================================================
Melhor fitness final: 1131
Melhor fitness possivel: 1053
Tempo de execução: 319
Melhor solução encontrada: 0 1 33 81 120 9 71 136 35 135 34 78 129 79 3 0 28 111 76 116 77 68 80 150 109 12 138 105 0 148 62 10 108 126 63 90 32 131 128 20 30 122 70 101 0 121 29 24 134 54 130 55 25 39 56 133 22 72 0 83 114 8 124 46 45 125 17 113 84 5 118 60 0 82 48 47 36 143 49 64 11 107 19 123 0 18 106 7 88 31 66 65 103 51 102 50 27 0 94 59 92 37 98 85 93 99 104 6 147 89 0 13 117 87 42 142 14 119 44 141 91 100 97 95 0 96 61 16 86 140 38 43 15 41 145 57 144 115 2 137 58 0 26 149 110 4 139 67 23 75 74 73 21 40 53 0 112 146 52 127 69 132 0 
Solução encontrada considerada mediana
GAP de 7.40741
Numero maximo de geracoes sem evolucao: 557
Solucão valida: Sim
====================================================================================================================


 ===================================================RESULTADOS=========================================================
Melhor fitness final: 1127
Melhor fitness possivel: 1053
Tempo de execução: 290
Melhor solução encontrada: 0 132 1 51 9 120 135 35 136 65 71 103 122 101 69 27 0 13 117 97 91 16 141 44 119 14 43 15 57 144 2 0 85 61 86 113 17 84 5 118 60 0 112 94 95 92 37 98 93 104 99 96 6 147 89 0 111 50 102 33 81 34 78 129 79 3 77 116 76 0 110 4 139 39 56 75 133 74 72 73 21 105 0 26 149 134 24 29 121 68 150 80 12 138 28 0 31 123 19 49 143 47 124 48 82 52 0 146 106 7 107 11 126 63 90 32 131 128 66 20 30 70 127 0 109 54 130 55 25 67 23 22 41 145 115 40 58 53 0 88 148 62 10 108 64 36 46 45 125 8 114 83 18 0 59 100 140 38 142 42 87 137 0 
Solução encontrada considerada mediana
GAP de 7.02754
Numero maximo de geracoes sem evolucao: 397
Solucão valida: Sim
====================================================================================================================


 ===================================================RESULTADOS=========================================================
Melhor fitness final: 1133
Melhor fitness possivel: 1053
Tempo de execução: 262
Melhor solução encontrada: 0 148 62 10 108 126 63 90 32 131 128 20 30 122 70 101 69 0 146 52 106 82 8 124 47 48 7 88 31 127 27 0 132 1 9 120 34 78 129 79 3 77 68 116 0 26 4 39 25 55 130 54 109 12 138 111 28 0 94 59 98 85 93 104 99 96 6 147 0 149 110 139 67 23 56 75 133 22 74 73 21 40 0 53 105 58 2 115 57 144 87 97 95 117 13 0 112 92 37 100 91 141 16 61 5 118 60 18 0 89 84 17 113 86 140 38 44 119 14 142 42 43 15 137 0 123 19 107 11 64 49 143 36 46 45 125 114 83 0 50 102 33 81 135 35 136 65 71 66 103 51 0 76 150 80 121 29 24 134 72 41 145 0 
Solução encontrada considerada mediana
GAP de 7.59734
Numero maximo de geracoes sem evolucao: 732
Solucão valida: Sim
====================================================================================================================


 ===================================================RESULTADOS=========================================================
Melhor fitness final: 1132
Melhor fitness possivel: 1053
Tempo de execução: 298
Melhor solução encontrada: 0 53 58 40 105 26 149 109 12 138 111 132 69 27 0 50 102 51 120 34 78 129 79 3 77 116 76 28 0 5 61 16 141 44 119 14 142 42 144 57 145 115 2 0 112 13 117 97 95 94 6 147 89 52 127 146 0 72 75 56 39 67 23 41 22 133 74 73 0 21 110 4 139 25 55 130 54 134 24 29 121 68 80 150 0 137 92 37 98 100 91 85 93 59 104 99 96 0 118 60 83 84 17 113 86 140 38 43 15 87 0 31 88 148 62 126 63 90 32 131 128 20 30 122 70 101 1 0 106 82 48 124 46 45 125 8 114 18 0 10 108 66 65 136 35 135 71 103 9 81 33 0 47 36 143 49 64 11 107 19 123 7 0 
Solução encontrada considerada mediana
GAP de 7.50237
Numero maximo de geracoes sem evolucao: 512
Solucão valida: Sim
====================================================================================================================


 ===================================================RESULTADOS=========================================================
Melhor fitness final: 1140
Melhor fitness possivel: 1053
Tempo de execução: 282
Melhor solução encontrada: 0 82 47 36 143 49 64 11 107 19 123 127 0 21 73 72 74 22 41 133 75 56 39 139 4 110 0 88 148 62 10 108 126 63 90 32 131 128 20 30 70 0 147 6 96 99 104 93 85 98 37 92 59 94 0 118 60 83 114 8 125 45 17 113 16 141 0 76 77 121 29 78 120 9 81 33 102 50 111 0 149 130 54 134 24 55 25 67 23 145 15 43 142 42 137 0 13 117 95 97 87 144 57 115 2 58 40 105 53 0 28 138 26 12 109 150 80 68 116 1 101 31 0 132 69 122 51 103 66 71 65 136 35 135 34 129 79 3 0 5 84 61 86 140 38 14 119 44 91 100 112 0 89 18 46 124 48 7 106 52 146 27 0 
Solução encontrada considerada ruim
GAP de 8.26211
Numero maximo de geracoes sem evolucao: 603
Solucão valida: Sim
====================================================================================================================

