
Métrica	    Valor
GAP mínimo	3.79867
GAP máximo	8.35708
GAP médio	5.85%
 ===================================================RESULTADOS=========================================================
Melhor fitness final: 1102
Melhor fitness possivel: 1053
Tempo de execução: 279
Melhor solução encontrada: 0 18 83 125 45 17 113 16 141 44 119 91 100 117 0 27 132 69 101 70 108 10 62 148 88 31 127 52 146 0 82 48 124 47 19 107 11 126 63 90 32 131 0 116 77 33 81 120 9 103 51 102 50 111 0 112 94 95 92 59 99 104 96 6 147 89 0 28 76 78 34 135 35 136 65 71 66 128 20 30 122 1 0 110 4 139 39 67 23 56 75 74 72 73 21 0 109 134 24 29 121 129 79 3 68 80 150 12 138 0 58 137 87 144 57 15 43 42 142 14 38 140 86 61 0 60 118 84 5 93 85 98 37 97 13 0 105 26 149 54 130 55 25 133 22 41 145 115 2 40 53 0 106 7 123 64 49 143 36 46 8 114 0 
Solução encontrada considerada boa
GAP de 4.65337
Numero maximo de geracoes sem evolucao: 406
Solucão valida: Sim
====================================================================================================================


 ===================================================RESULTADOS=========================================================
Melhor fitness final: 1128
Melhor fitness possivel: 1053
Tempo de execução: 248
Melhor solução encontrada: 0 127 31 88 126 63 90 32 131 128 20 30 122 70 101 1 69 132 0 94 59 92 98 37 100 91 85 93 104 99 96 6 0 61 16 141 86 113 17 45 125 8 114 0 146 148 62 10 108 11 107 47 124 48 82 0 106 7 123 19 64 49 143 36 46 83 84 5 118 60 0 28 138 116 77 3 81 120 9 33 102 50 0 12 80 150 68 121 29 24 134 25 55 130 54 109 26 0 149 110 4 139 39 67 56 75 133 22 74 73 0 76 79 129 78 34 135 35 136 65 71 66 103 51 111 0 27 52 18 89 147 95 117 97 87 144 57 115 2 137 0 40 21 72 23 41 145 15 43 38 140 44 119 14 142 42 0 112 13 58 105 53 0 
Solução encontrada considerada mediana
GAP de 7.12251
Numero maximo de geracoes sem evolucao: 614
Solucão valida: Sim
====================================================================================================================


 ===================================================RESULTADOS=========================================================
Melhor fitness final: 1099
Melhor fitness possivel: 1053
Tempo de execução: 251
Melhor solução encontrada: 0 94 95 92 37 98 85 59 104 99 96 6 112 0 48 124 46 47 36 143 49 64 11 107 19 123 7 0 111 50 102 33 81 120 9 51 122 70 101 69 132 0 76 116 77 3 79 129 78 34 135 35 136 65 71 103 1 0 147 61 16 141 44 119 14 100 97 117 137 13 0 149 54 130 55 25 134 24 29 121 68 150 80 109 12 0 21 72 74 133 22 41 145 15 43 142 42 87 144 57 115 2 0 26 110 4 139 39 67 23 56 75 73 40 58 0 89 60 118 5 113 17 45 125 8 114 18 0 148 62 10 108 126 63 90 32 131 128 66 20 30 0 93 91 38 140 86 84 83 82 106 88 31 127 52 146 0 27 28 138 105 53 0 
Solução encontrada considerada boa
GAP de 4.36847
Numero maximo de geracoes sem evolucao: 352
Solucão valida: Sim
====================================================================================================================


 ===================================================RESULTADOS=========================================================
Melhor fitness final: 1104
Melhor fitness possivel: 1053
Tempo de execução: 225
Melhor solução encontrada: 0 27 132 1 102 116 68 150 109 12 138 28 0 50 33 81 120 9 103 66 128 20 30 70 127 0 89 147 6 96 99 104 59 92 97 117 95 94 112 0 61 16 141 44 119 14 142 42 87 144 57 115 2 137 0 146 52 88 148 62 11 126 63 90 32 131 108 10 31 0 69 101 122 51 71 65 136 35 135 34 78 129 79 3 77 76 0 18 82 48 124 46 45 125 17 84 5 118 60 0 106 7 123 19 107 64 49 143 36 47 8 114 83 0 21 73 72 74 22 133 75 56 39 139 4 110 0 93 98 37 100 91 85 113 86 140 38 43 15 0 145 41 23 67 25 55 130 54 134 24 29 121 80 111 0 13 58 40 149 26 105 53 0 
Solução encontrada considerada boa
GAP de 4.8433
Numero maximo de geracoes sem evolucao: 1254
Solucão valida: Sim
====================================================================================================================


 ===================================================RESULTADOS=========================================================
Melhor fitness final: 1093
Melhor fitness possivel: 1053
Tempo de execução: 236
Melhor solução encontrada: 0 27 31 10 108 131 32 90 63 126 62 148 88 127 0 48 124 47 36 143 49 64 11 107 19 123 7 0 98 85 91 141 16 113 17 84 5 118 60 0 147 89 18 83 125 45 46 8 114 82 106 52 146 0 94 96 99 104 59 92 97 87 144 57 115 2 137 13 0 95 37 100 44 119 14 38 140 86 61 93 6 0 1 103 66 71 65 136 35 135 9 81 33 102 0 21 73 72 56 23 75 74 133 22 41 145 15 43 142 42 117 0 110 4 139 39 67 25 55 130 54 134 24 29 121 3 0 50 79 129 78 34 120 51 20 128 30 122 70 101 69 132 0 111 76 116 77 68 80 150 109 12 138 28 0 112 58 40 149 26 105 53 0 
Solução encontrada considerada boa
GAP de 3.79867
Numero maximo de geracoes sem evolucao: 445
Solucão valida: Sim
====================================================================================================================


 ===================================================RESULTADOS=========================================================
Melhor fitness final: 1099
Melhor fitness possivel: 1053
Tempo de execução: 233
Melhor solução encontrada: 0 129 78 34 135 35 136 65 71 9 120 81 33 1 132 0 111 76 116 77 3 79 68 80 150 109 12 138 0 148 62 10 108 126 63 90 32 131 128 20 30 122 70 101 69 0 121 29 24 134 54 130 55 25 67 23 72 73 105 0 18 114 8 125 45 17 113 84 5 118 60 0 127 31 88 11 107 19 123 48 82 7 106 52 0 50 102 51 103 66 64 49 143 36 47 124 46 83 0 94 59 92 37 98 85 93 104 99 96 147 0 137 87 144 57 42 142 14 119 44 91 100 97 95 117 13 0 6 61 16 141 86 140 38 43 15 41 145 115 2 58 53 0 40 21 74 22 133 75 56 39 139 4 110 149 26 0 28 27 146 89 112 0 
Solução encontrada considerada boa
GAP de 4.36847
Numero maximo de geracoes sem evolucao: 419
Solucão valida: Sim
====================================================================================================================


 ===================================================RESULTADOS=========================================================
Melhor fitness final: 1129
Melhor fitness possivel: 1053
Tempo de execução: 256
Melhor solução encontrada: 0 94 95 59 99 104 96 6 147 89 0 118 60 83 114 8 125 45 17 113 84 5 0 111 50 102 33 81 120 9 71 103 51 69 0 106 123 19 49 143 36 47 46 124 48 82 18 0 132 77 116 68 80 150 121 29 24 134 109 12 138 28 0 110 139 39 67 23 75 133 74 72 73 21 0 117 97 42 142 119 44 141 16 61 85 91 100 37 98 92 0 2 115 145 41 22 56 4 25 55 130 54 149 26 105 53 0 76 3 79 129 78 34 135 35 136 65 66 128 20 30 122 0 27 127 31 62 148 88 112 13 137 58 40 0 1 101 70 10 108 131 32 90 126 63 64 11 107 7 52 146 0 93 86 140 38 14 43 15 57 144 87 0 
Solução encontrada considerada mediana
GAP de 7.21747
Numero maximo de geracoes sem evolucao: 1105
Solucão valida: Sim
====================================================================================================================


 ===================================================RESULTADOS=========================================================
Melhor fitness final: 1121
Melhor fitness possivel: 1053
Tempo de execução: 264
Melhor solução encontrada: 0 148 62 10 108 126 63 90 32 131 128 20 30 70 101 69 0 27 127 31 88 7 48 47 124 8 82 106 52 146 0 150 80 68 77 3 79 129 78 34 9 103 51 122 1 132 0 4 139 39 25 55 130 54 109 12 138 28 0 94 59 98 85 93 99 104 96 6 147 0 26 149 110 56 67 23 75 133 22 73 21 40 0 53 105 58 2 115 57 144 87 97 117 13 112 0 95 92 37 100 91 141 16 61 5 118 60 89 0 83 84 17 113 86 140 38 44 119 14 142 43 15 42 137 0 18 114 125 45 46 36 143 49 64 11 107 19 123 0 66 71 65 136 35 135 120 81 33 102 50 0 111 76 116 121 29 24 134 72 74 41 145 0 
Solução encontrada considerada mediana
GAP de 6.45774
Numero maximo de geracoes sem evolucao: 300
Solucão valida: Sim
====================================================================================================================


 ===================================================RESULTADOS=========================================================
Melhor fitness final: 1141
Melhor fitness possivel: 1053
Tempo de execução: 253
Melhor solução encontrada: 0 53 105 40 26 149 109 12 138 28 111 132 69 27 0 50 102 51 120 34 78 129 79 3 77 116 76 0 16 141 44 119 14 142 42 144 57 145 41 22 115 2 0 112 13 117 97 95 94 6 147 89 52 146 0 58 73 74 133 75 23 67 39 139 4 110 0 21 72 56 25 55 130 54 134 24 29 121 68 150 80 0 5 61 85 91 100 98 37 92 59 93 104 99 96 0 118 60 83 84 17 113 86 140 38 43 15 87 137 0 31 88 148 62 126 63 90 32 131 128 20 30 122 70 101 1 0 18 114 8 125 45 46 124 47 48 82 106 0 10 108 66 65 136 35 135 71 103 9 81 33 0 36 143 49 64 11 107 19 123 7 127 0 
Solução encontrada considerada ruim
GAP de 8.35708
Numero maximo de geracoes sem evolucao: 167
Solucão valida: Sim
====================================================================================================================


 ===================================================RESULTADOS=========================================================
Melhor fitness final: 1130
Melhor fitness possivel: 1053
Tempo de execução: 246
Melhor solução encontrada: 0 54 130 55 25 39 56 75 133 22 74 72 73 21 0 88 148 62 10 108 126 63 90 32 131 128 20 30 70 101 69 0 28 77 3 81 120 9 33 102 50 111 0 94 59 92 98 37 100 91 85 93 104 99 96 6 0 13 117 95 97 87 144 57 145 115 2 137 58 40 105 0 48 124 46 47 36 143 49 64 11 107 19 123 7 0 132 1 76 116 68 80 150 121 29 24 134 109 12 138 0 79 129 78 34 135 35 136 65 71 66 103 51 122 31 0 89 83 60 118 5 147 112 53 26 0 149 110 4 139 67 23 41 15 43 38 140 119 14 142 42 0 61 16 141 44 86 113 17 45 125 84 0 27 127 106 82 8 114 18 52 146 0 
Solução encontrada considerada mediana
GAP de 7.31244
Numero maximo de geracoes sem evolucao: 1663
Solucão valida: Sim
====================================================================================================================

