
 ===================================================RESULTADOS=========================================================
Melhor fitness final: 843
Melhor fitness possivel: 817
Tempo de execução: 185
Melhor solução encontrada: 0 89 18 83 8 46 45 17 86 38 43 15 41 22 74 73 58 0 53 40 21 72 75 56 23 67 39 25 55 4 0 94 95 59 92 37 98 100 91 85 93 99 96 6 0 28 76 77 3 79 81 9 51 30 70 1 69 27 0 13 97 87 2 57 42 14 44 16 61 84 5 60 0 31 10 63 90 32 20 66 65 71 35 34 78 33 50 0 52 7 82 48 47 36 49 64 11 19 62 88 0 12 80 68 29 24 54 26 0 
Solução encontrada considerada boa
GAP de 3.18237
Numero maximo de geracoes sem evolucao: 1240
Solucão valida: Sim
====================================================================================================================


 ===================================================RESULTADOS=========================================================
Melhor fitness final: 871
Melhor fitness possivel: 817
Tempo de execução: 114
Melhor solução encontrada: 0 26 54 4 67 23 75 22 41 57 2 58 53 0 10 90 63 64 49 36 47 48 19 11 62 88 0 27 69 1 70 30 20 51 9 81 79 3 77 76 28 0 12 80 68 29 24 55 25 39 56 74 72 73 21 40 0 94 95 97 92 37 98 93 59 99 96 6 89 0 85 91 100 44 16 61 84 5 60 83 18 0 13 87 42 15 43 14 38 86 17 45 46 8 82 7 52 0 31 32 66 65 71 35 34 78 33 50 0 
Solução encontrada considerada mediana
GAP de 6.60955
Numero maximo de geracoes sem evolucao: 248
Solucão valida: Sim
====================================================================================================================


 ===================================================RESULTADOS=========================================================
Melhor fitness final: 858
Melhor fitness possivel: 817
Tempo de execução: 103
Melhor solução encontrada: 0 52 18 83 60 5 84 17 86 16 61 91 100 98 37 92 13 0 76 77 3 79 78 34 35 71 65 66 20 70 1 69 27 0 23 67 39 25 55 54 24 29 68 80 12 28 0 82 8 45 46 47 36 49 64 11 19 48 7 88 0 31 62 10 63 90 32 30 51 9 81 33 50 0 26 4 56 75 41 22 74 72 73 21 40 58 53 0 94 95 97 87 42 14 44 38 43 15 57 2 0 59 85 93 99 96 6 89 0 
Solução encontrada considerada mediana
GAP de 5.01836
Numero maximo de geracoes sem evolucao: 824
Solucão valida: Sim
====================================================================================================================


 ===================================================RESULTADOS=========================================================
Melhor fitness final: 849
Melhor fitness possivel: 817
Tempo de execução: 142
Melhor solução encontrada: 0 50 3 79 33 81 9 51 20 30 70 1 69 27 0 59 92 37 98 85 5 84 17 45 46 8 83 60 18 89 0 53 58 40 21 73 2 57 15 43 42 87 95 94 13 0 54 24 29 78 34 35 71 65 66 32 90 63 10 31 0 52 7 82 48 47 36 49 64 11 19 62 88 0 72 74 22 41 75 56 23 67 39 25 55 4 0 97 100 91 44 14 38 86 16 61 93 99 96 6 0 28 76 77 68 80 12 26 0 
Solução encontrada considerada boa
GAP de 3.91677
Numero maximo de geracoes sem evolucao: 1009
Solucão valida: Sim
====================================================================================================================


 ===================================================RESULTADOS=========================================================
Melhor fitness final: 878
Melhor fitness possivel: 817
Tempo de execução: 151
Melhor solução encontrada: 0 27 69 1 70 30 20 66 65 71 35 9 51 81 50 0 95 92 98 85 91 44 86 38 14 100 37 97 0 31 62 11 19 49 47 48 82 7 52 0 6 59 93 16 61 84 17 45 8 46 36 64 63 90 32 10 88 0 26 54 55 25 39 67 23 56 75 74 22 41 53 0 12 80 68 24 29 34 78 33 79 3 77 76 28 0 13 87 42 43 15 57 2 73 72 4 21 40 58 0 94 96 99 5 60 83 18 89 0 
Solução encontrada considerada mediana
GAP de 7.46634
Numero maximo de geracoes sem evolucao: 981
Solucão valida: Sim
====================================================================================================================


 ===================================================RESULTADOS=========================================================
Melhor fitness final: 844
Melhor fitness possivel: 817
Tempo de execução: 116
Melhor solução encontrada: 0 10 32 90 63 64 49 36 47 46 8 45 83 18 89 0 28 76 77 3 79 33 81 9 51 50 1 69 27 0 58 40 21 73 72 74 75 22 41 87 97 13 0 94 95 92 37 98 100 91 85 93 59 99 96 6 0 60 5 84 17 61 16 86 38 44 14 42 43 15 57 2 0 12 68 80 55 25 39 67 23 56 4 53 0 31 70 30 20 66 65 71 35 34 78 29 24 54 26 0 52 7 82 48 19 11 62 88 0 
Solução encontrada considerada boa
GAP de 3.30477
Numero maximo de geracoes sem evolucao: 149
Solucão valida: Sim
====================================================================================================================


 ===================================================RESULTADOS=========================================================
Melhor fitness final: 866
Melhor fitness possivel: 817
Tempo de execução: 156
Melhor solução encontrada: 0 31 88 63 90 32 30 20 66 65 71 35 34 78 50 0 89 60 83 84 5 93 85 98 37 92 59 99 96 6 0 72 74 22 41 75 56 23 67 39 25 55 4 0 18 82 8 46 45 17 86 16 61 91 100 97 95 94 0 27 1 51 9 81 33 79 3 68 80 12 0 13 87 42 14 44 38 43 15 57 2 73 21 40 58 53 0 52 7 48 47 36 49 64 11 19 62 10 70 69 0 28 76 77 29 24 54 26 0 
Solução encontrada considerada mediana
GAP de 5.99755
Numero maximo de geracoes sem evolucao: 770
Solucão valida: Sim
====================================================================================================================


 ===================================================RESULTADOS=========================================================
Melhor fitness final: 845
Melhor fitness possivel: 817
Tempo de execução: 115
Melhor solução encontrada: 0 26 4 56 23 67 39 25 55 54 80 68 0 69 88 62 19 11 64 49 36 47 48 82 7 52 0 58 2 57 15 43 42 14 44 38 86 16 61 99 96 6 0 1 70 30 20 51 9 81 33 79 3 77 76 50 28 0 13 87 41 22 75 74 72 73 21 40 53 0 94 59 93 85 91 100 37 98 92 97 95 0 31 10 63 90 32 66 65 71 35 34 78 29 24 12 0 89 60 5 84 17 45 46 8 83 18 27 0 
Solução encontrada considerada boa
GAP de 3.42717
Numero maximo de geracoes sem evolucao: 442
Solucão valida: Sim
====================================================================================================================


 ===================================================RESULTADOS=========================================================
Melhor fitness final: 833
Melhor fitness possivel: 817
Tempo de execução: 128
Melhor solução encontrada: 0 31 88 62 10 63 90 32 66 20 30 70 1 69 27 0 59 92 37 98 100 91 85 5 84 17 45 83 60 89 0 28 12 80 68 29 24 55 25 39 67 23 56 21 0 76 77 3 79 78 34 35 65 71 9 51 81 33 50 0 6 96 99 93 61 16 86 38 44 14 42 43 15 57 2 0 18 8 46 47 36 49 64 11 19 48 82 7 52 0 26 54 4 75 41 22 74 72 73 40 58 53 0 13 87 97 95 94 0 
Solução encontrada considerada boa
GAP de 1.95838
Numero maximo de geracoes sem evolucao: 943
Solucão valida: Sim
====================================================================================================================


 ===================================================RESULTADOS=========================================================
Melhor fitness final: 850
Melhor fitness possivel: 817
Tempo de execução: 106
Melhor solução encontrada: 0 31 10 62 11 19 47 48 82 7 88 52 0 18 83 60 5 84 17 45 8 46 36 49 64 63 90 32 30 70 0 26 4 55 25 39 67 23 56 75 74 22 41 57 2 0 33 81 9 51 20 66 65 71 35 34 78 79 3 0 94 59 98 91 16 61 85 93 99 96 6 89 0 27 69 1 50 76 77 68 80 29 24 54 12 28 0 87 42 15 43 14 38 86 44 100 37 92 97 95 0 13 58 73 72 21 40 53 0 
Solução encontrada considerada boa
GAP de 4.03917
Numero maximo de geracoes sem evolucao: 963
Solucão valida: Sim
====================================================================================================================


 ===================================================RESULTADOS=========================================================
Melhor fitness final: 843
Melhor fitness possivel: 817
Tempo de execução: 130
Melhor solução encontrada: 0 21 72 75 56 39 67 23 41 22 74 73 40 0 18 83 45 8 46 36 49 64 63 90 32 20 51 30 70 1 69 0 31 88 10 62 11 19 47 48 82 7 52 0 94 59 93 85 91 100 98 37 92 97 95 0 50 33 81 9 71 66 65 35 34 78 79 3 76 0 6 96 99 61 16 44 14 38 86 17 84 5 60 89 0 27 28 12 80 68 77 29 24 54 55 25 4 26 0 13 87 42 43 15 57 2 58 53 0 
Solução encontrada considerada boa
GAP de 3.18237
Numero maximo de geracoes sem evolucao: 487
Solucão valida: Sim
====================================================================================================================


 ===================================================RESULTADOS=========================================================
Melhor fitness final: 838
Melhor fitness possivel: 817
Tempo de execução: 113
Melhor solução encontrada: 0 52 7 82 48 47 36 46 8 45 17 84 5 60 83 18 89 0 1 51 9 81 33 78 34 35 71 65 66 20 30 70 69 0 27 31 10 32 90 63 64 49 19 11 62 88 0 87 42 15 43 14 44 38 86 16 61 99 96 6 0 26 12 68 80 54 24 29 79 3 77 76 50 28 0 4 55 25 39 67 23 56 75 22 41 57 2 13 0 59 93 85 91 100 37 98 92 97 95 94 0 58 73 74 72 21 40 53 0 
Solução encontrada considerada boa
GAP de 2.57038
Numero maximo de geracoes sem evolucao: 659
Solucão valida: Sim
====================================================================================================================


 ===================================================RESULTADOS=========================================================
Melhor fitness final: 848
Melhor fitness possivel: 817
Tempo de execução: 120
Melhor solução encontrada: 0 4 55 25 39 67 23 56 75 74 72 73 21 40 0 18 83 60 5 84 17 45 8 46 36 49 64 63 90 32 30 70 69 0 97 92 37 98 100 91 16 86 61 85 93 99 6 0 13 87 42 14 44 38 43 15 57 41 22 2 58 53 0 26 12 54 24 29 78 34 35 71 65 66 20 1 27 0 28 76 80 68 77 3 79 33 81 9 51 50 0 31 10 62 11 19 47 48 82 7 88 52 0 89 96 59 95 94 0 
Solução encontrada considerada boa
GAP de 3.79437
Numero maximo de geracoes sem evolucao: 125
Solucão valida: Sim
====================================================================================================================


 ===================================================RESULTADOS=========================================================
Melhor fitness final: 838
Melhor fitness possivel: 817
Tempo de execução: 127
Melhor solução encontrada: 0 50 33 81 51 9 35 71 65 66 20 30 70 1 69 0 94 95 97 37 100 91 85 93 59 99 96 6 0 10 32 90 63 11 64 49 36 46 8 45 17 84 5 83 60 89 0 27 31 88 62 19 47 48 82 7 18 52 0 13 87 42 43 14 44 38 86 16 61 98 92 0 2 57 15 41 22 75 56 23 67 39 25 55 4 26 0 12 68 80 54 24 29 34 78 79 3 77 76 28 0 53 40 21 72 74 73 58 0 
Solução encontrada considerada boa
GAP de 2.57038
Numero maximo de geracoes sem evolucao: 965
Solucão valida: Sim
====================================================================================================================

