Métrica	Valor (%)
GAP mínimo	2.47
GAP máximo	8.17
GAP médio	5.88
 ===================================================RESULTADOS=========================================================
Melhor fitness final: 1100
Melhor fitness possivel: 1053
Tempo de execução: 63
Melhor solução encontrada: 0 28 111 80 150 68 121 29 24 134 109 12 138 53 0 58 13 87 144 57 15 43 38 140 86 113 17 83 0 110 4 139 39 56 75 133 22 74 72 73 21 40 0 82 48 114 125 45 84 5 118 60 0 76 116 77 3 129 79 33 81 78 34 71 103 30 70 0 101 128 131 32 90 63 126 108 10 62 148 88 31 146 0 1 122 20 66 65 136 35 135 120 9 51 102 50 0 18 8 46 124 47 36 143 49 64 11 107 19 123 7 106 0 6 93 85 61 16 141 44 119 14 142 42 117 0 94 95 97 92 37 100 91 98 59 99 104 96 147 89 0 137 2 115 145 41 23 67 25 55 130 54 149 26 105 0 112 52 127 69 132 27 0 
Solução encontrada considerada boa
GAP de 4.46344
Numero maximo de geracoes sem evolucao: 166
Solucão valida: Sim
====================================================================================================================


 ===================================================RESULTADOS=========================================================
Melhor fitness final: 1121
Melhor fitness possivel: 1053
Tempo de execução: 61
Melhor solução encontrada: 0 102 33 81 9 135 35 136 65 71 66 103 51 0 106 82 48 124 46 47 36 143 49 64 62 148 0 1 101 70 122 30 20 128 131 32 90 63 126 11 107 19 123 7 0 130 55 25 139 39 67 23 56 75 133 22 74 0 18 83 114 8 125 45 17 113 84 5 118 60 0 100 91 61 16 141 86 140 38 44 119 14 142 42 0 58 40 21 110 4 54 134 24 29 121 150 80 149 105 53 0 26 109 12 138 111 132 69 31 108 10 88 127 52 0 147 6 96 104 99 93 85 98 37 92 59 94 0 28 76 116 68 77 3 79 129 78 34 120 50 0 13 117 95 97 87 144 57 43 15 145 41 72 73 115 2 137 0 112 89 146 27 0 
Solução encontrada considerada mediana
GAP de 6.45774
Numero maximo de geracoes sem evolucao: 797
Solucão valida: Sim
====================================================================================================================


 ===================================================RESULTADOS=========================================================
Melhor fitness final: 1097
Melhor fitness possivel: 1053
Tempo de execução: 61
Melhor solução encontrada: 0 6 93 85 100 142 43 15 145 41 22 74 72 21 40 0 58 73 133 75 56 23 67 39 139 4 110 0 13 137 2 115 57 144 87 97 92 59 99 104 96 94 0 53 105 26 149 109 12 138 111 27 0 118 60 83 114 8 124 47 48 82 106 0 132 69 31 10 108 131 32 90 63 126 62 148 88 127 0 50 102 33 81 120 9 103 51 122 30 70 101 0 76 116 77 129 78 34 135 35 136 65 71 66 128 20 1 0 18 125 45 46 36 143 49 64 11 107 19 123 7 52 146 0 28 80 150 68 3 79 121 29 24 134 25 55 130 54 0 147 61 16 141 44 119 140 38 14 42 117 112 0 95 37 98 91 86 113 17 84 5 89 0 
Solução encontrada considerada boa
GAP de 4.17854
Numero maximo de geracoes sem evolucao: 459
Solucão valida: Sim
====================================================================================================================


 ===================================================RESULTADOS=========================================================
Melhor fitness final: 1118
Melhor fitness possivel: 1053
Tempo de execução: 62
Melhor solução encontrada: 0 10 108 126 63 90 32 131 66 9 34 78 129 79 3 0 93 98 37 42 142 43 15 41 145 115 2 57 144 87 137 13 0 130 55 25 139 39 67 23 56 75 133 22 74 0 21 73 72 110 4 54 134 24 29 121 68 150 80 138 0 28 76 77 116 12 109 149 26 105 40 58 53 0 5 84 61 16 141 44 119 14 100 85 6 0 18 114 8 46 36 143 49 64 11 107 19 123 62 148 0 27 127 31 88 7 48 47 124 82 106 52 146 0 89 147 96 99 104 59 95 94 112 0 118 60 83 125 45 17 113 86 140 38 91 92 97 117 0 50 102 33 81 120 135 35 136 65 71 103 51 0 132 69 101 70 30 128 20 122 1 111 0 
Solução encontrada considerada mediana
GAP de 6.17284
Numero maximo de geracoes sem evolucao: 796
Solucão valida: Sim
====================================================================================================================


 ===================================================RESULTADOS=========================================================
Melhor fitness final: 1138
Melhor fitness possivel: 1053
Tempo de execução: 61
Melhor solução encontrada: 0 91 141 16 113 17 125 45 46 47 124 8 114 18 0 76 116 68 150 80 121 29 24 134 54 109 12 138 0 112 94 95 97 92 59 93 99 104 96 6 147 0 111 103 66 71 65 136 35 135 34 78 129 79 3 77 0 110 4 139 39 56 75 133 22 74 72 73 21 40 0 88 148 62 126 63 90 32 131 108 10 31 127 146 0 13 2 115 57 144 87 5 84 83 60 118 89 0 28 9 120 130 55 25 67 23 41 145 15 43 142 42 137 0 82 48 36 143 49 64 11 107 19 123 7 106 52 0 98 85 61 86 140 38 14 119 44 100 37 117 0 132 1 50 102 33 81 51 20 128 30 122 70 101 69 27 0 53 58 149 26 105 0 
Solução encontrada considerada ruim
GAP de 8.07217
Numero maximo de geracoes sem evolucao: 321
Solucão valida: Sim
====================================================================================================================


 ===================================================RESULTADOS=========================================================
Melhor fitness final: 1104
Melhor fitness possivel: 1053
Tempo de execução: 61
Melhor solução encontrada: 0 28 76 77 3 79 129 78 34 68 80 150 109 12 138 0 89 5 84 17 113 86 140 38 14 43 15 145 41 22 0 93 85 61 16 141 44 119 91 100 37 98 92 97 0 73 74 133 75 23 67 39 139 56 72 21 0 27 1 30 20 128 66 9 33 102 50 111 0 81 120 135 35 136 65 71 103 51 122 70 101 69 132 0 31 10 108 131 32 90 63 126 62 148 88 127 0 13 117 95 59 99 104 96 94 6 147 112 0 48 124 46 47 36 143 49 64 11 107 19 123 7 0 116 121 29 24 134 54 130 55 25 4 110 149 26 0 118 60 83 125 45 8 114 82 106 18 52 146 0 105 40 2 115 57 144 42 142 87 137 58 53 0 
Solução encontrada considerada boa
GAP de 4.8433
Numero maximo de geracoes sem evolucao: 904
Solucão valida: Sim
====================================================================================================================


 ===================================================RESULTADOS=========================================================
Melhor fitness final: 1123
Melhor fitness possivel: 1053
Tempo de execução: 61
Melhor solução encontrada: 0 40 21 73 72 74 22 133 75 56 39 139 4 110 0 127 31 62 148 88 106 82 114 8 46 45 125 60 0 101 70 30 122 51 20 66 128 131 32 90 63 126 108 10 146 0 116 77 3 79 129 78 34 29 121 68 150 80 109 138 0 102 33 81 120 135 35 136 65 71 103 9 0 89 147 6 95 97 87 144 57 115 2 137 58 0 118 84 17 113 86 140 38 14 119 44 100 117 0 48 124 47 36 143 49 64 11 107 19 123 7 0 53 105 26 149 12 76 50 1 69 132 111 28 0 112 94 59 98 85 93 99 104 96 0 13 42 142 43 15 145 41 23 67 25 55 24 134 130 54 0 27 52 18 83 5 61 16 141 91 37 92 0 
Solução encontrada considerada mediana
GAP de 6.64767
Numero maximo de geracoes sem evolucao: 657
Solucão valida: Sim
====================================================================================================================


 ===================================================RESULTADOS=========================================================
Melhor fitness final: 1110
Melhor fitness possivel: 1053
Tempo de execução: 61
Melhor solução encontrada: 0 110 4 139 39 67 23 56 75 41 145 115 2 58 0 3 129 78 34 135 35 136 65 71 9 120 81 33 50 0 105 26 149 54 130 55 25 134 24 29 121 79 102 0 31 148 62 10 108 126 63 90 32 131 30 70 101 69 0 18 82 48 47 36 143 49 64 123 7 106 52 0 93 85 61 16 141 44 119 91 100 98 37 97 117 0 60 118 5 84 113 17 45 125 8 114 83 0 111 76 116 77 68 150 80 109 12 138 28 0 112 94 95 92 59 99 104 96 6 147 89 0 13 137 87 144 57 22 133 74 72 73 21 40 53 0 42 15 43 142 14 38 140 86 46 124 19 107 11 88 127 146 0 1 51 103 66 128 20 122 132 27 0 
Solução encontrada considerada mediana
GAP de 5.41311
Numero maximo de geracoes sem evolucao: 297
Solucão valida: Sim
====================================================================================================================


 ===================================================RESULTADOS=========================================================
Melhor fitness final: 1120
Melhor fitness possivel: 1053
Tempo de execução: 59
Melhor solução encontrada: 0 132 69 101 70 30 128 66 65 136 35 135 71 20 122 1 28 0 26 149 109 12 80 150 68 3 77 116 76 111 0 97 98 91 119 44 141 16 113 17 84 5 118 60 0 146 7 123 19 64 49 143 36 47 46 124 48 106 52 0 105 40 2 115 145 57 15 43 142 42 144 87 137 58 53 0 79 129 78 34 120 9 103 51 81 33 102 50 0 21 73 72 74 22 133 75 56 39 139 4 110 0 27 10 108 131 32 90 63 126 11 107 62 148 88 127 0 13 117 95 59 104 99 96 94 6 147 89 0 112 41 23 67 25 55 130 54 134 24 29 121 138 0 93 85 61 86 140 38 14 100 37 92 0 31 82 114 8 45 125 83 18 0 
Solução encontrada considerada mediana
GAP de 6.36277
Numero maximo de geracoes sem evolucao: 722
Solucão valida: Sim
====================================================================================================================


 ===================================================RESULTADOS=========================================================
Melhor fitness final: 1124
Melhor fitness possivel: 1053
Tempo de execução: 61
Melhor solução encontrada: 0 110 4 139 39 56 75 133 41 22 74 72 73 21 0 13 117 95 97 92 59 99 104 96 94 6 147 89 0 58 137 87 144 42 142 14 119 140 38 43 15 57 145 115 2 40 0 93 85 98 37 100 91 44 141 86 61 84 0 132 69 101 70 30 122 51 9 120 81 33 102 50 0 20 66 128 131 32 90 126 63 64 11 107 62 148 88 18 0 52 106 7 123 19 49 143 36 46 124 47 48 82 0 150 80 68 121 29 24 134 54 130 55 25 67 23 0 28 111 138 12 109 149 26 105 53 112 0 5 16 113 17 45 125 8 114 83 60 118 0 1 103 71 65 136 35 135 34 78 129 79 3 77 116 76 0 27 108 10 31 127 146 0 
Solução encontrada considerada mediana
GAP de 6.74264
Numero maximo de geracoes sem evolucao: 339
Solucão valida: Sim
====================================================================================================================


 ===================================================RESULTADOS=========================================================
Melhor fitness final: 1087
Melhor fitness possivel: 1053
Tempo de execução: 65
Melhor solução encontrada: 0 27 31 10 108 131 32 90 63 126 62 148 88 127 0 50 102 33 81 9 71 65 136 35 135 34 78 76 0 89 60 118 5 84 17 113 16 141 44 119 37 92 0 58 73 22 133 75 56 23 67 39 139 110 0 53 105 26 149 4 25 55 130 54 109 12 138 0 112 147 6 94 95 97 87 144 57 115 2 137 0 61 86 140 38 14 142 42 43 15 145 41 74 72 21 40 0 13 117 59 98 100 91 85 93 99 104 96 0 68 80 150 134 24 29 121 129 79 3 77 116 28 0 111 1 122 51 120 103 66 128 20 30 70 101 69 132 0 48 124 46 47 36 143 49 64 11 107 19 123 7 0 146 52 106 82 114 8 45 125 83 18 0 
Solução encontrada considerada boa
GAP de 3.22887
Numero maximo de geracoes sem evolucao: 637
Solucão valida: Sim
====================================================================================================================


 ===================================================RESULTADOS=========================================================
Melhor fitness final: 1139
Melhor fitness possivel: 1053
Tempo de execução: 63
Melhor solução encontrada: 0 89 60 118 5 61 85 91 100 37 98 93 0 147 84 17 113 16 141 44 119 14 142 42 13 0 86 140 38 43 15 23 67 25 55 130 54 116 76 0 78 34 135 35 136 65 71 66 103 9 120 81 0 40 110 4 139 39 56 75 41 145 115 2 117 92 59 104 99 96 0 77 3 79 129 121 29 24 134 68 80 150 109 12 138 0 88 148 62 10 108 126 63 90 32 131 128 20 30 101 1 0 27 132 69 127 31 70 122 51 33 102 50 111 28 0 144 57 22 133 74 72 73 21 149 26 105 0 112 6 94 95 97 87 137 58 53 0 48 124 46 47 36 143 49 64 11 107 19 123 7 0 146 52 106 82 114 8 45 125 83 18 0 
Solução encontrada considerada ruim
GAP de 8.16714
Numero maximo de geracoes sem evolucao: 414
Solucão valida: Sim
====================================================================================================================


 ===================================================RESULTADOS=========================================================
Melhor fitness final: 1106
Melhor fitness possivel: 1053
Tempo de execução: 62
Melhor solução encontrada: 0 120 9 103 71 65 136 35 135 34 78 129 79 3 77 0 27 28 138 26 149 110 4 72 73 21 40 105 53 0 106 82 114 8 125 45 17 86 140 38 43 15 41 145 0 85 61 113 84 5 118 60 83 18 52 146 0 89 147 6 96 104 99 59 93 98 92 97 95 94 0 74 22 133 75 56 23 67 39 139 25 55 130 0 69 101 70 122 30 20 66 51 81 33 102 50 1 132 0 127 88 148 62 126 63 90 32 131 128 108 10 31 0 12 109 54 134 24 29 121 80 150 68 116 76 111 0 48 124 46 47 36 143 49 64 11 107 19 123 7 0 117 37 100 91 16 141 44 119 14 142 42 144 57 115 2 58 0 112 13 87 137 0 
Solução encontrada considerada mediana
GAP de 5.03324
Numero maximo de geracoes sem evolucao: 1839
Solucão valida: Sim
====================================================================================================================


 ===================================================RESULTADOS=========================================================
Melhor fitness final: 1104
Melhor fitness possivel: 1053
Tempo de execução: 62
Melhor solução encontrada: 0 40 21 73 72 74 22 133 75 56 39 139 4 110 0 103 71 65 136 35 135 34 78 129 79 3 77 116 76 28 0 89 5 84 61 86 113 17 45 125 114 18 0 52 106 7 82 48 124 46 8 83 60 118 147 0 23 67 25 55 130 54 134 24 29 121 68 150 80 0 50 102 33 81 120 9 66 128 20 51 27 0 132 69 1 101 70 122 30 108 10 62 148 88 31 127 146 0 131 32 90 63 126 11 107 64 49 143 36 47 19 123 0 53 105 58 137 57 144 87 97 95 117 13 0 112 94 59 92 37 98 85 93 104 99 96 6 0 100 91 16 141 44 119 140 38 14 142 42 43 15 41 145 115 2 0 26 149 109 12 138 111 0 
Solução encontrada considerada boa
GAP de 4.8433
Numero maximo de geracoes sem evolucao: 501
Solucão valida: Sim
====================================================================================================================


 ===================================================RESULTADOS=========================================================
Melhor fitness final: 1099
Melhor fitness possivel: 1053
Tempo de execução: 61
Melhor solução encontrada: 0 122 66 71 65 136 35 135 34 78 129 79 3 77 116 76 0 130 55 25 139 39 67 23 56 75 133 22 74 0 60 118 5 84 113 17 125 45 46 8 114 83 18 0 40 21 73 72 110 4 54 134 24 29 121 68 150 80 0 137 2 115 144 42 142 14 119 44 141 16 61 92 117 13 0 27 28 138 12 109 149 26 105 58 53 0 147 6 96 99 104 93 85 98 37 59 94 0 106 7 123 19 107 11 126 63 90 32 131 128 20 30 70 101 69 0 89 82 48 124 47 36 143 49 64 62 148 146 0 111 50 102 33 81 120 9 103 51 1 132 0 112 95 97 100 91 86 140 38 43 15 41 145 57 87 0 127 31 108 10 88 52 0 
Solução encontrada considerada boa
GAP de 4.36847
Numero maximo de geracoes sem evolucao: 789
Solucão valida: Sim
====================================================================================================================


 ===================================================RESULTADOS=========================================================
Melhor fitness final: 1093
Melhor fitness possivel: 1053
Tempo de execução: 62
Melhor solução encontrada: 0 149 130 54 134 24 29 121 68 80 150 109 12 138 0 89 60 118 5 61 93 59 104 99 96 0 147 6 94 95 97 87 144 57 115 2 137 13 0 58 105 26 76 102 50 111 28 0 120 9 71 65 136 35 135 34 78 129 79 3 77 116 0 127 31 10 108 131 32 90 63 126 62 148 88 52 146 0 84 17 113 86 140 38 43 15 145 41 133 72 21 53 0 27 69 101 70 122 30 20 128 66 103 51 81 33 1 132 0 48 47 124 46 36 143 49 64 11 107 19 123 7 0 40 73 74 22 75 56 23 67 39 139 25 55 4 110 0 92 37 98 100 91 85 16 141 44 119 14 142 42 117 0 112 18 83 125 45 8 114 82 106 0 
Solução encontrada considerada boa
GAP de 3.79867
Numero maximo de geracoes sem evolucao: 897
Solucão valida: Sim
====================================================================================================================


 ===================================================RESULTADOS=========================================================
Melhor fitness final: 1108
Melhor fitness possivel: 1053
Tempo de execução: 61
Melhor solução encontrada: 0 127 31 10 108 131 32 90 63 126 62 148 88 52 146 0 147 6 94 95 97 87 144 57 115 2 137 58 0 48 124 46 47 36 143 49 64 11 107 19 123 7 0 149 4 56 23 75 133 22 74 72 21 105 0 111 50 102 33 81 120 9 103 51 122 69 27 0 112 96 60 83 125 45 8 114 82 106 18 89 0 28 138 12 109 150 80 68 3 79 1 132 0 118 5 84 17 113 16 141 44 119 14 42 0 101 70 30 20 128 66 71 65 136 35 135 34 78 129 77 76 0 99 104 93 85 61 86 140 38 91 98 59 0 26 110 139 39 67 25 55 130 54 134 24 29 121 116 0 13 117 92 37 100 142 43 15 145 41 73 40 53 0 
Solução encontrada considerada mediana
GAP de 5.22317
Numero maximo de geracoes sem evolucao: 901
Solucão valida: Sim
====================================================================================================================


 ===================================================RESULTADOS=========================================================
Melhor fitness final: 1079
Melhor fitness possivel: 1053
Tempo de execução: 62
Melhor solução encontrada: 0 27 69 101 70 30 20 128 131 32 90 108 10 31 127 0 76 116 77 3 79 129 78 34 135 35 136 65 66 122 132 0 83 125 45 46 36 143 49 64 11 107 19 123 7 106 0 1 51 103 71 9 120 81 33 102 50 111 0 28 150 80 68 121 29 24 134 130 54 109 12 138 0 26 55 25 139 39 67 23 41 145 115 2 58 53 0 114 8 82 48 124 47 63 126 62 148 88 52 146 0 40 21 73 72 74 22 133 75 56 4 110 149 105 0 18 60 118 5 84 17 113 16 141 44 119 91 37 92 0 59 98 100 85 93 104 99 96 6 147 89 0 61 86 140 38 14 142 42 43 15 57 144 87 137 0 13 117 97 95 94 112 0 
Solução encontrada considerada boa
GAP de 2.46914
Numero maximo de geracoes sem evolucao: 195
Solucão valida: Sim
====================================================================================================================


 ===================================================RESULTADOS=========================================================
Melhor fitness final: 1125
Melhor fitness possivel: 1053
Tempo de execução: 63
Melhor solução encontrada: 0 7 123 19 107 126 63 90 32 131 128 20 30 122 101 69 132 0 103 66 71 65 136 35 135 34 78 129 79 121 29 24 134 0 53 58 105 26 149 109 150 80 68 12 138 0 95 92 91 141 86 16 84 46 124 48 106 52 146 0 13 117 97 37 100 119 44 140 38 14 142 42 144 57 115 2 137 0 127 88 148 62 11 64 49 143 36 47 82 18 89 0 118 60 83 114 8 125 45 17 113 61 5 0 40 21 73 72 74 22 133 75 56 39 139 4 110 0 76 116 77 3 33 81 120 9 51 102 50 0 54 130 55 25 67 23 41 145 15 43 87 112 0 94 59 98 85 93 99 104 96 6 147 0 27 31 10 108 70 1 111 28 0 
Solução encontrada considerada mediana
GAP de 6.83761
Numero maximo de geracoes sem evolucao: 815
Solucão valida: Sim
====================================================================================================================


 ===================================================RESULTADOS=========================================================
Melhor fitness final: 1121
Melhor fitness possivel: 1053
Tempo de execução: 62
Melhor solução encontrada: 0 2 115 144 57 145 41 23 67 25 55 130 54 134 24 28 0 21 73 72 74 22 133 75 56 39 139 4 110 0 102 51 103 9 120 81 33 3 77 116 76 0 138 12 109 80 150 68 121 29 34 78 129 79 50 111 0 106 7 48 123 19 107 11 126 63 90 32 131 70 101 132 0 82 46 124 47 36 143 49 64 66 71 65 136 35 135 0 146 127 31 88 148 62 10 108 128 20 30 122 1 69 0 13 117 95 97 42 142 14 119 44 140 38 43 15 87 137 0 94 59 92 37 100 16 61 85 93 99 104 0 89 118 60 83 125 45 8 114 18 52 27 0 112 6 96 98 91 141 86 113 17 84 5 147 0 58 40 149 26 105 53 0 
Solução encontrada considerada mediana
GAP de 6.45774
Numero maximo de geracoes sem evolucao: 1067
Solucão valida: Sim
====================================================================================================================

