
 ===================================================RESULTADOS=========================================================
Melhor fitness final: 1104
Melhor fitness possivel: 1053
Tempo de execução: 50
Melhor solução encontrada: 0 89 60 118 5 84 45 125 8 114 83 18 0 112 117 95 97 87 144 57 115 2 137 58 105 53 0 79 129 78 34 135 35 136 65 71 9 120 81 33 0 111 1 50 102 3 77 116 76 12 138 28 0 94 59 92 37 98 100 91 85 93 99 104 96 6 0 27 69 101 70 30 20 128 131 32 90 63 126 11 107 19 123 0 109 80 150 68 121 29 24 134 25 55 130 54 149 26 0 127 88 148 62 64 49 143 36 47 124 48 7 146 0 73 133 22 41 145 15 43 38 140 44 119 14 142 42 13 0 110 4 139 39 67 23 56 75 74 72 21 40 0 52 106 82 46 17 113 86 141 16 61 147 0 31 10 108 66 103 51 122 132 0 
Solução encontrada considerada boa
GAP de 4.8433
Numero maximo de geracoes sem evolucao: 292
Solucão valida: Sim
====================================================================================================================


 ===================================================RESULTADOS=========================================================
Melhor fitness final: 1088
Melhor fitness possivel: 1053
Tempo de execução: 50
Melhor solução encontrada: 0 26 149 110 4 55 25 139 39 67 23 41 145 115 2 0 111 50 102 33 81 120 9 51 1 69 27 0 58 73 74 22 133 75 56 72 21 40 105 53 0 112 94 95 92 59 104 99 96 6 147 89 0 138 12 109 80 150 68 129 79 3 77 116 76 28 0 93 85 61 16 141 44 119 91 100 98 37 97 117 0 31 10 108 90 63 126 11 107 19 123 148 88 127 146 0 52 106 7 82 48 124 46 47 36 143 49 64 62 0 18 83 114 8 125 45 17 113 84 5 118 60 0 137 144 57 15 43 38 140 86 14 142 42 87 13 0 54 130 134 24 29 121 78 34 135 35 136 65 71 103 122 0 132 30 20 66 128 131 32 70 101 0 
Solução encontrada considerada boa
GAP de 3.32384
Numero maximo de geracoes sem evolucao: 660
Solucão valida: Sim
====================================================================================================================


 ===================================================RESULTADOS=========================================================
Melhor fitness final: 1123
Melhor fitness possivel: 1053
Tempo de execução: 53
Melhor solução encontrada: 0 92 100 142 42 15 43 38 140 86 61 84 5 118 60 0 26 149 110 4 139 67 23 133 22 41 145 40 0 147 6 96 99 104 93 85 91 98 37 59 94 0 21 73 72 74 75 56 39 25 55 130 54 134 24 29 121 0 53 105 58 137 2 115 57 144 87 97 95 13 0 48 124 46 47 36 143 49 64 11 107 19 123 7 0 117 14 119 44 141 16 113 17 45 125 8 114 0 88 148 62 10 108 126 63 90 32 131 128 20 30 122 70 0 50 102 33 81 79 3 77 116 68 150 80 0 51 120 9 103 66 71 65 136 35 135 34 78 129 76 0 27 127 31 101 1 69 132 111 12 109 138 28 0 112 89 18 83 82 106 52 146 0 
Solução encontrada considerada mediana
GAP de 6.64767
Numero maximo de geracoes sem evolucao: 260
Solucão valida: Sim
====================================================================================================================


 ===================================================RESULTADOS=========================================================
Melhor fitness final: 1101
Melhor fitness possivel: 1053
Tempo de execução: 51
Melhor solução encontrada: 0 18 60 118 83 125 45 8 114 82 106 52 146 0 116 77 3 79 129 78 34 120 9 66 128 20 122 1 0 132 69 101 70 30 51 103 71 65 136 35 135 81 33 0 13 117 92 37 42 142 43 15 145 41 23 67 25 55 130 54 0 112 89 147 6 94 95 97 87 144 57 115 2 0 59 93 85 91 44 141 16 61 99 104 96 0 40 21 73 72 74 22 133 75 56 39 139 4 110 0 28 111 50 102 76 12 149 26 105 53 0 31 10 108 131 32 90 63 126 62 148 88 127 27 0 5 84 17 113 86 140 38 14 119 100 98 137 58 0 48 124 46 47 36 143 49 64 11 107 19 123 7 0 109 134 24 29 121 68 150 80 138 0 
Solução encontrada considerada boa
GAP de 4.5584
Numero maximo de geracoes sem evolucao: 332
Solucão valida: Sim
====================================================================================================================


 ===================================================RESULTADOS=========================================================
Melhor fitness final: 1116
Melhor fitness possivel: 1053
Tempo de execução: 50
Melhor solução encontrada: 0 150 80 68 121 29 24 134 54 130 55 25 67 23 0 110 4 139 39 56 75 72 74 133 22 41 145 115 2 0 83 114 8 124 46 45 125 17 113 84 5 118 60 0 111 33 81 120 9 51 122 30 70 101 31 69 132 0 18 47 36 143 49 64 108 10 62 148 88 127 146 0 13 117 42 142 14 119 44 141 86 140 38 43 15 57 0 58 137 144 87 97 95 94 6 147 89 112 0 96 99 104 93 85 61 16 91 100 98 37 92 59 0 131 32 90 63 126 11 107 19 123 48 82 7 106 52 0 1 20 128 66 103 71 65 136 35 135 34 78 129 79 76 0 27 50 102 3 77 116 12 109 149 26 138 28 0 105 21 73 40 53 0 
Solução encontrada considerada mediana
GAP de 5.98291
Numero maximo de geracoes sem evolucao: 757
Solucão valida: Sim
====================================================================================================================


 ===================================================RESULTADOS=========================================================
Melhor fitness final: 1104
Melhor fitness possivel: 1053
Tempo de execução: 48
Melhor solução encontrada: 0 111 76 116 77 3 79 129 78 34 120 9 1 27 0 127 31 10 108 11 107 64 49 143 36 19 123 0 83 114 8 125 45 17 113 86 84 118 60 0 147 6 96 104 99 93 85 98 37 92 59 94 0 137 2 115 57 144 42 142 14 119 44 141 16 61 5 0 21 73 72 75 56 23 67 39 139 25 55 4 110 0 53 74 133 22 41 145 15 43 38 140 91 100 87 97 95 117 0 28 12 150 80 68 121 29 24 134 130 54 109 138 0 50 102 33 81 135 35 136 65 71 66 103 51 0 88 148 62 126 63 90 32 131 128 20 30 122 70 101 69 132 0 89 18 82 46 124 47 48 7 106 52 146 0 105 26 149 40 58 13 112 0 
Solução encontrada considerada boa
GAP de 4.8433
Numero maximo de geracoes sem evolucao: 471
Solucão valida: Sim
====================================================================================================================


 ===================================================RESULTADOS=========================================================
Melhor fitness final: 1114
Melhor fitness possivel: 1053
Tempo de execução: 50
Melhor solução encontrada: 0 42 142 14 38 140 86 113 17 84 5 118 60 0 53 105 58 2 115 145 41 15 43 57 144 87 137 13 0 50 33 81 9 135 35 34 78 129 79 3 77 116 76 0 88 148 10 108 126 63 90 32 131 128 20 30 70 101 0 112 94 95 97 92 59 104 99 96 6 147 89 0 40 21 73 72 74 22 133 75 56 39 139 4 110 0 93 85 61 16 141 44 119 91 100 98 37 117 0 26 149 109 12 138 28 111 132 69 31 127 0 23 67 25 55 130 54 134 24 29 121 68 150 80 0 27 62 107 11 64 49 143 36 47 48 82 0 146 52 106 7 123 19 124 46 45 125 8 114 83 18 0 102 120 71 136 65 66 103 51 122 1 0 
Solução encontrada considerada mediana
GAP de 5.79297
Numero maximo de geracoes sem evolucao: 526
Solucão valida: Sim
====================================================================================================================


 ===================================================RESULTADOS=========================================================
Melhor fitness final: 1136
Melhor fitness possivel: 1053
Tempo de execução: 45
Melhor solução encontrada: 0 28 138 12 150 80 109 149 26 105 58 137 13 0 27 132 69 101 70 122 30 20 128 108 62 148 88 127 0 112 94 95 97 92 59 104 99 96 6 147 89 0 93 85 61 16 141 44 119 91 100 37 98 0 48 124 46 47 36 143 49 64 11 107 19 123 7 0 60 118 5 84 113 17 45 125 8 114 83 18 0 53 110 4 139 39 56 75 133 22 74 72 73 40 0 10 126 63 90 32 131 66 103 9 120 81 33 0 51 71 65 136 35 135 34 78 129 79 3 77 116 76 111 0 2 115 145 41 15 43 38 140 86 14 142 42 57 144 87 117 0 21 23 67 25 55 130 54 134 24 29 121 68 0 50 102 1 31 106 82 52 146 0 
Solução encontrada considerada mediana
GAP de 7.88224
Numero maximo de geracoes sem evolucao: 1326
Solucão valida: Sim
====================================================================================================================


 ===================================================RESULTADOS=========================================================
Melhor fitness final: 1106
Melhor fitness possivel: 1053
Tempo de execução: 46
Melhor solução encontrada: 0 76 116 80 150 68 77 3 79 129 78 34 102 50 0 89 84 17 113 86 140 38 14 142 42 43 15 145 41 22 73 0 138 12 109 121 29 24 134 54 130 55 25 39 139 4 0 51 103 66 71 65 136 35 135 9 120 81 33 0 31 10 108 30 122 70 101 69 132 27 0 48 124 46 47 36 143 49 64 11 107 19 123 7 0 60 118 5 61 16 141 44 119 91 100 37 92 0 94 59 98 85 93 104 99 96 6 147 0 26 149 110 56 67 23 75 133 74 72 21 0 28 111 1 20 128 131 32 90 63 126 62 148 88 127 146 0 13 117 95 97 87 144 57 115 2 137 58 40 105 53 0 112 18 83 125 45 8 114 82 106 52 0 
Solução encontrada considerada mediana
GAP de 5.03324
Numero maximo de geracoes sem evolucao: 854
Solucão valida: Sim
====================================================================================================================


 ===================================================RESULTADOS=========================================================
Melhor fitness final: 1120
Melhor fitness possivel: 1053
Tempo de execução: 49
Melhor solução encontrada: 0 50 102 51 103 71 135 9 120 81 33 76 0 26 149 110 4 55 25 67 41 145 15 43 38 140 86 91 98 92 117 0 138 12 109 54 130 134 24 29 121 68 150 80 28 0 73 74 22 133 75 23 39 139 56 72 21 0 111 1 128 131 32 90 63 126 108 10 31 69 132 27 0 96 99 104 59 93 5 118 60 83 8 114 0 18 82 48 47 36 143 49 64 123 7 106 52 146 0 127 88 148 62 11 107 19 124 46 45 125 17 113 84 0 116 77 3 79 129 78 34 35 136 65 66 20 30 122 70 101 0 13 137 2 115 57 144 87 97 95 94 6 147 89 0 42 142 14 119 44 141 16 61 85 100 37 0 112 58 40 105 53 0 
Solução encontrada considerada mediana
GAP de 6.36277
Numero maximo de geracoes sem evolucao: 1430
Solucão valida: Sim
====================================================================================================================
====================================================================================================================
====================================================================================================================


 ===================================================RESULTADOS=========================================================
Melhor fitness final: 1118
Melhor fitness possivel: 1053
Tempo de execução: 47
Melhor solução encontrada: 0 18 60 118 5 84 113 16 141 44 119 91 98 0 31 10 108 131 32 90 63 126 62 148 88 127 146 0 111 76 116 77 68 80 150 109 12 138 28 0 112 89 147 6 94 95 97 87 144 57 115 2 0 105 110 4 139 39 56 75 133 22 74 73 21 40 0 13 117 92 37 100 85 93 59 104 99 96 0 102 33 81 120 9 51 122 30 70 101 69 132 27 0 53 58 137 42 142 14 140 38 43 15 145 41 72 149 26 0 61 86 17 125 45 46 124 48 82 8 114 83 0 1 20 128 66 103 71 65 136 35 135 34 78 129 79 50 0 106 47 36 143 49 64 11 107 19 123 7 52 0 23 67 25 55 130 54 134 24 29 121 3 0 
Solução encontrada considerada mediana
GAP de 6.17284
Numero maximo de geracoes sem evolucao: 407
Solucão valida: Sim
====================================================================================================================


 ===================================================RESULTADOS=========================================================
Melhor fitness final: 1118
Melhor fitness possivel: 1053
Tempo de execução: 46
Melhor solução encontrada: 0 109 54 130 55 25 134 24 29 121 68 150 80 12 138 0 26 149 110 75 133 22 74 21 105 53 0 147 118 60 83 8 124 47 48 7 106 52 0 1 103 71 65 136 35 135 34 78 129 79 3 77 116 76 0 132 69 101 70 30 122 51 9 120 81 33 102 50 0 13 117 92 91 16 141 44 119 14 142 42 144 57 115 2 137 0 28 111 20 66 128 131 32 90 63 126 108 10 88 127 0 31 148 62 123 19 107 11 64 49 143 36 46 82 0 5 84 113 61 85 100 37 98 93 99 104 6 0 27 146 89 96 59 97 87 95 94 112 0 18 114 125 45 17 86 140 38 43 15 41 145 58 0 4 139 39 67 23 56 72 73 40 0 
Solução encontrada considerada mediana
GAP de 6.17284
Numero maximo de geracoes sem evolucao: 826
Solucão valida: Sim
====================================================================================================================


 ===================================================RESULTADOS=========================================================
Melhor fitness final: 1124
Melhor fitness possivel: 1053
Tempo de execução: 50
Melhor solução encontrada: 0 76 116 80 150 68 77 3 79 129 78 34 102 50 0 146 88 148 62 10 108 126 63 90 32 131 128 20 30 122 70 0 72 74 75 56 39 139 25 55 130 54 134 24 29 121 0 27 127 31 101 1 69 132 111 12 109 138 28 0 48 47 124 46 36 143 49 64 11 107 19 123 7 0 60 118 5 84 61 86 140 38 43 15 42 142 100 92 0 51 103 66 71 65 136 35 135 9 120 81 33 0 147 6 96 99 104 93 85 98 59 94 0 26 149 110 4 67 23 133 22 41 145 73 21 40 0 89 83 125 45 17 113 16 141 44 119 14 91 37 0 13 117 95 97 87 144 57 115 2 137 58 105 53 0 112 18 114 8 82 106 52 0 
Solução encontrada considerada mediana
GAP de 6.74264
Numero maximo de geracoes sem evolucao: 231
Solucão valida: Sim
====================================================================================================================


 ===================================================RESULTADOS=========================================================
Melhor fitness final: 1105
Melhor fitness possivel: 1053
Tempo de execução: 51
Melhor solução encontrada: 0 31 10 108 128 131 32 90 63 126 62 148 88 127 0 109 54 130 134 24 29 121 68 80 150 12 138 28 0 83 114 8 125 45 17 113 86 140 38 14 98 0 60 118 5 84 46 124 47 48 82 18 52 0 13 137 2 115 145 41 15 43 142 42 57 144 87 97 117 94 0 95 92 37 100 91 119 44 141 16 61 85 93 0 27 132 69 1 101 70 11 107 64 49 143 36 19 123 7 106 146 0 105 26 21 72 75 133 22 74 73 40 58 53 0 76 116 77 3 79 129 78 34 81 33 102 50 111 0 122 30 20 66 71 65 136 35 135 120 9 103 51 0 149 110 4 55 25 139 39 67 23 56 0 112 59 104 99 96 6 147 89 0 
Solução encontrada considerada boa
GAP de 4.93827
Numero maximo de geracoes sem evolucao: 310
Solucão valida: Sim
====================================================================================================================


 ===================================================RESULTADOS=========================================================
Melhor fitness final: 1109
Melhor fitness possivel: 1053
Tempo de execução: 46
Melhor solução encontrada: 0 13 117 42 142 14 119 44 141 86 140 38 43 15 137 0 23 67 25 55 130 54 134 24 29 121 68 150 80 0 28 111 50 102 33 77 116 76 12 109 149 26 0 81 120 9 103 51 122 30 70 101 31 69 132 27 0 59 92 37 98 100 91 16 61 85 93 99 104 96 6 0 131 32 90 63 126 11 107 19 123 48 82 106 18 0 40 21 73 72 74 22 133 75 56 39 139 4 110 0 146 52 7 47 36 143 49 64 108 10 62 148 88 127 0 1 20 128 66 71 65 136 35 135 34 78 129 79 3 138 0 83 114 8 124 46 45 125 17 113 84 5 118 60 0 89 147 94 95 97 87 144 57 41 145 115 2 58 0 105 53 112 0 
Solução encontrada considerada mediana
GAP de 5.31814
Numero maximo de geracoes sem evolucao: 1048
Solucão valida: Sim
====================================================================================================================


 ===================================================RESULTADOS=========================================================
Melhor fitness final: 1087
Melhor fitness possivel: 1053
Tempo de execução: 47
Melhor solução encontrada: 0 111 50 102 33 81 79 129 121 29 24 134 138 0 127 88 11 64 49 143 36 46 124 47 48 82 18 0 40 73 72 74 75 56 23 133 22 41 145 115 2 137 0 89 61 16 141 86 140 38 100 92 95 112 0 83 114 8 125 45 17 113 84 5 118 60 0 27 69 101 70 122 30 20 128 131 32 90 63 126 108 10 148 0 132 1 51 120 9 103 66 71 65 136 35 135 34 78 0 94 59 98 85 93 99 104 96 6 147 0 13 117 97 37 91 44 119 14 142 42 43 15 57 144 87 58 0 53 21 110 4 139 39 67 25 55 130 54 149 0 105 26 12 109 150 80 68 3 77 116 76 28 0 31 62 107 19 123 7 106 52 146 0 
Solução encontrada considerada boa
GAP de 3.22887
Numero maximo de geracoes sem evolucao: 297
Solucão valida: Sim
====================================================================================================================


 ===================================================RESULTADOS=========================================================
Melhor fitness final: 1112
Melhor fitness possivel: 1053
Tempo de execução: 49
Melhor solução encontrada: 0 80 150 68 121 29 24 134 54 130 55 25 67 23 0 52 106 7 48 47 36 143 49 64 11 62 88 146 0 127 148 10 108 126 63 90 32 131 128 20 30 122 70 69 132 0 27 31 101 1 111 138 12 109 149 26 0 112 94 95 97 92 59 99 104 96 6 147 89 0 50 51 120 9 103 66 71 65 136 35 135 34 78 129 0 110 4 139 39 56 75 133 22 74 72 73 21 0 93 85 61 16 141 44 119 91 98 37 117 13 0 58 137 87 144 57 42 142 43 15 41 145 115 2 40 105 53 0 100 14 38 140 86 113 17 84 5 118 60 0 18 82 123 107 19 124 46 45 125 8 114 83 0 102 33 81 79 3 77 116 76 28 0 
Solução encontrada considerada mediana
GAP de 5.60304
Numero maximo de geracoes sem evolucao: 406
Solucão valida: Sim
====================================================================================================================


 ===================================================RESULTADOS=========================================================
Melhor fitness final: 1108
Melhor fitness possivel: 1053
Tempo de execução: 52
Melhor solução encontrada: 0 98 100 119 14 38 140 86 61 85 93 0 97 37 91 44 141 16 113 17 84 5 118 60 0 112 94 95 92 59 99 104 96 6 147 89 0 13 137 87 144 57 115 2 58 53 105 138 28 0 111 76 50 102 33 81 51 103 66 128 20 101 69 0 110 4 139 39 56 75 133 22 74 72 73 21 40 0 121 29 24 134 54 130 55 25 67 23 41 145 15 43 142 42 117 0 18 83 114 8 125 45 46 124 47 48 82 52 0 70 131 32 90 63 126 11 107 64 49 143 36 19 123 7 106 0 120 9 71 65 136 35 135 34 78 129 79 3 77 116 0 27 132 1 122 30 108 10 62 148 88 31 127 146 0 26 149 109 80 150 68 12 0 
Solução encontrada considerada mediana
GAP de 5.22317
Numero maximo de geracoes sem evolucao: 493
Solucão valida: Sim
====================================================================================================================


 ===================================================RESULTADOS=========================================================
Melhor fitness final: 1097
Melhor fitness possivel: 1053
Tempo de execução: 51
Melhor solução encontrada: 0 18 82 48 47 124 46 36 143 49 64 19 123 52 0 109 130 55 25 139 56 75 133 22 74 72 73 21 40 105 0 1 30 20 128 131 32 90 63 126 11 107 7 106 0 13 87 144 57 15 43 38 140 86 16 61 89 0 50 102 33 81 120 78 129 79 3 77 116 76 0 28 111 132 31 10 108 62 148 88 127 146 0 147 6 96 99 104 93 85 98 92 59 94 0 138 12 80 150 68 121 29 24 134 54 149 26 53 0 34 135 35 136 65 71 66 103 9 51 122 70 101 69 27 0 118 60 83 114 8 125 45 17 113 84 5 0 112 95 117 97 37 100 91 141 44 119 14 142 42 137 0 58 2 115 145 41 23 67 39 4 110 0 
Solução encontrada considerada boa
GAP de 4.17854
Numero maximo de geracoes sem evolucao: 299
Solucão valida: Sim
====================================================================================================================


 ===================================================RESULTADOS=========================================================
Melhor fitness final: 1126
Melhor fitness possivel: 1053
Tempo de execução: 53
Melhor solução encontrada: 0 28 80 150 68 121 29 24 134 130 54 109 12 138 0 132 69 101 70 30 9 120 81 33 102 50 111 0 26 149 55 25 67 23 145 15 43 87 137 58 53 0 18 83 114 8 125 45 17 113 84 5 118 60 0 21 73 72 74 22 41 133 75 56 39 139 4 110 0 96 104 99 93 85 91 141 86 16 61 0 112 13 117 97 92 59 95 94 6 147 89 0 105 40 2 115 57 144 42 142 14 38 140 44 119 100 37 98 0 48 124 47 123 19 107 11 126 63 90 32 131 0 76 116 77 3 79 129 78 34 135 35 136 65 71 103 51 0 82 46 36 143 49 64 62 10 108 128 66 20 122 1 0 27 127 31 88 148 7 106 52 146 0 
Solução encontrada considerada mediana
GAP de 6.93257
Numero maximo de geracoes sem evolucao: 1290
Solucão valida: Sim
====================================================================================================================
====================================================================================================================
====================================================================================================================


 ===================================================RESULTADOS=========================================================
Melhor fitness final: 1123
Melhor fitness possivel: 1053
Tempo de execução: 45
Melhor solução encontrada: 0 79 129 78 34 135 35 136 65 71 9 120 81 33 0 52 7 123 19 107 11 126 63 90 32 131 128 20 30 70 101 69 0 13 117 92 37 100 91 85 93 104 99 96 6 147 0 94 95 97 87 144 57 115 2 137 58 105 53 0 89 18 106 82 46 86 141 16 61 98 59 0 28 111 50 102 3 77 116 76 12 26 0 48 124 47 36 143 49 64 62 148 88 127 0 138 109 150 80 68 121 29 24 134 25 55 130 54 149 0 118 60 83 114 8 125 45 17 113 84 5 0 72 74 22 41 145 15 43 38 140 44 119 14 142 42 112 0 40 21 73 133 75 56 23 67 39 139 4 110 0 27 132 1 122 51 103 66 108 10 31 146 0 
Solução encontrada considerada mediana
GAP de 6.64767
Numero maximo de geracoes sem evolucao: 807
Solucão valida: Sim
====================================================================================================================


 ===================================================RESULTADOS=========================================================
Melhor fitness final: 1111
Melhor fitness possivel: 1053
Tempo de execução: 45
Melhor solução encontrada: 0 132 69 101 70 30 122 51 9 120 81 33 102 50 0 13 137 2 115 57 144 42 142 14 119 44 141 84 5 0 118 60 83 46 124 47 48 82 106 52 0 28 76 116 77 3 79 129 78 34 135 35 136 65 71 103 0 31 10 108 126 63 90 32 131 128 66 20 1 111 0 18 7 123 19 36 143 49 64 11 107 62 148 88 127 0 96 99 104 93 85 61 16 91 100 37 98 92 59 0 109 54 130 55 25 134 24 29 121 68 150 80 12 138 0 26 149 110 56 75 133 22 74 72 21 40 53 0 112 117 87 97 95 94 6 147 89 146 27 0 114 8 125 45 17 113 86 140 38 43 15 41 145 0 58 73 23 67 39 139 4 105 0 
Solução encontrada considerada mediana
GAP de 5.50807
Numero maximo de geracoes sem evolucao: 316
Solucão valida: Sim
====================================================================================================================


 ===================================================RESULTADOS=========================================================
Melhor fitness final: 1124
Melhor fitness possivel: 1053
Tempo de execução: 47
Melhor solução encontrada: 0 53 105 58 2 115 57 15 43 142 42 144 87 137 13 0 149 110 4 139 39 67 56 75 74 72 73 21 40 0 150 80 68 3 79 129 78 34 135 35 136 65 66 122 0 1 70 30 20 128 131 32 90 63 126 108 10 62 148 88 0 26 109 12 138 28 111 132 69 101 31 127 27 0 48 47 124 46 36 143 49 64 11 107 19 123 7 0 145 41 22 133 23 25 55 130 54 134 24 29 121 116 0 76 77 33 81 120 9 71 103 51 102 50 0 18 83 125 45 17 113 16 141 44 14 37 97 117 0 94 59 98 85 93 104 99 96 6 147 0 95 92 100 91 119 38 140 86 61 84 5 118 60 0 146 52 106 82 8 114 89 112 0 
Solução encontrada considerada mediana
GAP de 6.74264
Numero maximo de geracoes sem evolucao: 559
Solucão valida: Sim
====================================================================================================================


 ===================================================RESULTADOS=========================================================
Melhor fitness final: 1118
Melhor fitness possivel: 1053
Tempo de execução: 45
Melhor solução encontrada: 0 3 79 129 78 34 135 9 120 81 33 102 50 0 132 1 122 51 103 71 35 136 65 66 20 30 70 101 69 27 0 111 76 77 116 55 25 67 23 41 145 15 43 142 42 100 37 0 85 141 86 140 38 14 119 44 91 98 0 31 10 108 128 131 32 90 63 126 62 148 88 127 0 28 80 150 68 121 29 24 134 130 54 109 12 138 0 110 4 139 39 56 75 133 22 74 72 73 21 40 0 89 60 118 5 84 114 8 46 124 48 82 18 0 47 36 143 49 64 11 107 19 123 7 106 52 146 0 112 94 95 117 97 92 59 104 99 96 6 147 0 13 137 87 144 57 115 2 58 149 26 105 53 0 93 61 16 113 17 45 125 83 0 
Solução encontrada considerada mediana
GAP de 6.17284
Numero maximo de geracoes sem evolucao: 1214
Solucão valida: Sim
====================================================================================================================


 ===================================================RESULTADOS=========================================================
Melhor fitness final: 1103
Melhor fitness possivel: 1053
Tempo de execução: 46
Melhor solução encontrada: 0 27 132 69 101 70 30 122 51 9 120 81 33 138 28 0 147 6 94 95 97 87 144 2 115 145 41 73 40 53 0 150 80 68 121 29 24 134 54 130 55 25 72 21 58 0 1 20 128 66 103 71 65 136 35 135 34 78 129 79 76 0 123 19 107 11 64 49 143 36 47 48 82 0 59 93 85 98 37 100 42 142 43 15 57 137 13 0 74 22 133 75 56 23 67 39 139 4 110 0 96 104 99 61 16 86 140 38 14 119 44 141 91 92 117 0 106 7 88 148 62 126 63 90 32 131 108 10 31 127 0 111 50 102 3 77 116 12 109 149 26 105 0 83 114 8 124 46 45 125 17 113 84 5 118 60 0 146 52 18 89 112 0 
Solução encontrada considerada boa
GAP de 4.74834
Numero maximo de geracoes sem evolucao: 638
Solucão valida: Sim
====================================================================================================================


 ===================================================RESULTADOS=========================================================
Melhor fitness final: 1100
Melhor fitness possivel: 1053
Tempo de execução: 46
Melhor solução encontrada: 0 18 83 114 8 125 45 17 113 86 61 59 0 123 19 36 143 49 64 107 11 108 10 31 127 0 12 150 80 68 121 29 24 134 130 54 109 138 28 0 137 2 115 57 144 42 142 14 119 44 141 16 91 100 37 117 0 13 95 97 87 140 38 43 15 145 41 22 133 74 73 0 21 72 75 56 23 67 39 139 25 55 4 110 0 27 69 101 70 122 30 20 128 131 32 90 63 126 62 148 88 146 0 89 147 6 96 99 104 93 85 98 92 94 0 76 116 77 3 79 129 78 34 120 81 33 50 111 0 60 118 5 84 46 124 47 48 82 7 106 52 0 102 9 135 35 136 65 71 66 103 51 1 132 0 53 105 26 149 40 58 112 0 
Solução encontrada considerada boa
GAP de 4.46344
Numero maximo de geracoes sem evolucao: 391
Solucão valida: Sim
====================================================================================================================


 ===================================================RESULTADOS=========================================================
Melhor fitness final: 1109
Melhor fitness possivel: 1053
Tempo de execução: 48
Melhor solução encontrada: 0 110 4 139 39 56 75 133 22 74 72 73 21 40 0 50 81 120 135 35 34 78 129 79 3 77 116 76 0 88 148 10 108 126 63 90 32 131 128 20 30 122 70 101 0 112 94 95 97 92 59 104 99 96 6 147 89 0 93 85 61 16 141 44 119 91 100 98 37 117 0 105 26 149 109 12 138 28 132 69 31 27 0 13 137 87 144 57 43 15 41 145 115 2 58 53 0 60 118 5 84 17 113 86 140 38 14 142 42 0 23 67 25 55 130 54 134 24 29 121 68 150 80 0 18 82 47 36 143 49 64 11 107 19 7 106 52 146 0 83 114 8 125 45 46 124 48 123 62 127 0 111 102 33 9 71 136 65 66 103 51 1 0 
Solução encontrada considerada mediana
GAP de 5.31814
Numero maximo de geracoes sem evolucao: 587
Solucão valida: Sim
====================================================================================================================


 ===================================================RESULTADOS=========================================================
Melhor fitness final: 1136
Melhor fitness possivel: 1053
Tempo de execução: 46
Melhor solução encontrada: 0 117 37 98 100 91 119 44 141 16 61 85 93 6 0 27 132 69 70 131 32 90 63 126 108 10 62 148 88 127 0 33 81 120 9 103 66 128 20 30 122 0 48 47 36 143 49 64 11 107 19 123 7 146 0 89 147 96 99 104 59 92 97 95 94 112 0 28 138 12 80 150 109 149 26 40 58 137 13 53 0 60 118 5 84 113 17 45 125 8 114 83 18 0 110 139 39 67 23 56 75 133 22 74 73 21 0 76 116 77 3 79 129 78 34 135 35 136 65 71 51 1 0 87 144 57 42 142 14 86 140 38 43 15 41 145 115 2 0 105 72 4 25 55 130 54 134 24 29 121 68 0 111 50 102 101 31 124 46 82 106 52 0 
Solução encontrada considerada mediana
GAP de 7.88224
Numero maximo de geracoes sem evolucao: 506
Solucão valida: Sim
====================================================================================================================


 ===================================================RESULTADOS=========================================================
Melhor fitness final: 1133
Melhor fitness possivel: 1053
Tempo de execução: 47
Melhor solução encontrada: 0 147 6 96 104 99 93 85 98 37 92 59 94 0 18 106 7 11 63 126 108 90 32 131 128 66 20 30 70 0 50 102 33 81 120 129 79 3 77 116 76 0 27 1 101 122 51 9 103 71 65 136 35 135 34 78 121 29 24 109 0 28 111 132 69 31 10 62 148 88 127 52 146 0 112 40 21 72 74 22 133 75 56 139 25 55 130 0 26 149 54 134 80 150 68 12 138 0 118 5 61 113 17 45 125 8 114 83 0 58 137 87 42 142 14 119 44 91 100 97 95 117 13 0 123 19 107 64 49 143 36 47 46 124 48 82 0 89 60 84 16 141 86 140 38 43 15 41 145 57 144 115 2 0 53 73 23 67 39 4 110 105 0 
Solução encontrada considerada mediana
GAP de 7.59734
Numero maximo de geracoes sem evolucao: 572
Solucão valida: Sim
====================================================================================================================


 ===================================================RESULTADOS=========================================================
Melhor fitness final: 1143
Melhor fitness possivel: 1053
Tempo de execução: 48
Melhor solução encontrada: 0 12 80 150 68 121 29 24 134 130 54 109 138 28 0 1 103 71 136 35 135 9 120 81 33 102 50 0 127 31 88 123 19 107 64 49 143 36 47 7 146 0 114 8 83 60 118 5 93 59 104 99 96 0 21 73 72 74 22 133 23 67 39 139 110 0 2 115 57 144 87 97 95 94 6 147 89 0 111 76 116 77 3 79 129 78 34 51 20 30 122 70 101 69 132 0 137 42 142 14 119 44 141 16 61 85 98 37 117 0 18 84 113 17 125 45 46 124 48 82 106 52 27 0 10 108 128 65 66 131 32 90 63 126 11 62 148 0 92 100 91 86 140 38 43 15 145 41 75 56 25 55 4 149 26 0 112 13 58 40 105 53 0 
Solução encontrada considerada ruim
GAP de 8.54701
Numero maximo de geracoes sem evolucao: 433
Solucão valida: Sim
====================================================================================================================

