
 ===================================================RESULTADOS=========================================================
Melhor fitness final: 1086
Melhor fitness possivel: 1053
Tempo de execução: 300
Melhor solução encontrada: 0 116 3 79 129 78 34 135 35 136 65 71 66 20 122 1 0 111 50 102 51 103 9 120 81 33 77 76 0 82 48 124 47 49 143 36 46 8 114 83 60 89 0 23 67 25 55 130 54 134 24 29 121 68 80 150 0 94 59 92 98 37 100 91 85 93 104 99 96 6 0 61 16 141 86 140 38 44 119 14 142 42 97 117 0 30 128 131 32 90 126 63 64 11 107 19 123 7 106 18 0 13 95 87 144 57 43 15 41 145 115 2 137 58 53 0 118 125 45 17 113 84 5 147 112 0 40 21 73 72 74 22 133 75 56 39 139 4 110 0 27 132 69 101 70 108 10 62 148 88 31 127 52 146 0 28 138 12 109 149 26 105 0 
Solução encontrada considerada boa
GAP de 3.1339
Numero maximo de geracoes sem evolucao: 332
Solucão valida: Sim
====================================================================================================================


 ===================================================RESULTADOS=========================================================
Melhor fitness final: 1109
Melhor fitness possivel: 1053
Tempo de execução: 263
Melhor solução encontrada: 0 28 138 12 109 55 25 67 23 41 145 15 43 142 42 137 58 0 2 115 57 144 87 97 59 104 99 96 95 117 13 0 93 85 61 86 140 38 14 119 100 37 92 0 77 3 79 129 78 34 35 136 65 66 20 30 70 101 69 132 0 149 130 54 134 24 29 121 150 80 68 116 76 111 0 110 4 139 39 56 75 133 22 74 72 73 21 40 0 50 102 33 81 120 9 135 71 103 51 122 1 0 89 60 118 5 84 17 113 16 141 44 91 98 0 31 10 108 128 131 32 90 63 126 62 148 88 0 82 48 47 124 46 45 125 8 114 83 18 0 27 127 107 11 64 49 143 36 19 123 7 106 52 146 0 112 147 6 94 53 105 26 0 
Solução encontrada considerada mediana
GAP de 5.31814
Numero maximo de geracoes sem evolucao: 476
Solucão valida: Sim
====================================================================================================================


 ===================================================RESULTADOS=========================================================
Melhor fitness final: 1106
Melhor fitness possivel: 1053
Tempo de execução: 293
Melhor solução encontrada: 0 54 130 55 25 139 39 56 75 133 22 74 72 21 0 31 88 148 62 123 19 107 11 64 49 143 36 46 0 58 2 115 57 15 43 38 140 44 119 14 142 42 144 87 137 0 112 89 60 84 113 17 45 125 8 114 18 27 0 147 6 96 99 104 93 59 92 97 95 94 0 118 5 83 82 124 47 48 7 106 52 0 111 50 102 33 9 120 34 78 129 79 3 0 76 116 77 68 121 29 24 134 80 150 109 12 138 0 105 26 149 110 4 67 23 41 145 73 40 53 0 13 117 37 100 91 141 86 16 61 85 98 0 146 127 10 108 126 63 90 32 131 128 20 30 70 101 69 132 0 28 81 135 35 136 65 71 66 103 51 122 1 0 
Solução encontrada considerada mediana
GAP de 5.03324
Numero maximo de geracoes sem evolucao: 542
Solucão valida: Sim
====================================================================================================================


 ===================================================RESULTADOS=========================================================
Melhor fitness final: 1096
Melhor fitness possivel: 1053
Tempo de execução: 303
Melhor solução encontrada: 0 110 4 139 39 56 75 133 22 74 72 73 21 40 0 23 67 25 55 130 54 134 24 29 121 68 150 80 0 101 70 122 30 20 128 131 32 90 63 126 108 10 62 148 146 0 137 87 144 57 42 142 14 119 44 141 91 100 37 97 117 0 58 2 115 145 41 15 43 38 140 86 16 85 98 92 0 27 111 28 138 12 109 149 26 105 53 0 48 124 46 47 36 143 49 64 11 107 19 123 7 0 33 120 9 135 35 136 65 71 66 103 51 1 69 132 0 13 94 95 59 93 104 99 96 6 147 89 0 50 102 81 34 78 129 79 3 77 116 76 0 118 60 83 114 8 125 45 17 113 61 84 5 0 52 127 31 88 106 82 18 112 0 
Solução encontrada considerada boa
GAP de 4.08357
Numero maximo de geracoes sem evolucao: 757
Solucão valida: Sim
====================================================================================================================


 ===================================================RESULTADOS=========================================================
Melhor fitness final: 1094
Melhor fitness possivel: 1053
Tempo de execução: 296
Melhor solução encontrada: 0 53 40 21 73 72 74 133 75 56 39 139 4 110 0 96 99 104 59 97 87 144 42 142 43 15 57 115 2 137 58 0 118 5 84 17 113 16 141 44 119 14 117 0 145 41 22 23 67 25 55 130 54 109 149 26 105 0 122 20 128 131 32 90 63 126 108 10 62 148 88 127 52 146 0 89 18 46 124 47 36 143 49 64 11 107 19 123 106 0 111 76 79 129 121 29 24 134 150 80 68 12 138 0 27 31 7 48 82 114 8 45 125 83 60 0 50 102 33 81 120 9 51 30 70 101 69 132 0 28 116 77 3 78 34 135 35 136 65 71 66 103 1 0 95 92 37 98 100 91 38 140 86 61 85 93 0 13 94 6 147 112 0 
Solução encontrada considerada boa
GAP de 3.89364
Numero maximo de geracoes sem evolucao: 156
Solucão valida: Sim
====================================================================================================================


 ===================================================RESULTADOS=========================================================
Melhor fitness final: 1107
Melhor fitness possivel: 1053
Tempo de execução: 255
Melhor solução encontrada: 0 138 12 54 130 134 24 29 121 80 150 68 116 28 0 1 66 71 65 136 35 135 34 78 129 79 3 77 76 0 26 109 110 4 56 23 75 133 22 74 72 73 21 0 13 137 2 115 57 144 87 117 95 94 6 147 0 102 20 128 131 32 90 63 126 108 10 62 148 88 52 0 149 55 25 139 39 67 41 145 15 43 38 140 14 142 42 97 0 111 50 33 81 120 9 103 51 122 30 70 101 69 132 0 99 104 93 85 61 16 141 44 119 92 59 0 48 47 124 46 36 143 49 64 11 107 19 123 7 0 146 18 83 125 45 8 114 82 106 31 127 27 0 89 60 118 5 84 17 113 86 91 100 37 98 96 0 53 105 40 58 112 0 
Solução encontrada considerada mediana
GAP de 5.12821
Numero maximo de geracoes sem evolucao: 423
Solucão valida: Sim
====================================================================================================================


 ===================================================RESULTADOS=========================================================
Melhor fitness final: 1128
Melhor fitness possivel: 1053
Tempo de execução: 349
Melhor solução encontrada: 0 1 51 9 71 65 136 35 135 120 81 33 102 0 132 69 101 70 30 131 128 20 122 50 76 116 109 12 138 28 0 58 73 74 22 41 133 75 56 39 139 4 110 105 0 13 137 2 115 57 144 87 97 59 104 99 96 6 147 0 48 124 46 47 36 143 49 64 11 107 19 123 7 0 103 66 32 90 63 126 108 10 62 148 88 31 0 112 94 95 92 37 98 100 91 85 93 89 0 68 80 150 134 24 29 121 34 78 129 79 3 77 111 0 53 40 21 72 23 67 25 55 130 54 149 26 0 83 114 8 125 45 17 113 61 84 5 118 60 0 145 15 43 38 140 86 16 141 44 119 14 142 42 117 0 146 52 18 82 106 127 27 0 
Solução encontrada considerada mediana
GAP de 7.12251
Numero maximo de geracoes sem evolucao: 324
Solucão valida: Sim
====================================================================================================================


 ===================================================RESULTADOS=========================================================
Melhor fitness final: 1154
Melhor fitness possivel: 1053
Tempo de execução: 238
Melhor solução encontrada: 0 109 54 55 25 67 39 139 56 75 133 22 74 73 21 0 26 149 12 138 28 111 1 30 70 101 69 132 0 48 124 46 47 36 143 49 64 11 107 19 123 0 112 94 96 104 99 59 95 97 144 57 115 2 137 0 89 147 6 13 58 40 110 4 130 24 134 105 53 0 117 92 37 98 100 91 141 86 16 61 85 93 0 50 102 33 81 120 78 129 79 3 77 116 76 0 51 9 103 71 65 136 35 135 34 29 121 68 80 150 0 127 148 62 10 108 126 63 90 32 131 128 66 20 122 0 72 23 41 145 15 43 38 140 44 119 14 142 42 87 0 60 118 5 84 113 17 45 125 8 114 83 18 0 146 52 106 82 7 88 31 27 0 
Solução encontrada considerada ruim
GAP de 9.59164
Numero maximo de geracoes sem evolucao: 651
Solucão valida: Sim
====================================================================================================================


 ===================================================RESULTADOS=========================================================
Melhor fitness final: 1151
Melhor fitness possivel: 1053
Tempo de execução: 226
Melhor solução encontrada: 0 132 69 101 70 122 51 9 120 81 33 102 50 0 112 147 6 94 53 105 26 149 109 12 0 52 88 148 62 126 63 90 32 131 108 10 31 27 0 103 71 65 136 35 135 34 78 129 79 3 77 116 76 138 0 13 117 95 97 92 37 98 85 93 59 99 104 96 0 73 74 22 133 75 23 67 139 56 72 21 40 0 48 124 46 47 36 143 49 64 11 107 19 123 7 0 110 4 39 25 55 130 54 134 24 29 121 68 150 80 0 83 8 125 45 17 113 16 61 5 118 0 100 91 141 44 119 14 142 42 57 144 87 137 58 0 28 111 1 20 66 128 30 127 106 82 114 18 146 0 89 60 84 86 140 38 43 15 41 145 115 2 0 
Solução encontrada considerada ruim
GAP de 9.30674
Numero maximo de geracoes sem evolucao: 1333
Solucão valida: Sim
====================================================================================================================


 ===================================================RESULTADOS=========================================================
Melhor fitness final: 1107
Melhor fitness possivel: 1053
Tempo de execução: 253
Melhor solução encontrada: 0 89 147 6 96 104 99 59 95 94 112 0 48 47 36 143 49 64 63 126 11 107 19 123 0 110 4 139 39 56 75 133 22 74 72 73 21 40 0 111 76 50 102 122 30 70 101 1 69 132 27 0 116 77 3 79 129 78 34 35 135 9 120 81 33 0 109 54 130 134 24 29 121 68 80 150 12 138 28 0 10 108 90 32 131 128 20 66 65 136 71 103 51 0 93 85 61 16 86 141 91 98 37 92 0 13 117 97 100 119 44 140 38 14 142 42 57 115 2 58 53 0 83 114 8 125 45 17 113 84 5 118 60 18 0 137 87 144 43 15 145 41 23 67 25 55 149 26 105 0 127 31 88 148 62 124 46 82 7 106 52 146 0 
Solução encontrada considerada mediana
GAP de 5.12821
Numero maximo de geracoes sem evolucao: 581
Solucão valida: Sim
====================================================================================================================


 ===================================================RESULTADOS=========================================================
Melhor fitness final: 1129
Melhor fitness possivel: 1053
Tempo de execução: 253
Melhor solução encontrada: 0 7 123 19 107 11 126 63 90 32 131 128 20 30 122 70 101 1 0 9 120 34 78 129 79 3 77 68 116 76 28 0 111 132 69 31 10 108 62 148 88 127 27 0 94 59 98 91 16 61 85 93 99 104 96 6 0 51 103 66 71 65 136 35 135 81 33 102 50 0 110 39 67 23 56 75 133 22 74 72 21 0 13 117 95 97 87 144 57 115 2 137 58 105 53 0 26 149 73 41 145 15 43 42 142 14 38 140 44 119 100 37 92 0 141 86 113 17 84 5 118 60 83 114 0 138 12 109 150 80 121 29 24 134 54 130 55 25 139 4 40 0 8 125 45 46 124 47 36 143 49 64 48 82 0 112 147 89 18 106 52 146 0 
Solução encontrada considerada mediana
GAP de 7.21747
Numero maximo de geracoes sem evolucao: 140
Solucão valida: Sim
====================================================================================================================

