
Métrica	    Valor
GAP mínimo	1.51947
GAP máximo	9.68661
GAP médio	4.82%
===================================================RESULTADOS=========================================================
Melhor fitness final: 1084
Melhor fitness possivel: 1053
Tempo de execução: 63
Melhor solução encontrada: 0 26 149 54 130 55 25 67 23 22 41 145 115 2 53 0 58 13 137 87 144 57 15 43 38 140 86 113 17 60 0 117 97 42 142 14 119 44 141 16 61 91 100 104 99 96 6 0 111 33 81 121 29 24 134 68 80 150 109 12 138 0 127 31 10 108 131 32 90 63 126 62 148 88 7 106 0 40 21 73 72 74 133 75 56 39 139 4 110 105 0 118 5 84 83 125 45 8 114 82 18 52 0 76 116 77 3 79 129 78 34 35 135 120 102 50 0 1 122 51 9 103 71 136 65 66 128 20 30 70 101 69 132 0 48 124 46 47 36 143 49 64 11 107 19 123 146 0 89 147 59 93 85 98 37 92 95 94 0 112 27 28 0 
Solução encontrada considerada boa
GAP de 2.94397
Numero maximo de geracoes sem evolucao: 202
Solucão valida: Sim
====================================================================================================================


 ===================================================RESULTADOS=========================================================
Melhor fitness final: 1096
Melhor fitness possivel: 1053
Tempo de execução: 62
Melhor solução encontrada: 0 91 38 140 86 113 17 84 5 118 60 83 18 89 0 112 6 96 99 104 59 98 100 37 92 97 95 94 0 93 85 61 16 141 44 119 14 142 42 117 0 131 32 90 63 126 11 107 19 47 124 48 82 52 0 51 103 71 135 9 120 81 33 102 50 28 0 110 4 139 39 56 75 133 22 74 72 73 21 40 0 77 3 79 129 78 34 35 136 65 66 128 20 30 122 1 0 111 76 116 68 150 80 121 29 24 134 109 12 138 0 27 132 69 101 70 108 10 62 148 88 31 127 146 0 147 114 8 125 45 46 36 143 49 64 123 7 106 0 105 26 149 54 130 55 25 67 23 41 145 115 2 0 13 87 43 15 57 144 137 58 53 0 
Solução encontrada considerada boa
GAP de 4.08357
Numero maximo de geracoes sem evolucao: 146
Solucão valida: Sim
====================================================================================================================


 ===================================================RESULTADOS=========================================================
Melhor fitness final: 1107
Melhor fitness possivel: 1053
Tempo de execução: 63
Melhor solução encontrada: 0 18 114 46 124 47 36 143 49 64 11 107 19 123 7 0 109 54 130 134 24 29 121 129 79 3 68 80 150 0 112 13 117 42 142 43 15 145 41 23 67 25 55 149 0 147 6 96 104 99 59 95 97 87 144 57 115 2 137 0 132 1 122 51 9 120 81 33 102 77 116 76 0 50 78 34 135 35 136 65 71 103 66 128 20 30 70 101 69 0 31 10 108 131 32 90 63 126 62 148 88 127 146 0 93 61 86 140 38 14 100 98 37 92 94 0 118 5 125 45 8 48 82 106 52 0 58 85 91 119 44 141 16 113 17 84 83 60 89 0 40 21 73 72 74 22 133 75 56 39 139 4 110 0 53 105 26 12 138 28 111 27 0 
Solução encontrada considerada mediana
GAP de 5.12821
Numero maximo de geracoes sem evolucao: 1117
Solucão valida: Sim
====================================================================================================================


 ===================================================RESULTADOS=========================================================
Melhor fitness final: 1145
Melhor fitness possivel: 1053
Tempo de execução: 64
Melhor solução encontrada: 0 53 58 40 105 28 111 1 122 20 128 30 70 101 69 132 0 82 48 124 47 19 123 88 31 127 27 0 18 114 125 45 17 113 86 140 38 14 42 97 117 0 55 25 139 39 67 23 56 75 133 22 74 73 21 0 112 94 59 104 99 96 6 147 89 0 72 110 4 130 54 134 24 29 121 68 150 80 138 0 5 84 61 91 142 43 15 41 145 115 2 57 144 87 137 13 0 148 62 10 108 126 63 90 32 131 66 65 34 78 129 0 51 103 71 136 35 135 9 120 81 33 102 50 0 93 85 16 141 44 119 100 98 37 92 95 0 118 60 83 8 46 36 143 49 64 11 107 7 106 52 146 0 26 149 109 12 116 77 3 79 76 0 
Solução encontrada considerada ruim
GAP de 8.73694
Numero maximo de geracoes sem evolucao: 892
Solucão valida: Sim
====================================================================================================================


 ===================================================RESULTADOS=========================================================
Melhor fitness final: 1119
Melhor fitness possivel: 1053
Tempo de execução: 63
Melhor solução encontrada: 0 77 3 79 150 130 55 25 67 23 41 145 15 43 142 42 137 0 127 31 70 122 51 81 33 102 50 1 132 27 0 118 60 114 8 124 47 48 82 106 52 0 5 84 17 113 16 141 44 119 91 85 93 6 0 28 80 129 78 34 135 35 136 65 71 66 103 9 120 0 110 4 139 39 56 75 133 22 74 72 73 21 40 0 146 88 148 62 10 108 126 63 90 32 131 128 20 30 101 69 0 58 13 87 144 57 115 2 149 26 105 53 0 112 94 95 92 59 104 99 96 147 89 0 138 12 109 54 134 24 29 121 68 116 76 111 0 18 83 125 45 46 36 143 49 64 11 107 19 123 7 0 61 86 140 38 14 100 98 37 97 117 0 
Solução encontrada considerada mediana
GAP de 6.26781
Numero maximo de geracoes sem evolucao: 581
Solucão valida: Sim
====================================================================================================================


 ===================================================RESULTADOS=========================================================
Melhor fitness final: 1075
Melhor fitness possivel: 1053
Tempo de execução: 61
Melhor solução encontrada: 0 50 102 33 81 120 9 66 128 20 122 1 69 0 138 12 109 150 80 68 3 77 116 76 111 0 48 47 124 46 36 143 49 64 11 107 19 123 7 0 127 88 148 62 126 63 90 32 131 108 10 31 27 0 40 21 73 72 74 22 133 75 56 139 4 110 149 26 0 145 41 23 67 39 25 55 130 54 134 24 29 121 0 18 60 118 83 125 45 8 114 82 106 52 146 0 93 85 61 16 141 44 119 91 100 98 37 97 117 0 147 6 96 99 104 59 92 95 94 112 0 87 42 142 14 38 140 86 113 17 84 5 89 0 28 79 129 78 34 135 35 136 65 71 103 51 30 70 101 132 0 53 105 58 2 115 57 15 43 144 137 13 0 
Solução encontrada considerada boa
GAP de 2.08927
Numero maximo de geracoes sem evolucao: 1204
Solucão valida: Sim
====================================================================================================================


 ===================================================RESULTADOS=========================================================
Melhor fitness final: 1117
Melhor fitness possivel: 1053
Tempo de execução: 62
Melhor solução encontrada: 0 92 100 42 142 43 15 145 41 23 67 25 55 24 134 130 54 0 27 127 31 108 10 88 106 82 8 114 18 52 146 0 28 116 77 3 79 129 78 34 29 121 68 80 150 109 138 0 147 6 96 99 104 93 85 91 98 37 59 94 0 112 13 117 95 97 87 144 57 115 2 137 58 0 102 33 81 120 9 135 35 136 65 71 103 0 111 132 1 50 76 12 149 26 105 53 0 48 47 124 46 36 143 49 64 11 107 19 123 7 0 61 16 141 44 119 14 38 140 86 113 17 84 0 40 21 73 72 74 22 133 75 56 39 139 4 110 0 148 62 126 63 90 32 131 128 66 20 51 122 30 70 101 69 0 83 125 45 5 118 60 89 0 
Solução encontrada considerada mediana
GAP de 6.07787
Numero maximo de geracoes sem evolucao: 880
Solucão valida: Sim
====================================================================================================================


 ===================================================RESULTADOS=========================================================
Melhor fitness final: 1069
Melhor fitness possivel: 1053
Tempo de execução: 62
Melhor solução encontrada: 0 5 118 60 83 125 45 8 114 82 106 18 0 138 12 109 54 130 55 25 67 23 72 73 21 40 0 61 16 141 44 119 14 38 140 86 113 17 84 0 94 59 92 98 37 100 91 85 93 104 99 96 6 0 26 149 110 4 139 39 56 75 133 22 74 105 0 127 31 10 108 131 32 90 63 126 62 148 88 52 146 0 48 124 46 47 36 143 49 64 11 107 19 123 7 0 50 102 33 81 51 103 9 120 34 78 129 79 0 27 69 101 70 30 128 66 65 136 35 135 71 20 122 1 132 0 58 137 2 115 145 41 15 43 142 42 57 144 87 97 95 117 13 0 28 116 68 150 80 134 24 29 121 3 77 76 111 0 53 112 147 89 0 
Solução encontrada considerada boa
GAP de 1.51947
Numero maximo de geracoes sem evolucao: 256
Solucão valida: Sim
====================================================================================================================


 ===================================================RESULTADOS=========================================================
Melhor fitness final: 1098
Melhor fitness possivel: 1053
Tempo de execução: 62
Melhor solução encontrada: 0 76 116 77 3 79 129 78 34 135 35 136 65 66 51 50 0 21 73 72 74 22 133 75 56 39 139 4 149 0 27 132 1 103 71 9 120 81 33 102 111 0 109 54 130 134 24 29 121 68 150 80 12 138 28 0 137 2 115 57 144 87 42 142 14 119 44 16 61 94 0 13 117 92 37 98 85 93 59 104 99 96 6 112 0 7 19 107 11 64 49 143 36 46 45 125 83 60 147 0 89 118 5 84 86 113 17 8 114 18 0 95 97 100 91 141 140 38 43 15 145 41 23 67 25 55 110 0 31 10 108 126 63 90 32 131 128 20 30 122 70 101 69 0 127 88 148 62 123 47 124 48 82 106 52 146 0 53 58 40 26 105 0 
Solução encontrada considerada boa
GAP de 4.2735
Numero maximo de geracoes sem evolucao: 2038
Solucão valida: Sim
====================================================================================================================


 ===================================================RESULTADOS=========================================================
Melhor fitness final: 1136
Melhor fitness possivel: 1053
Tempo de execução: 62
Melhor solução encontrada: 0 144 42 142 14 119 44 141 91 100 98 85 93 0 21 110 4 139 25 55 130 54 134 24 29 121 68 80 150 0 13 117 95 97 92 59 99 104 96 94 6 147 89 0 127 31 10 108 131 32 90 63 126 62 148 88 146 0 58 137 87 37 86 140 38 43 15 57 145 115 2 40 53 0 118 60 83 125 45 17 113 16 61 84 5 0 27 132 69 101 70 30 122 51 9 120 81 33 102 0 76 116 77 3 79 129 78 34 135 35 136 65 71 20 128 1 0 82 48 47 36 143 49 19 123 7 106 52 0 72 75 56 39 67 23 41 22 133 74 73 0 112 18 114 8 46 124 107 11 64 66 103 50 111 0 28 138 12 109 149 26 105 0 
Solução encontrada considerada mediana
GAP de 7.88224
Numero maximo de geracoes sem evolucao: 180
Solucão valida: Sim
====================================================================================================================


 ===================================================RESULTADOS=========================================================
Melhor fitness final: 1155
Melhor fitness possivel: 1053
Tempo de execução: 66
Melhor solução encontrada: 0 83 125 46 36 143 49 64 11 107 19 123 30 70 101 69 0 76 116 68 150 80 121 29 34 78 129 79 3 77 50 0 111 132 31 10 108 62 148 88 127 52 146 0 102 33 81 120 135 35 136 65 71 103 9 0 106 7 48 47 124 8 45 17 84 5 118 60 0 40 21 73 72 74 22 133 75 56 39 139 4 110 0 89 147 112 105 26 149 109 12 138 28 0 58 137 87 97 92 59 104 99 95 117 13 0 134 24 54 130 55 25 67 23 41 145 115 2 53 0 94 98 37 100 119 44 141 16 91 85 93 0 18 114 82 126 63 90 32 131 128 66 20 51 122 1 27 0 144 57 15 43 42 142 14 38 140 86 113 61 96 6 0 
Solução encontrada considerada ruim
GAP de 9.68661
Numero maximo de geracoes sem evolucao: 595
Solucão valida: Sim
====================================================================================================================


 ===================================================RESULTADOS=========================================================
Melhor fitness final: 1085
Melhor fitness possivel: 1053
Tempo de execução: 62
Melhor solução encontrada: 0 6 61 16 113 17 45 125 84 5 118 60 89 0 149 130 55 25 139 39 67 23 56 75 73 58 0 147 96 99 104 59 92 97 87 144 57 115 2 40 53 0 111 122 30 20 128 131 32 90 63 126 108 10 70 101 69 132 0 85 91 141 86 140 38 14 119 44 100 137 0 1 51 103 66 71 65 136 35 135 34 78 129 79 3 76 0 12 109 80 150 68 121 29 24 134 54 4 110 26 0 31 148 62 107 19 123 48 82 7 106 52 0 28 138 116 77 33 81 120 9 102 50 27 0 18 83 114 8 46 124 47 36 143 49 64 11 88 127 146 0 105 21 72 74 133 22 41 145 15 43 142 42 37 98 93 0 13 117 95 94 112 0 
Solução encontrada considerada boa
GAP de 3.03894
Numero maximo de geracoes sem evolucao: 255
Solucão valida: Sim
====================================================================================================================


 ===================================================RESULTADOS=========================================================
Melhor fitness final: 1094
Melhor fitness possivel: 1053
Tempo de execução: 62
Melhor solução encontrada: 0 58 137 2 115 145 41 15 43 14 142 42 57 144 87 97 117 13 0 50 102 33 81 51 103 66 20 128 131 32 132 0 120 9 71 65 136 35 135 34 78 129 79 3 77 28 0 105 21 72 56 23 75 133 22 74 73 40 53 0 127 88 148 62 11 107 19 123 48 7 106 52 146 0 18 83 114 8 125 45 17 113 84 5 118 60 0 109 54 130 134 24 29 121 68 150 80 12 138 0 31 10 108 90 126 63 64 49 143 36 47 124 46 82 0 147 6 96 104 99 93 85 98 37 59 94 0 95 92 100 91 119 44 38 140 86 141 16 61 89 0 111 76 116 55 25 67 39 139 4 110 149 26 0 112 27 69 101 70 30 122 1 0 
Solução encontrada considerada boa
GAP de 3.89364
Numero maximo de geracoes sem evolucao: 1180
Solucão valida: Sim
====================================================================================================================


 ===================================================RESULTADOS=========================================================
Melhor fitness final: 1093
Melhor fitness possivel: 1053
Tempo de execução: 62
Melhor solução encontrada: 0 92 100 91 16 141 44 119 140 38 14 142 42 43 15 145 115 2 0 150 80 68 121 29 24 134 54 130 55 25 67 23 0 18 114 125 45 17 113 86 61 84 5 0 76 116 77 3 79 129 78 34 135 35 136 65 71 51 111 0 122 20 128 66 103 9 120 81 33 102 50 0 94 59 37 98 85 93 104 99 96 6 147 0 21 73 72 74 22 41 133 75 56 39 139 4 110 0 132 69 1 101 70 30 131 32 90 63 126 108 10 148 88 127 146 0 31 62 19 107 11 64 49 143 36 47 124 46 8 0 53 40 58 137 57 144 87 97 95 117 13 112 0 27 52 106 7 123 48 82 83 60 118 89 0 105 26 149 109 12 138 28 0 
Solução encontrada considerada boa
GAP de 3.79867
Numero maximo de geracoes sem evolucao: 449
Solucão valida: Sim
====================================================================================================================


 ===================================================RESULTADOS=========================================================
Melhor fitness final: 1103
Melhor fitness possivel: 1053
Tempo de execução: 61
Melhor solução encontrada: 0 73 41 75 56 23 67 39 139 25 55 4 110 149 0 127 31 10 108 90 126 63 64 11 107 62 148 88 52 146 0 132 1 51 9 120 135 35 136 65 71 103 122 69 27 0 106 7 123 19 49 143 36 47 124 48 82 18 0 109 54 130 134 24 29 121 68 150 80 12 138 28 0 95 97 92 37 98 100 85 93 59 104 99 96 0 111 50 102 33 81 34 78 129 79 3 77 116 76 0 60 118 5 84 113 17 125 45 46 8 114 83 0 61 16 86 140 38 43 15 145 22 133 74 72 21 0 53 105 26 40 58 13 94 6 147 89 0 112 117 91 141 44 119 14 142 42 87 144 57 115 2 137 0 30 20 66 128 131 32 70 101 0 
Solução encontrada considerada boa
GAP de 4.74834
Numero maximo de geracoes sem evolucao: 584
Solucão valida: Sim
====================================================================================================================


 ===================================================RESULTADOS=========================================================
Melhor fitness final: 1121
Melhor fitness possivel: 1053
Tempo de execução: 64
Melhor solução encontrada: 0 53 58 137 13 95 96 5 118 60 147 0 26 149 23 67 25 55 130 54 134 24 29 121 28 0 18 114 8 46 36 143 49 64 66 103 51 102 50 0 99 104 93 61 16 141 44 119 91 100 37 98 92 59 0 89 83 125 45 124 47 48 82 106 52 146 0 79 129 78 34 135 35 136 65 71 9 120 81 33 0 132 69 31 10 108 62 148 88 127 27 0 112 6 94 117 97 87 144 57 115 2 105 0 85 84 17 113 86 140 38 14 142 42 43 15 41 145 0 110 4 139 39 56 75 133 22 74 72 73 21 40 0 7 123 19 107 11 126 63 90 32 131 128 20 30 122 70 101 1 0 111 76 116 77 3 68 150 80 109 12 138 0 
Solução encontrada considerada mediana
GAP de 6.45774
Numero maximo de geracoes sem evolucao: 648
Solucão valida: Sim
====================================================================================================================


 ===================================================RESULTADOS=========================================================
Melhor fitness final: 1096
Melhor fitness possivel: 1053
Tempo de execução: 61
Melhor solução encontrada: 0 31 10 108 128 131 32 90 63 126 62 148 88 127 0 111 50 76 116 68 121 29 24 134 80 150 12 138 0 28 109 54 130 55 25 67 23 39 139 4 110 0 96 104 99 93 85 61 16 141 91 98 37 59 0 132 1 102 33 81 120 9 51 30 70 101 69 27 0 5 84 17 113 86 140 38 44 119 14 142 42 100 92 0 112 117 95 97 87 144 57 43 15 41 145 115 2 137 0 89 147 6 94 13 58 40 149 26 105 53 0 48 124 47 36 143 49 64 11 107 19 123 7 0 18 60 118 83 125 45 46 8 114 82 106 52 146 0 77 3 79 129 78 34 135 35 136 65 71 103 66 20 122 0 21 72 56 75 133 22 74 73 0 
Solução encontrada considerada boa
GAP de 4.08357
Numero maximo de geracoes sem evolucao: 628
Solucão valida: Sim
====================================================================================================================


 ===================================================RESULTADOS=========================================================
Melhor fitness final: 1093
Melhor fitness possivel: 1053
Tempo de execução: 62
Melhor solução encontrada: 0 76 116 77 3 79 129 78 34 135 35 136 65 71 9 50 0 110 4 55 25 139 39 67 23 56 75 133 74 73 0 27 132 69 101 70 30 122 51 120 81 33 102 111 0 18 82 8 125 45 84 17 113 86 140 38 142 42 137 0 146 52 106 7 48 123 19 107 11 62 148 88 127 0 112 147 6 94 95 97 87 144 57 115 2 58 0 138 12 109 54 130 134 24 29 121 68 150 80 28 0 1 103 66 20 128 131 32 90 63 126 108 10 31 0 13 117 92 98 37 100 91 85 93 59 104 99 96 0 72 22 41 145 15 43 14 119 44 141 16 61 89 0 5 118 60 83 114 46 124 47 36 143 49 64 0 105 26 149 21 40 53 0 
Solução encontrada considerada boa
GAP de 3.79867
Numero maximo de geracoes sem evolucao: 1004
Solucão valida: Sim
====================================================================================================================


 ===================================================RESULTADOS=========================================================
Melhor fitness final: 1116
Melhor fitness possivel: 1053
Tempo de execução: 63
Melhor solução encontrada: 0 72 23 41 145 15 43 38 140 44 119 14 142 42 94 0 12 109 68 24 134 54 130 4 110 21 40 58 0 148 62 10 108 126 63 90 32 131 128 20 30 122 70 101 69 0 98 37 100 91 141 86 16 61 85 93 6 0 80 150 121 29 34 135 35 136 65 71 78 129 79 3 77 116 76 0 47 36 143 49 64 11 107 19 123 88 31 127 0 13 117 95 96 99 104 59 92 97 87 144 57 115 2 137 0 118 60 83 125 45 17 113 84 5 147 0 112 89 18 114 8 46 124 48 82 7 106 52 146 27 0 73 74 22 133 75 56 139 39 67 25 55 149 26 0 132 1 51 66 103 9 120 81 33 102 50 0 53 105 138 111 28 0 
Solução encontrada considerada mediana
GAP de 5.98291
Numero maximo de geracoes sem evolucao: 1203
Solucão valida: Sim
====================================================================================================================


 ===================================================RESULTADOS=========================================================
Melhor fitness final: 1114
Melhor fitness possivel: 1053
Tempo de execução: 62
Melhor solução encontrada: 0 89 147 6 94 95 97 87 144 57 58 53 0 114 8 125 45 46 36 143 49 64 11 107 19 123 146 0 130 55 25 139 39 67 23 56 75 72 21 40 0 52 88 148 62 126 63 90 32 131 108 10 31 127 0 106 7 48 47 124 82 83 84 5 118 60 0 149 110 4 54 134 24 29 121 68 80 150 12 28 0 50 102 33 81 9 120 34 78 129 79 3 76 0 105 26 73 74 133 22 41 145 115 2 137 13 112 0 59 92 37 98 100 119 44 91 61 85 93 99 104 96 0 18 17 113 16 141 86 140 38 14 142 43 15 42 117 0 138 109 116 77 51 103 71 135 35 136 65 66 128 20 0 111 1 122 30 70 101 69 132 27 0 
Solução encontrada considerada mediana
GAP de 5.79297
Numero maximo de geracoes sem evolucao: 393
Solucão valida: Sim
====================================================================================================================

