
 ===================================================RESULTADOS=========================================================
Melhor fitness final: 1102
Melhor fitness possivel: 1053
Tempo de execução: 47
Melhor solução encontrada: 0 51 103 66 71 65 136 35 135 9 120 81 33 0 48 124 46 47 36 143 49 64 11 107 19 123 7 0 40 21 73 72 74 22 133 75 56 39 139 110 105 0 89 5 61 113 17 45 125 8 114 82 106 52 146 0 58 145 41 15 43 38 140 86 16 84 118 60 83 18 0 137 42 142 14 119 44 141 91 100 37 98 85 93 0 112 94 95 117 97 92 59 99 104 96 6 147 0 31 10 108 126 63 90 32 131 128 20 30 122 70 101 27 0 26 149 4 23 67 25 55 130 54 109 12 138 0 28 111 50 102 1 132 69 62 148 88 127 0 68 150 80 134 24 29 121 34 78 129 79 3 77 116 76 0 13 87 144 57 115 2 53 0 
Solução encontrada considerada boa
GAP de 4.65337
Numero maximo de geracoes sem evolucao: 353
Solucão valida: Sim
====================================================================================================================


 ===================================================RESULTADOS=========================================================
Melhor fitness final: 1095
Melhor fitness possivel: 1053
Tempo de execução: 49
Melhor solução encontrada: 0 59 37 98 85 16 113 61 93 99 104 96 0 76 77 3 79 129 78 34 135 35 136 65 71 103 50 111 0 58 2 115 57 144 42 142 14 119 44 141 91 100 92 117 13 0 89 147 6 94 95 97 87 137 112 0 118 5 84 17 86 140 38 43 15 145 41 73 105 0 127 31 10 108 126 63 90 32 131 128 66 20 1 0 27 132 69 101 70 30 122 51 9 120 81 33 102 0 52 106 7 48 47 124 8 114 45 125 83 60 0 18 82 46 36 143 49 64 11 107 19 123 62 148 88 146 0 121 29 24 134 54 130 55 25 139 39 67 23 56 0 53 40 21 72 74 22 133 75 4 110 149 26 0 28 116 68 150 80 109 12 138 0 
Solução encontrada considerada boa
GAP de 3.9886
Numero maximo de geracoes sem evolucao: 373
Solucão valida: Sim
====================================================================================================================


 ===================================================RESULTADOS=========================================================
Melhor fitness final: 1091
Melhor fitness possivel: 1053
Tempo de execução: 52
Melhor solução encontrada: 0 42 142 43 15 145 41 22 133 23 67 25 55 110 21 58 53 0 89 5 84 61 86 140 38 14 100 37 117 13 0 82 48 47 36 143 49 64 11 107 7 106 52 146 0 116 77 3 81 120 9 33 102 50 111 0 31 10 108 126 63 90 32 131 128 20 30 70 101 69 132 0 40 73 72 74 75 56 39 139 4 149 26 105 0 109 54 130 134 24 29 121 68 150 80 12 138 28 0 1 122 51 103 66 71 65 136 35 135 34 78 129 79 76 0 118 60 125 45 17 113 16 141 44 119 91 98 92 0 18 83 114 8 46 124 123 19 62 148 88 127 27 0 112 59 85 93 104 99 96 6 147 0 94 95 97 87 144 57 115 2 137 0 
Solução encontrada considerada boa
GAP de 3.60874
Numero maximo de geracoes sem evolucao: 238
Solucão valida: Sim
====================================================================================================================


 ===================================================RESULTADOS=========================================================
Melhor fitness final: 1121
Melhor fitness possivel: 1053
Tempo de execução: 53
Melhor solução encontrada: 0 3 79 129 78 34 135 35 136 65 66 20 30 70 101 69 27 0 50 102 33 81 120 9 71 103 51 122 1 132 0 31 10 108 128 131 32 90 63 126 62 148 88 127 146 0 28 12 150 80 68 121 29 24 134 130 54 109 138 0 111 76 77 116 55 25 67 23 41 145 15 43 142 42 137 58 0 110 4 139 39 56 75 133 22 74 72 73 21 40 0 52 7 123 19 107 11 64 49 143 36 46 45 8 114 18 0 95 97 14 119 44 141 16 61 59 112 0 89 147 6 96 104 99 93 85 91 100 37 98 92 94 0 13 117 87 144 57 115 2 149 26 105 53 0 118 60 83 125 17 113 86 140 38 84 5 0 82 124 47 48 106 0 
Solução encontrada considerada mediana
GAP de 6.45774
Numero maximo de geracoes sem evolucao: 508
Solucão valida: Sim
====================================================================================================================


 ===================================================RESULTADOS=========================================================
Melhor fitness final: 1101
Melhor fitness possivel: 1053
Tempo de execução: 51
Melhor solução encontrada: 0 58 2 57 144 87 97 95 94 6 147 112 0 10 108 131 32 90 126 63 64 49 143 36 47 7 106 146 0 83 114 8 124 46 45 125 17 113 84 5 118 60 0 54 130 55 25 139 39 67 23 75 56 4 110 0 12 109 150 80 134 24 29 121 68 77 116 76 111 0 50 102 33 81 120 9 51 122 30 70 101 69 132 0 3 79 129 78 34 135 35 136 65 71 103 66 128 20 1 0 96 59 61 16 141 86 140 38 100 98 37 92 117 0 104 99 93 85 91 44 119 14 142 43 15 42 137 13 0 52 88 148 62 11 107 19 123 48 82 18 89 0 127 31 27 53 40 21 73 72 74 133 22 41 145 115 0 105 26 149 138 28 0 
Solução encontrada considerada boa
GAP de 4.5584
Numero maximo de geracoes sem evolucao: 1493
Solucão valida: Sim
====================================================================================================================


 ===================================================RESULTADOS=========================================================
Melhor fitness final: 1113
Melhor fitness possivel: 1053
Tempo de execução: 54
Melhor solução encontrada: 0 33 81 120 20 128 131 32 90 63 126 11 123 7 106 52 0 13 117 97 87 144 2 115 145 41 23 67 4 110 0 109 150 80 68 134 24 29 121 34 78 129 79 3 77 116 0 132 69 101 70 122 30 108 10 62 148 88 31 127 146 0 76 50 102 9 135 35 136 65 71 66 103 51 1 0 27 111 28 138 12 26 149 21 40 58 105 53 0 54 130 55 25 139 39 56 75 133 22 74 72 73 0 137 57 15 43 42 142 14 38 140 86 16 61 93 104 99 0 96 59 98 85 91 141 44 119 100 37 92 95 0 82 48 19 107 64 49 143 36 47 124 46 83 60 0 18 114 8 125 45 17 113 84 5 118 89 0 94 6 147 112 0 
Solução encontrada considerada mediana
GAP de 5.69801
Numero maximo de geracoes sem evolucao: 321
Solucão valida: Sim
====================================================================================================================


 ===================================================RESULTADOS=========================================================
Melhor fitness final: 1087
Melhor fitness possivel: 1053
Tempo de execução: 45
Melhor solução encontrada: 0 93 85 16 86 140 38 43 15 41 145 115 2 137 0 97 92 37 98 100 91 141 44 119 14 142 42 57 144 87 0 79 78 34 135 35 136 65 71 66 103 51 1 132 27 0 13 117 95 59 99 104 96 94 6 147 89 0 112 58 40 21 73 72 4 110 149 26 105 53 0 69 101 70 122 30 20 128 131 32 90 63 126 108 10 62 148 0 28 116 68 150 80 121 29 24 134 54 109 12 138 0 76 77 3 129 120 9 81 33 102 50 111 0 130 55 25 139 39 67 23 56 75 133 22 74 0 83 114 8 125 45 17 113 61 84 5 118 60 0 127 88 123 19 107 11 64 49 143 36 47 124 46 18 0 31 7 48 82 106 52 146 0 
Solução encontrada considerada boa
GAP de 3.22887
Numero maximo de geracoes sem evolucao: 573
Solucão valida: Sim
====================================================================================================================


 ===================================================RESULTADOS=========================================================
Melhor fitness final: 1069
Melhor fitness possivel: 1053
Tempo de execução: 46
Melhor solução encontrada: 0 27 69 101 70 122 30 20 128 131 32 90 63 126 62 148 88 127 0 105 40 21 73 74 75 133 22 41 145 15 43 142 42 117 95 0 72 56 23 67 39 139 25 55 4 110 149 26 0 111 50 102 33 81 34 78 129 79 3 77 116 76 0 132 1 51 103 66 71 65 136 35 135 120 9 0 31 10 108 11 107 64 49 143 36 19 123 7 52 0 146 106 82 48 47 124 46 45 125 8 114 18 0 89 118 60 83 61 16 141 91 85 93 6 0 5 84 17 113 86 140 38 14 119 44 100 37 98 0 58 137 2 115 57 144 87 97 92 59 104 99 96 147 0 28 150 80 68 121 29 24 134 130 54 109 12 138 0 112 94 13 53 0 
Solução encontrada considerada boa
GAP de 1.51947
Numero maximo de geracoes sem evolucao: 283
Solucão valida: Sim
====================================================================================================================


 ===================================================RESULTADOS=========================================================
Melhor fitness final: 1115
Melhor fitness possivel: 1053
Tempo de execução: 51
Melhor solução encontrada: 0 58 40 21 73 72 75 133 22 41 145 15 43 142 42 100 91 0 76 121 29 78 34 135 35 136 65 71 66 103 9 51 111 0 70 122 30 20 128 131 32 90 63 126 108 10 62 148 88 146 0 138 12 109 54 130 55 25 139 39 67 23 56 0 83 125 45 8 114 82 106 127 31 101 1 69 132 0 61 16 141 44 119 14 38 140 86 113 17 84 60 0 13 137 2 115 57 144 87 97 117 95 94 112 0 28 116 77 3 79 129 120 81 33 102 50 0 105 26 149 150 80 68 24 134 4 110 74 53 0 147 6 96 99 104 93 85 98 37 92 59 0 48 124 46 47 36 143 49 64 11 107 19 123 7 0 27 52 18 118 5 89 0 
Solução encontrada considerada mediana
GAP de 5.88794
Numero maximo de geracoes sem evolucao: 798
Solucão valida: Sim
====================================================================================================================


 ===================================================RESULTADOS=========================================================
Melhor fitness final: 1102
Melhor fitness possivel: 1053
Tempo de execução: 53
Melhor solução encontrada: 0 33 81 103 71 135 35 136 65 66 128 20 30 122 0 52 7 19 107 11 64 49 143 36 47 124 46 8 114 18 0 109 54 130 55 25 139 39 67 23 56 4 110 40 0 58 2 115 145 41 22 133 75 74 72 73 21 149 26 0 138 12 150 80 134 24 29 121 68 116 50 1 69 27 0 137 87 144 57 15 43 38 140 14 142 42 100 98 37 117 13 0 53 105 111 132 101 70 123 48 82 106 146 0 85 91 119 44 141 86 16 61 93 6 0 89 60 118 5 84 113 17 45 125 83 0 112 94 95 97 92 59 104 99 96 147 0 102 51 9 120 34 78 129 79 3 77 76 28 0 127 88 148 62 126 63 90 32 131 108 10 31 0 
Solução encontrada considerada boa
GAP de 4.65337
Numero maximo de geracoes sem evolucao: 990
Solucão valida: Sim
====================================================================================================================
====================================================================================================================
====================================================================================================================


 ===================================================RESULTADOS=========================================================
Melhor fitness final: 1091
Melhor fitness possivel: 1053
Tempo de execução: 54
Melhor solução encontrada: 0 112 13 117 95 97 87 144 57 115 2 58 0 147 61 16 141 86 113 17 46 82 106 52 146 0 53 40 74 133 22 41 145 15 43 38 140 44 119 14 142 42 137 0 105 26 149 130 54 134 24 29 121 80 150 109 12 138 0 28 76 116 68 77 3 102 50 1 132 27 0 94 59 92 98 37 100 91 85 93 99 104 96 6 0 79 129 78 34 135 35 136 65 71 9 120 81 33 0 21 73 72 75 56 23 67 39 139 25 55 4 110 0 88 148 62 126 63 90 32 131 128 20 30 122 70 101 69 0 48 124 47 36 143 49 64 11 107 19 123 7 0 89 60 118 5 84 45 125 8 114 83 18 0 127 31 10 108 66 103 51 111 0 
Solução encontrada considerada boa
GAP de 3.60874
Numero maximo de geracoes sem evolucao: 299
Solucão valida: Sim
====================================================================================================================


 ===================================================RESULTADOS=========================================================
Melhor fitness final: 1095
Melhor fitness possivel: 1053
Tempo de execução: 53
Melhor solução encontrada: 0 59 37 98 85 16 113 61 93 99 104 96 0 76 77 3 79 129 78 34 135 35 136 65 71 103 50 111 0 58 2 115 57 144 42 142 14 119 44 141 91 100 92 117 13 0 89 147 6 94 95 97 87 137 112 0 118 5 84 17 86 140 38 43 15 145 41 73 105 0 127 31 10 108 126 63 90 32 131 128 66 20 1 0 27 132 69 101 70 30 122 51 9 120 81 33 102 0 52 106 7 48 47 124 8 114 45 125 83 60 0 18 82 46 36 143 49 64 11 107 19 123 62 148 88 146 0 121 29 24 134 54 130 55 25 139 39 67 23 56 0 53 40 21 72 74 22 133 75 4 110 149 26 0 28 116 68 150 80 109 12 138 0 
Solução encontrada considerada boa
GAP de 3.9886
Numero maximo de geracoes sem evolucao: 373
Solucão valida: Sim
====================================================================================================================


 ===================================================RESULTADOS=========================================================
Melhor fitness final: 1091
Melhor fitness possivel: 1053
Tempo de execução: 52
Melhor solução encontrada: 0 42 142 43 15 145 41 22 133 23 67 25 55 110 21 58 53 0 89 5 84 61 86 140 38 14 100 37 117 13 0 82 48 47 36 143 49 64 11 107 7 106 52 146 0 116 77 3 81 120 9 33 102 50 111 0 31 10 108 126 63 90 32 131 128 20 30 70 101 69 132 0 40 73 72 74 75 56 39 139 4 149 26 105 0 109 54 130 134 24 29 121 68 150 80 12 138 28 0 1 122 51 103 66 71 65 136 35 135 34 78 129 79 76 0 118 60 125 45 17 113 16 141 44 119 91 98 92 0 18 83 114 8 46 124 123 19 62 148 88 127 27 0 112 59 85 93 104 99 96 6 147 0 94 95 97 87 144 57 115 2 137 0 
Solução encontrada considerada boa
GAP de 3.60874
Numero maximo de geracoes sem evolucao: 238
Solucão valida: Sim
====================================================================================================================


 ===================================================RESULTADOS=========================================================
Melhor fitness final: 1121
Melhor fitness possivel: 1053
Tempo de execução: 53
Melhor solução encontrada: 0 3 79 129 78 34 135 35 136 65 66 20 30 70 101 69 27 0 50 102 33 81 120 9 71 103 51 122 1 132 0 31 10 108 128 131 32 90 63 126 62 148 88 127 146 0 28 12 150 80 68 121 29 24 134 130 54 109 138 0 111 76 77 116 55 25 67 23 41 145 15 43 142 42 137 58 0 110 4 139 39 56 75 133 22 74 72 73 21 40 0 52 7 123 19 107 11 64 49 143 36 46 45 8 114 18 0 95 97 14 119 44 141 16 61 59 112 0 89 147 6 96 104 99 93 85 91 100 37 98 92 94 0 13 117 87 144 57 115 2 149 26 105 53 0 118 60 83 125 17 113 86 140 38 84 5 0 82 124 47 48 106 0 
Solução encontrada considerada mediana
GAP de 6.45774
Numero maximo de geracoes sem evolucao: 508
Solucão valida: Sim
====================================================================================================================


 ===================================================RESULTADOS=========================================================
Melhor fitness final: 1101
Melhor fitness possivel: 1053
Tempo de execução: 52
Melhor solução encontrada: 0 58 2 57 144 87 97 95 94 6 147 112 0 10 108 131 32 90 126 63 64 49 143 36 47 7 106 146 0 83 114 8 124 46 45 125 17 113 84 5 118 60 0 54 130 55 25 139 39 67 23 75 56 4 110 0 12 109 150 80 134 24 29 121 68 77 116 76 111 0 50 102 33 81 120 9 51 122 30 70 101 69 132 0 3 79 129 78 34 135 35 136 65 71 103 66 128 20 1 0 96 59 61 16 141 86 140 38 100 98 37 92 117 0 104 99 93 85 91 44 119 14 142 43 15 42 137 13 0 52 88 148 62 11 107 19 123 48 82 18 89 0 127 31 27 53 40 21 73 72 74 133 22 41 145 115 0 105 26 149 138 28 0 
Solução encontrada considerada boa
GAP de 4.5584
Numero maximo de geracoes sem evolucao: 1493
Solucão valida: Sim
====================================================================================================================


 ===================================================RESULTADOS=========================================================
Melhor fitness final: 1113
Melhor fitness possivel: 1053
Tempo de execução: 54
Melhor solução encontrada: 0 33 81 120 20 128 131 32 90 63 126 11 123 7 106 52 0 13 117 97 87 144 2 115 145 41 23 67 4 110 0 109 150 80 68 134 24 29 121 34 78 129 79 3 77 116 0 132 69 101 70 122 30 108 10 62 148 88 31 127 146 0 76 50 102 9 135 35 136 65 71 66 103 51 1 0 27 111 28 138 12 26 149 21 40 58 105 53 0 54 130 55 25 139 39 56 75 133 22 74 72 73 0 137 57 15 43 42 142 14 38 140 86 16 61 93 104 99 0 96 59 98 85 91 141 44 119 100 37 92 95 0 82 48 19 107 64 49 143 36 47 124 46 83 60 0 18 114 8 125 45 17 113 84 5 118 89 0 94 6 147 112 0 
Solução encontrada considerada mediana
GAP de 5.69801
Numero maximo de geracoes sem evolucao: 321
Solucão valida: Sim
====================================================================================================================


 ===================================================RESULTADOS=========================================================
Melhor fitness final: 1087
Melhor fitness possivel: 1053
Tempo de execução: 54
Melhor solução encontrada: 0 93 85 16 86 140 38 43 15 41 145 115 2 137 0 97 92 37 98 100 91 141 44 119 14 142 42 57 144 87 0 79 78 34 135 35 136 65 71 66 103 51 1 132 27 0 13 117 95 59 99 104 96 94 6 147 89 0 112 58 40 21 73 72 4 110 149 26 105 53 0 69 101 70 122 30 20 128 131 32 90 63 126 108 10 62 148 0 28 116 68 150 80 121 29 24 134 54 109 12 138 0 76 77 3 129 120 9 81 33 102 50 111 0 130 55 25 139 39 67 23 56 75 133 22 74 0 83 114 8 125 45 17 113 61 84 5 118 60 0 127 88 123 19 107 11 64 49 143 36 47 124 46 18 0 31 7 48 82 106 52 146 0 
Solução encontrada considerada boa
GAP de 3.22887
Numero maximo de geracoes sem evolucao: 573
Solucão valida: Sim
====================================================================================================================


 ===================================================RESULTADOS=========================================================
Melhor fitness final: 1069
Melhor fitness possivel: 1053
Tempo de execução: 56
Melhor solução encontrada: 0 27 69 101 70 122 30 20 128 131 32 90 63 126 62 148 88 127 0 105 40 21 73 74 75 133 22 41 145 15 43 142 42 117 95 0 72 56 23 67 39 139 25 55 4 110 149 26 0 111 50 102 33 81 34 78 129 79 3 77 116 76 0 132 1 51 103 66 71 65 136 35 135 120 9 0 31 10 108 11 107 64 49 143 36 19 123 7 52 0 146 106 82 48 47 124 46 45 125 8 114 18 0 89 118 60 83 61 16 141 91 85 93 6 0 5 84 17 113 86 140 38 14 119 44 100 37 98 0 58 137 2 115 57 144 87 97 92 59 104 99 96 147 0 28 150 80 68 121 29 24 134 130 54 109 12 138 0 112 94 13 53 0 
Solução encontrada considerada boa
GAP de 1.51947
Numero maximo de geracoes sem evolucao: 283
Solucão valida: Sim
====================================================================================================================


 ===================================================RESULTADOS=========================================================
Melhor fitness final: 1115
Melhor fitness possivel: 1053
Tempo de execução: 56
Melhor solução encontrada: 0 58 40 21 73 72 75 133 22 41 145 15 43 142 42 100 91 0 76 121 29 78 34 135 35 136 65 71 66 103 9 51 111 0 70 122 30 20 128 131 32 90 63 126 108 10 62 148 88 146 0 138 12 109 54 130 55 25 139 39 67 23 56 0 83 125 45 8 114 82 106 127 31 101 1 69 132 0 61 16 141 44 119 14 38 140 86 113 17 84 60 0 13 137 2 115 57 144 87 97 117 95 94 112 0 28 116 77 3 79 129 120 81 33 102 50 0 105 26 149 150 80 68 24 134 4 110 74 53 0 147 6 96 99 104 93 85 98 37 92 59 0 48 124 46 47 36 143 49 64 11 107 19 123 7 0 27 52 18 118 5 89 0 
Solução encontrada considerada mediana
GAP de 5.88794
Numero maximo de geracoes sem evolucao: 798
Solucão valida: Sim
====================================================================================================================


 ===================================================RESULTADOS=========================================================
Melhor fitness final: 1102
Melhor fitness possivel: 1053
Tempo de execução: 58
Melhor solução encontrada: 0 33 81 103 71 135 35 136 65 66 128 20 30 122 0 52 7 19 107 11 64 49 143 36 47 124 46 8 114 18 0 109 54 130 55 25 139 39 67 23 56 4 110 40 0 58 2 115 145 41 22 133 75 74 72 73 21 149 26 0 138 12 150 80 134 24 29 121 68 116 50 1 69 27 0 137 87 144 57 15 43 38 140 14 142 42 100 98 37 117 13 0 53 105 111 132 101 70 123 48 82 106 146 0 85 91 119 44 141 86 16 61 93 6 0 89 60 118 5 84 113 17 45 125 83 0 112 94 95 97 92 59 104 99 96 147 0 102 51 9 120 34 78 129 79 3 77 76 28 0 127 88 148 62 126 63 90 32 131 108 10 31 0 
Solução encontrada considerada boa
GAP de 4.65337
Numero maximo de geracoes sem evolucao: 990
Solucão valida: Sim
====================================================================================================================
====================================================================================================================
====================================================================================================================


 ===================================================RESULTADOS=========================================================
Melhor fitness final: 1099
Melhor fitness possivel: 1053
Tempo de execução: 50
Melhor solução encontrada: 0 52 7 123 19 107 11 126 63 90 32 131 128 20 30 122 70 101 0 73 72 74 75 56 23 67 39 139 4 110 0 127 88 148 62 64 49 143 36 47 124 48 18 0 109 150 80 68 121 29 24 134 25 55 130 54 149 26 0 13 117 95 97 87 144 57 115 2 137 58 40 105 53 0 79 129 78 34 135 35 136 65 71 9 120 81 33 0 132 69 1 50 102 3 77 116 76 12 138 28 0 94 59 92 37 98 100 91 85 93 104 99 96 6 0 89 118 60 83 125 45 46 8 114 82 106 146 0 5 84 17 113 86 141 16 61 147 0 112 42 142 14 119 44 140 38 43 15 145 41 22 133 21 0 111 51 103 66 108 10 31 27 0 
Solução encontrada considerada boa
GAP de 4.36847
Numero maximo de geracoes sem evolucao: 1153
Solucão valida: Sim
====================================================================================================================


 ===================================================RESULTADOS=========================================================
Melhor fitness final: 1137
Melhor fitness possivel: 1053
Tempo de execução: 52
Melhor solução encontrada: 0 120 9 71 65 136 35 135 34 78 129 79 3 77 76 0 28 26 149 130 55 25 67 23 74 72 58 53 0 31 88 148 123 19 36 47 124 48 82 7 106 0 50 102 33 81 51 103 66 128 20 30 122 27 0 111 116 80 150 68 121 29 24 134 54 109 12 138 0 105 110 4 139 39 56 75 133 22 41 145 73 21 40 0 127 62 107 11 126 63 90 32 131 108 10 70 101 1 69 132 0 13 117 92 37 16 141 44 119 14 142 42 144 57 115 2 137 0 94 59 98 85 93 99 104 96 6 147 0 95 97 87 100 91 61 5 118 60 83 8 114 0 15 43 38 140 86 113 17 84 125 45 46 143 49 64 0 112 89 18 52 146 0 
Solução encontrada considerada mediana
GAP de 7.97721
Numero maximo de geracoes sem evolucao: 1385
Solucão valida: Sim
====================================================================================================================


 ===================================================RESULTADOS=========================================================
Melhor fitness final: 1078
Melhor fitness possivel: 1053
Tempo de execução: 56
Melhor solução encontrada: 0 114 125 45 17 113 86 140 38 44 119 14 117 0 5 84 61 16 141 91 37 92 97 87 144 57 115 2 58 0 13 95 59 98 100 85 93 104 99 96 0 18 82 124 47 64 49 143 36 46 8 83 60 118 89 0 28 76 116 77 3 79 129 68 150 80 109 12 138 0 1 51 103 71 9 120 81 33 102 50 111 0 132 69 101 70 30 128 131 32 90 63 126 108 10 31 127 0 54 130 134 24 29 121 78 34 135 35 136 65 66 20 122 0 73 75 56 23 67 39 139 25 55 4 110 149 26 0 137 42 142 43 15 145 41 22 133 74 72 21 40 105 53 0 27 88 148 62 11 107 19 123 48 7 106 52 146 0 147 6 94 112 0 
Solução encontrada considerada boa
GAP de 2.37417
Numero maximo de geracoes sem evolucao: 165
Solucão valida: Sim
====================================================================================================================


 ===================================================RESULTADOS=========================================================
Melhor fitness final: 1086
Melhor fitness possivel: 1053
Tempo de execução: 55
Melhor solução encontrada: 0 105 110 4 139 56 75 133 22 74 72 73 21 40 53 0 51 103 9 120 135 35 136 65 71 66 20 122 1 132 0 61 113 86 140 38 14 119 44 141 16 91 37 92 0 147 6 96 99 104 93 85 59 95 94 0 27 69 101 70 30 128 131 32 90 63 126 108 10 127 146 0 111 50 102 33 81 34 78 129 79 3 77 116 76 0 18 83 114 125 45 17 84 5 118 60 89 0 13 117 97 98 100 42 142 43 15 57 115 2 144 87 137 0 109 134 24 29 121 68 150 80 12 138 28 0 82 48 123 19 64 49 143 36 47 124 46 8 0 26 149 54 130 55 25 39 67 23 41 145 58 0 31 88 148 62 11 107 7 106 52 112 0 
Solução encontrada considerada boa
GAP de 3.1339
Numero maximo de geracoes sem evolucao: 407
Solucão valida: Sim
====================================================================================================================


 ===================================================RESULTADOS=========================================================
Melhor fitness final: 1118
Melhor fitness possivel: 1053
Tempo de execução: 53
Melhor solução encontrada: 0 150 121 29 24 134 54 130 55 25 67 23 145 115 2 58 0 69 101 70 30 122 51 9 120 81 33 102 50 76 0 21 73 72 74 22 41 133 75 56 39 139 4 110 0 94 95 92 37 98 100 91 85 93 59 104 99 6 0 83 114 8 46 36 143 49 64 47 124 48 82 52 146 0 13 117 97 42 142 14 119 44 140 38 43 15 57 144 87 137 0 53 105 40 26 149 109 12 138 28 111 132 27 0 89 60 84 125 45 17 113 86 141 16 61 96 0 80 68 116 77 3 79 129 78 34 135 35 136 65 71 0 7 123 19 107 11 126 63 90 32 131 128 20 66 103 1 0 127 31 10 108 62 148 88 106 18 0 112 118 5 147 0 
Solução encontrada considerada mediana
GAP de 6.17284
Numero maximo de geracoes sem evolucao: 84
Solucão valida: Sim
====================================================================================================================


 ===================================================RESULTADOS=========================================================
Melhor fitness final: 1099
Melhor fitness possivel: 1053
Tempo de execução: 50
Melhor solução encontrada: 0 129 78 34 135 35 136 65 71 66 103 9 120 51 1 0 109 54 130 134 24 29 121 68 80 150 12 138 28 0 94 96 104 99 59 93 85 98 97 117 13 0 83 114 8 125 45 17 113 86 84 118 60 0 87 144 57 42 142 14 119 44 16 61 91 100 37 92 95 0 111 76 116 77 3 79 81 33 102 50 27 0 52 106 7 48 47 124 46 82 18 89 147 112 0 21 73 72 74 133 22 145 15 43 38 140 141 5 6 0 127 10 108 126 63 90 32 131 128 20 30 122 70 101 69 132 0 53 110 4 55 25 139 39 67 23 56 75 41 115 2 137 0 146 88 123 19 36 143 49 64 11 107 62 148 31 0 105 26 149 40 58 0 
Solução encontrada considerada boa
GAP de 4.36847
Numero maximo de geracoes sem evolucao: 421
Solucão valida: Sim
====================================================================================================================


 ===================================================RESULTADOS=========================================================
Melhor fitness final: 1099
Melhor fitness possivel: 1053
Tempo de execução: 50
Melhor solução encontrada: 0 107 11 64 49 143 36 47 19 123 62 148 127 0 88 10 108 126 63 90 32 131 128 66 20 122 1 132 27 0 98 37 100 91 119 44 141 16 61 5 118 60 0 76 116 77 3 79 129 78 34 135 35 136 65 71 103 51 69 0 146 52 106 7 82 48 124 46 45 125 8 114 83 18 0 28 50 102 33 81 120 9 30 70 101 31 0 13 137 87 144 57 43 15 41 145 115 2 58 105 53 0 93 85 84 17 113 86 140 38 14 142 42 117 0 112 94 95 97 92 59 99 104 96 6 147 89 0 23 67 25 55 130 54 134 24 29 121 68 80 150 0 40 21 73 72 74 22 133 75 56 39 139 4 110 0 111 138 12 109 149 26 0 
Solução encontrada considerada boa
GAP de 4.36847
Numero maximo de geracoes sem evolucao: 795
Solucão valida: Sim
====================================================================================================================


 ===================================================RESULTADOS=========================================================
Melhor fitness final: 1070
Melhor fitness possivel: 1053
Tempo de execução: 54
Melhor solução encontrada: 0 111 76 116 68 121 29 24 134 150 80 12 138 28 0 93 98 37 100 91 119 44 140 38 14 142 42 43 15 41 145 115 2 0 77 3 79 129 78 34 120 9 81 33 102 50 0 69 122 30 20 128 66 65 136 35 135 71 103 51 1 132 0 149 110 4 139 39 56 75 133 22 74 72 21 0 27 52 106 82 114 8 45 125 83 118 60 18 0 112 94 95 92 59 104 99 96 6 147 89 0 5 84 17 113 86 141 16 61 85 0 53 40 73 23 67 25 55 130 54 109 26 105 0 48 124 46 47 36 143 49 64 11 107 19 123 7 0 101 70 131 32 90 63 126 108 10 62 148 88 31 127 146 0 13 117 97 87 144 57 137 58 0 
Solução encontrada considerada boa
GAP de 1.61443
Numero maximo de geracoes sem evolucao: 425
Solucão valida: Sim
====================================================================================================================


 ===================================================RESULTADOS=========================================================
Melhor fitness final: 1101
Melhor fitness possivel: 1053
Tempo de execução: 54
Melhor solução encontrada: 0 18 83 114 8 125 45 17 113 84 5 118 60 0 138 12 109 150 80 68 24 134 54 130 149 26 0 94 59 92 37 98 85 93 99 104 96 147 0 132 69 101 70 122 51 9 103 71 65 136 35 135 34 78 29 121 116 0 106 7 123 19 64 49 143 36 47 46 124 48 82 0 137 2 115 144 57 145 41 15 43 38 140 86 16 61 6 0 112 89 52 88 148 62 108 10 31 127 27 0 111 1 30 20 66 128 131 32 90 63 126 11 107 146 0 13 117 87 42 142 14 119 44 141 91 100 97 95 0 28 76 77 3 79 129 120 81 33 102 50 0 105 110 4 55 25 139 39 67 23 56 75 58 0 21 72 74 133 22 73 40 53 0 
Solução encontrada considerada boa
GAP de 4.5584
Numero maximo de geracoes sem evolucao: 253
Solucão valida: Sim
====================================================================================================================


 ===================================================RESULTADOS=========================================================
Melhor fitness final: 1071
Melhor fitness possivel: 1053
Tempo de execução: 51
Melhor solução encontrada: 0 101 70 131 32 90 63 126 108 10 62 148 88 31 127 146 0 138 109 54 130 55 25 39 139 4 110 149 26 105 0 114 8 46 124 47 36 143 49 64 11 107 19 123 7 0 147 6 96 104 99 93 85 98 37 92 59 94 0 132 69 122 30 51 103 9 120 81 33 102 50 0 97 100 91 61 16 86 113 17 84 5 118 60 0 21 73 72 74 75 56 67 23 133 22 41 145 115 0 3 79 129 78 34 135 35 136 65 71 66 128 20 1 27 0 2 144 57 15 43 38 140 141 44 119 14 142 42 87 137 0 89 18 83 125 45 48 82 106 52 0 28 12 80 150 134 24 29 121 68 77 116 76 111 0 53 40 58 13 117 95 112 0 
Solução encontrada considerada boa
GAP de 1.7094
Numero maximo de geracoes sem evolucao: 548
Solucão valida: Sim
====================================================================================================================

