
 ===================================================RESULTADOS=========================================================
Melhor fitness final: 1111
Melhor fitness possivel: 1053
Tempo de execução: 67
Melhor solução encontrada: 0 127 10 108 126 63 90 32 131 128 20 30 122 70 101 69 132 0 6 147 18 106 88 148 62 31 1 102 50 27 0 53 58 40 72 4 25 55 130 54 109 12 149 26 0 48 124 46 47 36 143 49 64 11 107 19 123 7 0 104 99 85 61 16 141 44 119 91 100 37 59 0 13 137 2 115 57 144 87 97 95 96 94 112 0 51 103 66 71 65 136 35 135 9 120 81 33 0 110 139 39 67 23 56 75 133 22 74 73 21 0 76 116 77 3 79 129 78 34 121 29 24 134 80 150 68 0 89 60 118 5 83 125 45 8 114 82 52 146 0 145 41 15 43 42 142 14 38 140 86 113 17 84 93 98 92 117 0 105 138 111 28 0 
Solução encontrada considerada mediana
GAP de 5.50807
Numero maximo de geracoes sem evolucao: 307
Solucão valida: Sim
====================================================================================================================


 ===================================================RESULTADOS=========================================================
Melhor fitness final: 1114
Melhor fitness possivel: 1053
Tempo de execução: 65
Melhor solução encontrada: 0 110 4 56 75 23 67 39 139 25 55 130 54 0 87 14 38 140 86 44 119 100 37 98 93 99 0 27 146 52 106 7 48 124 47 49 143 36 46 82 18 0 127 88 10 108 126 63 90 32 131 128 20 30 122 70 101 69 132 0 21 73 72 74 133 22 41 145 15 43 142 42 144 57 115 2 0 31 148 62 123 19 107 11 64 66 103 51 1 0 77 3 129 78 34 135 35 136 65 71 9 120 81 33 0 118 60 83 114 8 125 45 17 113 84 5 0 53 58 40 105 26 149 109 12 138 111 28 0 94 96 104 61 16 141 91 85 59 92 97 137 0 50 102 79 121 29 24 134 80 150 68 116 76 0 112 13 117 95 6 147 89 0 
Solução encontrada considerada mediana
GAP de 5.79297
Numero maximo de geracoes sem evolucao: 578
Solucão valida: Sim
====================================================================================================================


 ===================================================RESULTADOS=========================================================
Melhor fitness final: 1117
Melhor fitness possivel: 1053
Tempo de execução: 66
Melhor solução encontrada: 0 60 118 61 16 86 141 44 119 91 100 37 92 0 54 130 55 25 39 56 75 133 22 74 72 73 21 0 27 146 89 6 95 97 87 144 57 115 2 137 13 112 0 50 102 33 81 120 9 51 122 30 70 101 1 132 0 28 111 138 12 109 149 26 105 58 53 0 68 80 150 134 24 29 121 34 78 129 79 3 77 116 76 0 40 110 4 139 67 23 41 145 15 43 38 140 14 142 42 117 0 94 59 98 85 93 99 104 96 0 31 90 32 131 128 20 66 65 136 35 135 71 103 69 0 82 48 47 36 143 49 64 19 123 7 106 52 0 127 88 148 62 10 108 126 63 11 107 124 46 8 114 18 0 147 5 84 113 17 45 125 83 0 
Solução encontrada considerada mediana
GAP de 6.07787
Numero maximo de geracoes sem evolucao: 903
Solucão valida: Sim
====================================================================================================================


 ===================================================RESULTADOS=========================================================
Melhor fitness final: 1121
Melhor fitness possivel: 1053
Tempo de execução: 66
Melhor solução encontrada: 0 89 147 6 94 95 97 87 144 57 2 137 13 0 81 51 20 131 32 90 126 63 64 49 143 36 46 82 106 52 146 0 127 88 148 31 70 30 128 66 65 136 71 103 1 0 108 10 62 11 107 19 123 47 124 48 7 0 60 118 5 84 113 17 45 125 8 114 83 18 0 132 69 101 122 9 120 135 35 34 78 129 79 77 116 76 0 61 16 141 86 140 38 14 142 42 43 15 41 145 115 0 111 50 102 33 3 68 80 150 109 12 138 28 0 96 99 104 59 93 85 91 44 119 100 37 98 92 117 0 26 149 110 4 139 39 25 55 130 54 134 24 29 121 0 58 73 74 22 133 75 23 67 56 72 21 40 0 27 112 53 105 0 
Solução encontrada considerada mediana
GAP de 6.45774
Numero maximo de geracoes sem evolucao: 338
Solucão valida: Sim
====================================================================================================================


 ===================================================RESULTADOS=========================================================
Melhor fitness final: 1105
Melhor fitness possivel: 1053
Tempo de execução: 66
Melhor solução encontrada: 0 60 118 5 84 17 113 16 141 44 119 14 92 0 53 105 26 149 109 12 138 28 111 1 132 27 0 58 2 115 145 41 15 57 144 87 97 95 59 99 104 96 6 0 69 101 70 30 20 128 131 32 90 63 126 108 10 62 148 88 0 76 116 77 3 79 129 120 81 33 102 50 0 48 124 46 47 36 143 49 64 11 107 19 123 7 0 40 21 73 72 74 22 133 75 56 39 139 4 110 0 93 98 37 100 91 85 61 86 140 38 43 142 42 117 0 150 80 68 121 29 24 134 54 130 55 25 67 23 0 127 31 122 51 9 103 66 71 65 136 35 135 34 78 0 147 89 18 83 125 45 8 114 82 106 52 146 0 112 94 13 137 0 
Solução encontrada considerada boa
GAP de 4.93827
Numero maximo de geracoes sem evolucao: 411
Solucão valida: Sim
====================================================================================================================


 ===================================================RESULTADOS=========================================================
Melhor fitness final: 1117
Melhor fitness possivel: 1053
Tempo de execução: 66
Melhor solução encontrada: 0 127 31 70 131 32 90 63 126 108 10 62 148 88 52 146 0 40 21 73 72 74 22 133 75 56 39 139 4 110 0 76 116 77 3 79 129 78 34 120 9 51 102 50 0 13 95 92 37 100 119 14 142 42 57 144 87 137 53 0 105 26 149 109 12 138 28 111 1 101 69 132 27 0 112 94 59 99 104 96 6 147 89 0 48 124 46 47 36 143 49 64 11 107 19 123 7 0 122 30 20 128 66 103 71 65 136 35 135 81 33 0 150 80 68 121 29 24 134 54 130 55 25 67 23 0 93 85 61 113 86 141 91 98 97 117 0 118 60 83 84 17 45 125 8 114 82 106 18 0 5 16 44 140 38 43 15 41 145 115 2 58 0 
Solução encontrada considerada mediana
GAP de 6.07787
Numero maximo de geracoes sem evolucao: 837
Solucão valida: Sim
====================================================================================================================


 ===================================================RESULTADOS=========================================================
Melhor fitness final: 1126
Melhor fitness possivel: 1053
Tempo de execução: 67
Melhor solução encontrada: 0 132 69 101 70 30 122 51 9 120 81 1 111 138 28 0 110 4 139 39 56 75 133 22 74 72 73 21 40 0 76 116 77 3 79 129 78 34 29 121 68 150 80 109 12 0 105 53 112 94 59 104 99 96 6 147 89 0 50 102 33 103 71 135 35 136 65 66 128 20 27 0 137 2 115 57 15 43 142 42 144 87 97 37 98 92 95 117 13 0 26 149 130 54 134 24 55 25 67 23 41 145 58 0 10 108 131 32 90 63 126 11 107 19 123 148 88 0 93 91 141 113 17 84 5 118 60 0 85 61 16 86 140 38 14 119 44 100 0 127 31 62 64 49 143 36 47 46 124 48 7 146 0 52 106 82 114 8 45 125 83 18 0 
Solução encontrada considerada mediana
GAP de 6.93257
Numero maximo de geracoes sem evolucao: 1450
Solucão valida: Sim
====================================================================================================================


 ===================================================RESULTADOS=========================================================
Melhor fitness final: 1082
Melhor fitness possivel: 1053
Tempo de execução: 67
Melhor solução encontrada: 0 31 70 30 20 128 66 71 65 136 35 135 34 78 50 0 47 36 143 49 64 11 107 19 123 7 106 52 146 0 112 94 95 97 92 59 104 99 96 6 147 89 0 13 137 87 144 42 142 43 15 57 145 41 22 115 2 58 0 111 102 33 81 120 9 103 51 122 1 132 0 105 4 139 39 67 25 55 130 54 109 12 138 0 26 149 110 56 23 75 133 74 72 73 21 40 53 0 93 61 16 141 44 119 91 85 98 37 117 0 68 150 80 134 24 29 121 129 79 3 77 116 76 28 0 127 88 148 62 126 63 90 32 131 108 10 101 69 27 0 5 84 125 45 17 113 86 140 38 14 100 0 18 82 48 124 46 8 114 83 60 118 0 
Solução encontrada considerada boa
GAP de 2.75404
Numero maximo de geracoes sem evolucao: 361
Solucão valida: Sim
====================================================================================================================


 ===================================================RESULTADOS=========================================================
Melhor fitness final: 1104
Melhor fitness possivel: 1053
Tempo de execução: 66
Melhor solução encontrada: 0 70 122 30 20 128 131 32 90 63 126 108 10 62 148 88 0 51 103 71 136 35 135 9 120 81 33 102 50 0 27 132 69 1 101 31 127 106 7 48 82 18 52 146 0 112 94 59 92 37 98 85 93 99 104 96 6 0 111 76 116 77 3 68 80 150 109 12 138 28 0 66 65 34 78 129 79 121 29 24 134 54 130 55 25 139 0 13 117 97 42 142 14 119 44 141 16 61 91 100 95 0 123 19 107 11 64 49 143 36 47 124 46 8 114 83 0 105 40 21 72 74 133 22 41 145 115 2 144 87 137 0 58 73 75 56 23 67 39 4 110 149 26 0 5 84 125 45 17 113 86 140 38 43 15 57 53 0 147 118 60 89 0 
Solução encontrada considerada boa
GAP de 4.8433
Numero maximo de geracoes sem evolucao: 994
Solucão valida: Sim
====================================================================================================================


 ===================================================RESULTADOS=========================================================
Melhor fitness final: 1131
Melhor fitness possivel: 1053
Tempo de execução: 66
Melhor solução encontrada: 0 60 118 5 84 113 17 45 125 8 114 83 18 0 13 117 95 97 92 59 99 104 96 94 6 147 89 0 82 48 124 46 47 36 143 49 19 123 106 52 0 132 101 70 30 51 9 120 81 33 102 50 111 0 72 56 39 67 23 75 133 22 74 73 0 21 110 4 139 25 55 130 54 134 24 29 121 68 150 80 0 76 116 77 3 79 129 78 34 135 35 136 65 71 103 1 0 93 85 98 37 100 91 141 44 119 14 142 42 0 31 10 108 131 32 90 63 126 62 148 88 127 146 0 27 28 138 12 109 149 26 105 40 58 53 0 61 16 86 140 38 43 15 41 145 115 2 57 144 87 137 0 69 122 20 128 66 64 11 107 7 112 0 
Solução encontrada considerada mediana
GAP de 7.40741
Numero maximo de geracoes sem evolucao: 399
Solucão valida: Sim
====================================================================================================================

