NUMINSLANDS: 12
NUMPOPULACAO: 166
 ===================================================RESULTADOS=========================================================
Melhor fitness final: 1397
Melhor fitness possivel: 1373
Tempo de execução: 133
Melhor solução encontrada: 0 144 172 42 142 14 192 119 44 191 141 16 113 17 173 0 154 138 12 109 177 80 150 68 116 184 28 0 103 161 71 136 65 66 188 20 128 160 70 0 152 115 145 41 23 186 39 187 139 155 4 110 0 56 67 170 25 55 165 130 54 134 163 24 29 121 3 158 0 198 72 197 75 133 22 74 171 73 21 40 0 59 92 151 37 98 100 193 91 85 93 104 99 96 0 123 19 107 175 11 181 64 49 143 36 47 168 0 146 52 82 48 124 46 174 45 125 8 114 199 83 0 185 129 169 78 34 164 35 135 120 9 51 30 122 69 0 13 137 87 97 117 95 94 183 6 147 0 10 189 108 131 32 90 63 126 159 62 148 88 0 111 50 102 157 33 81 79 77 196 76 0 167 127 190 31 162 101 1 176 132 27 0 182 7 194 106 153 18 84 5 118 60 166 89 0 58 2 178 57 15 43 38 140 86 61 112 156 0 53 105 180 149 179 195 26 0 
Solução encontrada considerada boa
GAP de 1.748
Numero maximo de geracoes sem evolucao: 486
Solucão valida: Sim
====================================================================================================================


 ===================================================RESULTADOS=========================================================
Melhor fitness final: 1408
Melhor fitness possivel: 1373
Tempo de execução: 124
Melhor solução encontrada: 0 89 5 61 16 86 140 38 119 14 43 142 42 172 0 3 158 79 129 169 78 34 164 120 81 185 50 0 147 6 59 193 91 191 141 44 192 100 37 183 0 154 184 116 77 196 76 176 132 27 0 118 60 83 199 8 174 46 124 47 168 48 7 52 0 122 103 161 71 65 136 35 135 9 33 157 102 0 189 10 108 90 32 160 128 66 188 20 51 0 182 123 19 107 175 11 63 126 159 62 148 88 0 28 111 1 162 31 190 127 167 146 0 13 117 92 151 98 85 93 104 99 96 112 0 94 95 97 87 144 57 15 41 145 115 178 2 137 0 138 12 109 195 149 26 180 40 152 58 53 0 177 80 150 68 121 29 24 163 134 54 130 179 105 0 73 72 139 187 39 170 25 55 165 4 155 110 198 0 166 84 173 113 17 45 125 114 82 194 106 153 0 171 74 22 133 75 23 67 186 56 197 21 0 69 101 70 30 131 181 64 49 143 36 18 156 0 
Solução encontrada considerada boa
GAP de 2.54916
Numero maximo de geracoes sem evolucao: 433
Solucão valida: Sim
====================================================================================================================


 ===================================================RESULTADOS=========================================================
Melhor fitness final: 1430
Melhor fitness possivel: 1373
Tempo de execução: 130
Melhor solução encontrada: 0 184 29 24 163 134 165 130 54 179 149 26 105 53 0 191 119 38 140 44 141 16 61 5 118 60 0 2 178 115 171 74 75 133 22 145 57 42 172 144 137 0 195 109 177 150 80 68 3 158 77 116 196 76 0 52 106 194 7 182 48 168 47 124 82 153 0 28 154 138 111 176 1 122 30 70 101 162 69 132 0 198 110 155 4 55 25 170 39 187 139 72 73 21 0 79 129 185 33 81 120 9 161 71 103 51 0 20 188 66 128 160 131 32 90 108 10 189 0 156 112 13 87 97 95 183 6 147 89 0 50 102 157 65 136 35 135 164 34 78 169 121 12 0 27 167 190 31 159 62 148 88 127 146 0 197 56 186 67 23 41 15 43 142 14 192 91 193 100 117 0 166 199 46 36 143 49 64 181 63 126 11 175 107 19 123 0 83 84 173 86 113 17 45 125 174 8 114 18 0 96 99 104 93 85 98 37 151 92 59 94 0 58 152 40 180 0 
Solução encontrada considerada boa
GAP de 4.15149
Numero maximo de geracoes sem evolucao: 966
Solucão valida: Sim
====================================================================================================================


 ===================================================RESULTADOS=========================================================
Melhor fitness final: 1434
Melhor fitness possivel: 1373
Tempo de execução: 128
Melhor solução encontrada: 0 123 19 107 175 11 62 159 10 189 108 70 101 0 83 199 114 8 174 125 45 17 113 86 91 193 0 82 48 168 47 124 46 36 143 49 64 181 63 126 0 90 32 131 160 128 20 188 71 161 103 51 0 198 139 187 170 25 55 165 130 54 134 163 24 29 121 0 155 4 39 67 23 186 56 75 41 145 15 43 57 0 50 102 157 176 132 69 162 31 190 127 52 0 33 81 120 164 34 78 169 129 79 158 3 76 0 172 42 142 14 119 44 191 141 16 61 173 84 5 0 149 195 179 110 197 72 74 133 22 171 73 21 0 12 109 177 150 80 68 77 116 196 184 0 183 94 95 97 87 144 178 115 2 137 0 13 117 151 92 37 98 85 93 59 99 104 147 0 28 154 138 26 180 40 58 152 105 53 0 27 167 88 148 182 7 194 106 153 18 166 146 0 112 6 96 100 192 38 140 118 60 89 156 0 111 185 9 135 35 136 65 66 30 122 1 0 
Solução encontrada considerada boa
GAP de 4.44283
Numero maximo de geracoes sem evolucao: 1056
Solucão valida: Sim
====================================================================================================================


 ===================================================RESULTADOS=========================================================
Melhor fitness final: 1435
Melhor fitness possivel: 1373
Tempo de execução: 129
Melhor solução encontrada: 0 123 19 107 175 11 64 181 131 32 90 63 126 62 146 0 132 20 66 65 136 35 135 71 161 103 1 176 0 76 196 116 68 150 80 165 55 25 130 54 109 138 0 27 167 127 190 31 88 182 7 194 52 0 133 75 56 186 23 67 170 39 187 139 110 0 26 149 195 179 155 4 197 72 73 21 198 0 111 50 33 81 120 9 51 30 70 101 162 69 0 87 119 44 140 38 14 142 42 172 144 57 178 115 2 0 18 82 48 124 168 47 49 143 36 46 114 199 83 0 171 74 22 41 145 15 43 192 113 17 45 125 174 8 0 122 188 128 160 108 189 10 159 148 106 153 0 156 183 94 95 97 151 92 59 96 6 147 0 104 99 93 61 173 84 5 118 60 166 89 0 85 16 86 141 191 91 193 100 98 37 117 0 53 105 180 40 152 58 137 13 112 0 102 157 185 78 164 34 169 129 79 158 3 77 0 28 184 121 29 24 163 134 177 12 154 0 
Solução encontrada considerada boa
GAP de 4.51566
Numero maximo de geracoes sem evolucao: 1116
Solucão valida: Sim
====================================================================================================================


 ===================================================RESULTADOS=========================================================
Melhor fitness final: 1418
Melhor fitness possivel: 1373
Tempo de execução: 128
Melhor solução encontrada: 0 122 160 131 32 90 108 189 10 159 62 148 88 0 111 185 78 34 164 135 35 136 65 71 161 51 1 0 33 81 120 9 66 181 64 49 143 36 46 0 54 130 170 25 55 165 134 163 24 29 121 169 129 79 76 0 179 4 155 139 187 39 67 23 186 197 0 82 48 124 47 168 123 19 107 175 11 63 126 0 109 177 150 80 68 3 158 77 196 116 184 28 0 53 58 152 40 180 26 149 195 12 138 0 154 50 102 157 103 188 20 128 30 70 101 0 114 8 174 45 125 199 83 60 118 147 0 156 89 166 18 153 106 194 7 182 52 146 0 105 198 110 56 75 133 22 41 171 74 72 73 21 0 27 167 127 190 31 162 69 132 176 0 85 61 16 141 191 91 193 98 37 97 117 13 0 100 192 44 140 38 14 142 42 172 57 145 115 178 2 137 0 183 94 95 92 151 59 93 104 99 96 6 0 112 5 84 173 17 113 86 119 43 15 144 87 0 
Solução encontrada considerada boa
GAP de 3.27749
Numero maximo de geracoes sem evolucao: 414
Solucão valida: Sim
====================================================================================================================


 ===================================================RESULTADOS=========================================================
Melhor fitness final: 1409
Melhor fitness possivel: 1373
Tempo de execução: 127
Melhor solução encontrada: 0 153 106 194 182 148 62 159 108 10 189 0 124 46 45 17 113 16 86 140 38 14 142 43 15 42 172 0 13 137 40 180 149 54 134 24 163 177 109 26 0 195 130 165 55 25 170 67 39 187 139 4 179 0 184 196 116 77 3 158 129 79 185 81 33 111 0 12 80 150 68 121 29 169 78 34 164 120 9 0 128 160 131 32 181 90 63 126 11 175 107 19 88 146 0 166 18 82 48 168 47 36 143 49 64 123 7 0 105 198 110 155 56 186 23 75 197 72 21 0 183 94 95 97 92 151 59 104 99 96 6 147 0 28 138 154 76 157 102 50 1 176 132 69 0 87 144 57 178 2 115 145 41 22 133 74 171 73 0 27 167 162 101 30 70 31 190 127 52 89 0 93 85 193 91 191 141 44 119 192 100 98 37 117 0 83 199 114 8 174 125 84 173 61 5 118 60 0 122 20 188 66 65 136 35 135 71 161 103 51 0 53 58 152 112 156 0 
Solução encontrada considerada boa
GAP de 2.622
Numero maximo de geracoes sem evolucao: 569
Solucão valida: Sim
====================================================================================================================


 ===================================================RESULTADOS=========================================================
Melhor fitness final: 1404
Melhor fitness possivel: 1373
Tempo de execução: 125
Melhor solução encontrada: 0 13 59 98 37 100 193 91 85 93 104 99 96 0 198 197 39 67 187 139 4 155 110 179 26 0 156 112 117 97 151 92 95 94 183 6 147 89 0 2 178 115 145 57 15 43 38 140 86 16 61 5 0 118 84 173 113 17 45 125 174 8 114 199 83 60 0 109 177 80 150 68 3 158 77 196 116 184 28 0 21 72 74 75 56 186 23 133 22 41 171 73 0 127 190 88 148 62 159 10 189 31 69 132 0 153 106 194 7 123 168 47 124 48 82 18 166 0 191 141 44 119 192 14 142 42 172 144 87 137 53 0 108 20 188 66 65 136 35 135 71 161 103 0 167 101 70 30 122 51 9 120 164 34 78 81 33 0 46 36 143 49 64 181 128 157 102 50 1 176 111 0 76 185 79 129 169 121 29 24 163 134 165 55 25 170 130 54 0 154 138 12 195 149 180 40 58 152 105 0 162 160 131 32 90 63 126 11 175 107 19 182 52 146 0 27 0 
Solução encontrada considerada boa
GAP de 2.25783
Numero maximo de geracoes sem evolucao: 667
Solucão valida: Sim
====================================================================================================================


 ===================================================RESULTADOS=========================================================
Melhor fitness final: 1421
Melhor fitness possivel: 1373
Tempo de execução: 125
Melhor solução encontrada: 0 146 88 182 148 62 159 10 189 108 30 122 69 0 89 125 45 17 113 86 140 38 14 43 15 57 144 0 79 129 169 78 34 164 135 35 136 65 161 103 0 137 87 2 178 115 145 41 22 133 171 73 53 0 76 196 77 3 158 185 157 102 50 111 0 114 8 174 199 83 84 173 16 61 5 118 60 0 179 130 165 55 25 170 67 39 187 139 4 155 110 0 90 63 126 11 175 107 19 123 168 47 124 48 82 0 105 21 72 74 75 23 186 56 197 198 26 0 152 58 40 180 149 195 12 154 138 0 134 163 24 29 121 81 51 131 181 64 49 143 36 46 7 52 0 156 98 37 100 193 91 191 141 44 119 192 142 42 172 97 117 0 13 95 92 151 59 85 93 104 99 96 0 167 127 190 31 162 101 1 176 132 27 0 33 120 9 71 66 188 20 128 160 32 70 0 112 94 183 6 147 166 18 153 106 194 0 28 184 116 68 150 80 177 54 109 0 
Solução encontrada considerada boa
GAP de 3.49599
Numero maximo de geracoes sem evolucao: 519
Solucão valida: Sim
====================================================================================================================


 ===================================================RESULTADOS=========================================================
Melhor fitness final: 1432
Melhor fitness possivel: 1373
Tempo de execução: 123
Melhor solução encontrada: 0 26 195 54 134 163 24 165 130 179 149 180 105 0 50 120 9 51 122 30 70 101 162 31 190 127 0 82 48 168 47 124 46 36 143 49 19 123 52 146 0 148 62 159 10 189 108 126 63 90 32 131 160 0 55 25 170 67 39 187 139 155 4 110 198 21 40 0 73 74 171 41 22 133 75 23 186 56 197 72 0 6 61 16 141 191 44 119 192 14 142 42 172 117 13 0 28 138 154 184 121 29 185 81 33 157 102 0 5 173 84 125 45 174 8 114 199 83 60 118 0 111 79 129 169 78 34 164 135 35 136 65 66 20 0 27 176 132 69 167 89 166 147 112 156 0 107 175 11 64 181 128 188 71 161 103 1 0 183 94 92 151 97 87 144 57 145 115 178 2 137 0 96 104 99 93 85 91 193 100 37 98 59 95 0 76 196 116 77 158 3 68 80 150 177 109 12 0 88 182 7 194 106 153 18 17 113 86 140 38 43 15 0 152 58 53 0 
Solução encontrada considerada boa
GAP de 4.29716
Numero maximo de geracoes sem evolucao: 438
Solucão valida: Sim
====================================================================================================================


 ===================================================RESULTADOS=========================================================
Melhor fitness final: 1467
Melhor fitness possivel: 1373
Tempo de execução: 125
Melhor solução encontrada: 0 121 29 169 129 79 185 33 81 120 9 51 122 30 70 0 103 161 71 188 20 128 160 131 32 181 0 91 191 141 44 119 192 14 142 42 172 144 178 2 0 82 114 199 125 45 17 113 86 140 38 43 15 57 0 12 150 80 116 196 77 3 158 157 102 50 111 0 194 106 153 18 83 84 173 16 61 5 118 60 166 0 78 34 164 135 35 136 65 66 64 49 46 174 8 0 76 184 68 134 163 24 25 55 165 130 54 177 109 0 149 195 179 198 72 74 133 22 171 73 0 112 183 93 85 193 100 97 87 117 0 56 186 23 67 170 39 187 139 4 155 110 0 182 48 124 168 47 36 143 62 148 88 146 0 94 95 92 151 37 98 59 99 104 96 6 147 89 0 27 69 132 176 1 101 162 31 190 127 167 0 159 189 10 108 90 63 126 11 175 107 19 123 7 52 0 28 138 154 26 180 40 58 152 53 156 0 105 21 197 75 41 145 115 137 13 0 
Solução encontrada considerada mediana
GAP de 6.84632
Numero maximo de geracoes sem evolucao: 568
Solucão valida: Sim
====================================================================================================================


 ===================================================RESULTADOS=========================================================
Melhor fitness final: 1414
Melhor fitness possivel: 1373
Tempo de execução: 122
Melhor solução encontrada: 0 21 72 197 56 186 23 75 133 74 171 73 40 0 77 158 3 169 78 34 164 135 35 136 65 71 51 176 0 152 58 180 149 195 109 12 26 105 53 0 62 11 175 107 19 123 168 47 124 48 82 0 179 165 55 25 170 67 39 187 139 4 155 110 198 0 96 99 104 61 16 141 191 44 119 192 14 142 42 172 137 0 13 117 95 97 87 144 57 145 41 22 115 178 2 0 27 167 162 31 159 148 88 190 127 146 0 189 10 108 90 126 63 181 64 49 143 36 46 17 173 112 0 1 103 161 66 188 20 128 160 131 32 0 134 163 24 29 121 129 79 185 81 120 9 33 111 0 52 182 7 194 106 153 18 166 89 147 6 183 0 138 154 76 50 102 157 122 30 70 101 69 132 0 114 8 174 45 125 199 83 60 118 156 0 59 93 85 91 193 100 98 37 151 92 94 0 130 54 177 150 80 68 116 196 184 28 0 5 84 113 86 140 38 43 15 0 
Solução encontrada considerada boa
GAP de 2.98616
Numero maximo de geracoes sem evolucao: 487
Solucão valida: Sim
====================================================================================================================


 ===================================================RESULTADOS=========================================================
Melhor fitness final: 1358
Melhor fitness possivel: 1373
Tempo de execução: 127
Melhor solução encontrada: 0 26 149 4 56 186 23 75 197 72 21 180 0 53 58 152 115 145 41 22 133 74 171 73 40 105 0 88 148 189 10 108 159 62 182 194 106 0 111 33 81 164 34 78 169 121 29 24 163 134 54 0 89 166 118 60 83 199 125 45 174 114 18 0 179 130 165 55 25 170 67 39 187 139 155 110 198 0 156 147 93 85 91 193 100 98 37 97 117 13 0 5 84 17 113 86 140 38 43 15 57 144 178 2 137 0 50 102 157 185 79 129 158 3 77 116 196 76 0 132 1 51 103 161 71 65 136 35 135 120 9 0 167 127 190 31 70 30 122 101 162 69 27 0 183 94 95 92 151 59 99 104 96 6 112 0 176 20 188 66 128 160 131 32 181 63 126 90 0 28 184 68 80 150 177 109 195 12 138 154 0 173 61 16 141 191 44 119 192 14 142 42 172 87 0 8 46 124 168 47 36 143 49 64 11 175 107 19 123 7 0 146 52 48 82 153 0 
Solução encontrada considerada ruim
GAP de -1.0925
Numero maximo de geracoes sem evolucao: 465
Solucão valida: Sim
====================================================================================================================


 ===================================================RESULTADOS=========================================================
Melhor fitness final: 1426
Melhor fitness possivel: 1373
Tempo de execução: 124
Melhor solução encontrada: 0 12 109 177 80 150 68 3 77 116 196 76 111 0 72 197 56 186 23 75 133 22 74 171 73 0 127 190 31 88 148 159 62 182 7 194 0 38 140 86 113 17 45 125 174 8 114 199 83 0 2 115 178 57 144 87 172 42 142 14 119 44 192 100 0 27 167 69 132 1 102 157 185 79 129 158 184 28 0 10 189 108 66 65 136 35 135 71 161 103 0 13 117 97 92 151 37 98 85 93 59 104 99 96 0 137 43 15 145 41 67 39 187 139 4 155 110 198 21 0 82 48 124 47 168 123 19 107 175 11 126 63 90 0 20 188 128 160 131 32 181 64 49 143 36 46 18 0 89 60 118 5 84 173 61 16 141 191 91 193 0 152 58 40 180 26 149 179 195 138 154 0 162 101 70 30 122 51 9 120 81 33 50 176 0 164 34 78 169 121 29 24 163 134 165 55 25 170 130 54 0 146 52 106 153 166 147 6 183 94 95 112 0 156 53 105 0 
Solução encontrada considerada boa
GAP de 3.86016
Numero maximo de geracoes sem evolucao: 311
Solucão valida: Sim
====================================================================================================================


 ===================================================RESULTADOS=========================================================
Melhor fitness final: 1433
Melhor fitness possivel: 1373
Tempo de execução: 124
Melhor solução encontrada: 0 73 171 74 22 133 75 4 155 110 198 180 0 147 6 183 59 104 99 118 60 166 89 0 160 131 32 90 63 126 108 189 10 159 148 88 146 0 124 168 47 36 143 49 175 107 19 123 182 52 0 111 50 102 157 3 158 77 116 184 28 0 105 26 149 179 139 187 39 72 21 40 53 0 87 15 43 38 140 86 46 48 82 7 194 106 153 0 51 9 120 81 185 79 129 169 121 29 24 163 134 0 18 83 199 114 8 174 125 45 17 113 173 84 5 0 132 176 1 101 162 31 190 127 167 27 0 141 44 119 192 14 142 42 172 144 57 41 145 115 178 2 0 70 30 128 20 188 71 65 136 35 135 164 34 78 33 0 195 54 130 165 55 25 170 67 23 186 56 197 0 154 138 12 109 177 80 150 68 196 76 0 112 94 95 92 151 97 117 13 137 58 152 0 156 96 93 85 61 16 191 91 193 100 37 98 0 62 11 64 181 66 161 103 122 69 0 
Solução encontrada considerada boa
GAP de 4.36999
Numero maximo de geracoes sem evolucao: 637
Solucão valida: Sim
====================================================================================================================


 ===================================================RESULTADOS=========================================================
Melhor fitness final: 1416
Melhor fitness possivel: 1373
Tempo de execução: 126
Melhor solução encontrada: 0 2 178 115 145 41 22 133 171 74 72 73 21 53 0 121 29 24 163 134 54 130 165 55 25 170 39 187 179 0 185 79 129 169 78 34 164 135 9 120 81 33 0 117 37 98 100 191 141 16 61 173 84 5 118 0 28 138 12 109 195 149 26 180 40 58 152 0 198 197 75 56 186 23 67 139 155 4 110 0 93 85 193 91 44 119 192 14 142 42 172 144 137 0 156 112 89 18 82 7 182 194 106 153 52 0 183 94 95 97 92 151 59 104 99 96 6 147 0 111 176 1 162 190 127 167 27 0 48 124 47 168 123 19 107 175 11 63 126 70 101 69 0 132 122 30 20 66 65 136 35 71 161 103 51 50 0 105 13 87 57 15 43 38 140 86 113 17 60 166 0 83 199 125 45 114 8 174 46 36 143 49 64 62 0 184 102 157 188 128 160 131 32 181 90 0 154 177 80 150 68 158 3 77 116 196 76 0 31 108 189 10 159 148 88 146 0 
Solução encontrada considerada boa
GAP de 3.13183
Numero maximo de geracoes sem evolucao: 414
Solucão valida: Sim
====================================================================================================================


 ===================================================RESULTADOS=========================================================
Melhor fitness final: 1440
Melhor fitness possivel: 1373
Tempo de execução: 131
Melhor solução encontrada: 0 146 52 127 190 31 162 101 1 176 132 69 167 27 0 177 134 163 24 29 121 80 150 68 116 196 76 28 0 182 123 19 107 175 11 64 49 143 36 46 147 0 183 104 99 93 85 193 98 37 151 92 97 95 117 0 88 148 62 159 126 63 181 32 90 108 189 10 0 33 81 103 9 120 164 34 78 169 129 79 185 0 6 96 91 191 119 44 141 16 61 173 84 5 118 60 0 89 166 18 82 124 47 168 48 7 194 106 153 0 198 110 4 155 139 187 39 197 72 73 21 0 53 58 152 40 180 149 195 26 105 0 86 38 140 113 17 45 125 174 8 114 199 83 0 144 172 42 57 145 41 22 133 75 74 171 115 178 2 0 179 56 186 23 67 170 25 55 165 130 54 109 12 0 138 154 184 77 3 158 157 102 50 111 0 30 160 128 20 188 71 161 51 122 0 13 137 87 15 43 142 14 192 100 59 94 0 156 112 70 131 66 65 136 35 135 0 
Solução encontrada considerada boa
GAP de 4.87983
Numero maximo de geracoes sem evolucao: 1515
Solucão valida: Sim
====================================================================================================================


 ===================================================RESULTADOS=========================================================
Melhor fitness final: 1416
Melhor fitness possivel: 1373
Tempo de execução: 126
Melhor solução encontrada: 0 50 102 157 185 79 3 158 77 116 196 76 0 176 1 122 20 188 128 160 131 32 90 63 126 108 0 147 6 96 104 99 59 151 92 95 94 183 0 72 197 56 186 67 23 75 133 22 74 21 0 123 19 107 49 143 36 47 168 124 48 82 0 53 40 198 110 4 155 139 187 39 170 25 55 165 0 103 161 71 136 65 66 181 64 175 11 62 0 190 31 10 189 159 148 88 127 167 27 0 54 130 134 163 24 29 121 169 34 35 135 164 78 129 0 156 112 89 166 18 153 106 194 7 182 52 146 0 118 84 173 113 17 125 45 46 174 8 114 199 83 60 0 5 61 16 86 141 191 44 119 192 97 117 0 111 33 81 120 9 51 30 70 101 162 69 132 0 154 138 12 109 177 150 80 68 184 28 0 13 87 37 98 100 193 91 85 93 0 152 58 2 115 145 41 171 73 179 195 149 26 0 105 180 178 57 15 43 38 140 14 142 42 172 144 137 0 
Solução encontrada considerada boa
GAP de 3.13183
Numero maximo de geracoes sem evolucao: 343
Solucão valida: Sim
====================================================================================================================


 ===================================================RESULTADOS=========================================================
Melhor fitness final: 1430
Melhor fitness possivel: 1373
Tempo de execução: 128
Melhor solução encontrada: 0 135 35 136 65 66 181 64 11 175 107 19 123 146 0 50 102 157 33 164 34 121 29 24 163 134 54 0 191 141 44 119 192 14 38 140 86 16 61 0 18 46 36 143 49 47 168 124 48 82 153 0 118 84 173 113 17 45 125 174 8 114 199 83 0 126 63 90 32 131 160 128 20 188 71 161 103 0 40 21 72 197 39 187 139 155 4 110 198 0 59 151 92 98 37 100 193 91 85 93 104 99 96 0 101 70 30 122 51 9 120 81 185 78 169 129 79 158 0 88 10 189 108 159 62 148 182 7 194 106 0 132 69 31 162 1 176 111 154 138 28 0 12 109 177 150 80 68 184 116 3 77 196 76 0 73 74 133 22 41 145 15 43 142 42 172 144 57 178 115 2 137 0 89 147 6 183 94 95 97 87 117 13 0 171 75 56 186 23 67 170 25 55 165 130 179 0 156 58 152 180 149 195 26 105 53 0 112 5 60 166 52 127 190 167 27 0 
Solução encontrada considerada boa
GAP de 4.15149
Numero maximo de geracoes sem evolucao: 284
Solucão valida: Sim
====================================================================================================================


 ===================================================RESULTADOS=========================================================
Melhor fitness final: 1390
Melhor fitness possivel: 1373
Tempo de execução: 130
Melhor solução encontrada: 0 5 118 60 166 153 106 194 7 182 148 88 52 0 172 42 142 14 140 38 43 15 41 133 22 145 115 178 2 0 53 58 152 137 57 144 87 117 13 112 156 0 21 72 197 56 186 67 23 75 74 171 73 40 0 101 70 30 32 181 64 49 143 36 46 174 8 199 83 0 82 48 124 47 168 123 19 107 175 11 62 0 79 129 185 33 81 120 9 161 71 103 51 0 18 114 125 45 17 113 86 16 61 173 84 89 0 183 94 95 97 92 151 59 99 104 96 6 147 0 27 132 176 1 162 31 190 127 167 146 0 159 10 189 108 126 63 90 131 160 128 188 122 69 0 184 116 121 29 169 78 34 164 135 35 136 65 66 20 0 93 85 193 91 191 141 44 119 192 100 37 98 0 105 180 149 179 195 109 12 154 138 28 0 198 110 155 4 139 187 39 170 25 55 165 130 54 0 196 77 158 3 68 150 80 163 24 134 177 26 0 76 157 102 50 111 0 
Solução encontrada considerada boa
GAP de 1.23816
Numero maximo de geracoes sem evolucao: 631
Solucão valida: Sim
====================================================================================================================

