
 ===================================================RESULTADOS=========================================================
Melhor fitness final: 1411
Melhor fitness possivel: 1373
Tempo de execução: 279
Melhor solução encontrada: 0 154 138 12 109 177 150 80 68 116 184 28 0 18 114 8 174 45 125 199 83 60 118 166 0 185 34 164 135 35 136 65 71 66 188 51 122 132 0 106 194 182 148 88 31 190 127 167 146 0 162 189 108 126 63 90 32 131 160 128 20 30 70 101 69 0 27 10 159 62 11 175 107 19 123 7 52 0 147 96 104 99 59 151 92 97 95 94 183 0 197 56 186 170 25 55 165 130 54 134 163 24 29 121 158 3 0 117 37 193 91 191 38 140 86 61 85 93 6 0 181 64 49 143 36 46 124 47 168 48 82 153 0 21 73 171 74 75 72 198 110 179 195 149 26 0 137 144 172 42 142 14 43 15 41 133 22 145 115 178 2 0 33 81 103 161 9 120 78 169 129 79 77 0 89 5 84 173 17 113 16 141 44 119 192 100 98 0 53 105 180 40 58 152 13 112 156 0 155 4 139 187 39 67 23 57 87 0 111 76 196 157 102 50 1 176 0 
Solução encontrada considerada boa
GAP de 2.76766
Numero maximo de geracoes sem evolucao: 1123
Solucão valida: Sim
====================================================================================================================

