NUMINSLANDS: 16
NUMPOPULACAO: 125
 ===================================================RESULTADOS=========================================================
Melhor fitness final: 1429
Melhor fitness possivel: 1373
Tempo de execução: 171
Melhor solução encontrada: 0 77 3 158 102 157 51 103 66 181 64 11 88 0 16 141 191 192 119 44 140 38 14 142 43 15 42 172 97 0 184 76 196 116 68 80 150 177 12 105 53 0 127 190 31 159 62 148 182 52 146 0 156 112 147 6 183 94 95 117 13 0 152 58 40 198 110 155 4 179 195 149 26 0 73 74 22 133 75 56 186 39 139 187 25 55 165 130 109 0 162 10 189 108 126 63 90 32 131 160 30 122 70 101 69 0 89 166 18 82 124 47 168 48 7 194 106 153 0 173 61 86 113 17 46 36 143 49 175 107 19 123 0 128 20 188 161 71 65 136 35 135 164 34 78 0 60 118 5 84 125 45 174 8 114 199 83 0 33 9 120 81 185 79 129 169 121 29 24 163 134 0 59 92 151 98 37 100 193 91 85 93 104 99 96 0 180 21 171 41 145 115 2 178 57 144 87 137 0 72 197 23 67 170 54 138 154 28 0 27 167 132 176 1 50 111 0 
Solução encontrada considerada boa
GAP de 4.07866
Numero maximo de geracoes sem evolucao: 576
Solucão valida: Sim
====================================================================================================================


 ===================================================RESULTADOS=========================================================
Melhor fitness final: 1427
Melhor fitness possivel: 1373
Tempo de execução: 160
Melhor solução encontrada: 0 59 92 151 37 98 100 193 91 85 93 99 104 96 0 52 83 199 114 8 174 125 84 173 5 118 60 0 4 155 170 25 55 165 130 54 177 80 150 68 116 0 166 18 153 106 194 7 182 88 148 159 70 30 122 0 27 69 101 162 31 190 127 167 146 112 156 0 180 198 197 56 186 23 67 39 187 139 110 0 21 72 75 41 15 43 142 192 119 44 191 141 16 61 0 132 51 103 161 71 66 65 136 35 135 9 157 0 14 38 140 86 113 17 45 46 36 143 49 64 181 0 10 189 108 126 63 90 32 131 160 128 188 20 1 0 89 147 6 183 94 95 117 97 87 137 13 0 58 152 40 179 134 163 24 29 121 3 158 77 50 176 0 73 171 74 133 22 145 57 42 172 144 178 115 2 0 62 11 175 107 19 123 168 47 124 48 82 0 102 33 81 120 164 34 78 169 129 79 185 0 105 26 149 195 109 12 184 196 76 111 0 28 138 154 53 0 
Solução encontrada considerada boa
GAP de 3.93299
Numero maximo de geracoes sem evolucao: 646
Solucão valida: Sim
====================================================================================================================


 ===================================================RESULTADOS=========================================================
Melhor fitness final: 1420
Melhor fitness possivel: 1373
Tempo de execução: 164
Melhor solução encontrada: 0 83 199 84 173 16 141 44 191 61 5 118 60 0 53 73 171 74 22 133 75 197 72 21 105 0 189 10 108 126 63 90 32 131 160 128 188 20 122 69 0 79 129 78 34 164 120 9 161 71 103 51 0 146 182 123 19 107 175 11 159 62 148 27 0 50 102 157 33 81 185 158 3 184 154 0 112 117 87 97 95 183 6 147 89 156 0 152 58 40 180 198 179 195 149 26 0 114 8 174 125 45 17 113 86 91 193 100 0 166 18 82 124 47 168 48 7 194 106 153 52 0 167 127 190 88 31 162 101 70 30 1 176 132 0 121 29 169 135 35 136 65 66 181 64 49 143 36 46 0 12 163 24 134 54 130 165 55 25 187 139 39 186 56 0 96 99 104 93 85 98 37 92 151 59 94 0 28 111 76 196 116 77 68 80 150 177 109 138 0 13 137 144 172 42 142 14 192 119 140 38 43 15 57 178 2 0 110 155 4 170 67 23 41 145 115 0 
Solução encontrada considerada boa
GAP de 3.42316
Numero maximo de geracoes sem evolucao: 369
Solucão valida: Sim
====================================================================================================================


 ===================================================RESULTADOS=========================================================
Melhor fitness final: 1383
Melhor fitness possivel: 1373
Tempo de execução: 160
Melhor solução encontrada: 0 59 100 193 91 141 86 140 38 43 15 57 2 180 0 111 76 196 77 158 3 68 116 184 28 0 176 1 122 20 188 66 128 160 30 70 101 69 132 0 12 109 177 80 150 163 24 134 54 195 149 26 105 0 154 138 130 165 55 25 170 67 39 187 139 179 0 95 151 92 37 98 85 93 104 99 96 112 156 0 166 5 61 16 191 44 119 192 14 142 42 172 97 117 0 127 190 31 10 189 159 62 148 88 0 137 87 144 178 115 145 41 22 133 74 171 73 40 0 53 21 72 197 75 23 186 56 4 155 110 198 0 58 152 13 94 183 6 147 89 0 102 78 34 164 135 35 136 65 71 161 103 0 83 199 114 8 174 125 45 17 113 173 84 118 60 0 121 29 169 129 79 185 33 81 120 9 51 157 50 0 27 167 182 11 175 107 19 123 7 194 106 52 146 0 18 46 36 143 49 64 181 131 32 90 63 126 108 162 0 82 124 47 168 48 153 0 
Solução encontrada considerada boa
GAP de 0.728332
Numero maximo de geracoes sem evolucao: 404
Solucão valida: Sim
====================================================================================================================


 ===================================================RESULTADOS=========================================================
Melhor fitness final: 1402
Melhor fitness possivel: 1373
Tempo de execução: 161
Melhor solução encontrada: 0 108 160 131 32 181 64 49 143 36 46 174 8 0 28 185 79 129 169 78 34 164 81 33 157 102 0 96 99 104 93 85 61 173 84 17 45 125 18 166 0 167 101 70 30 128 20 188 66 161 103 122 69 0 40 21 73 171 22 133 74 72 197 110 198 180 0 27 146 89 147 6 183 94 112 156 0 48 124 47 168 123 19 107 175 11 126 63 90 162 0 13 117 95 59 92 151 97 87 137 152 58 53 0 111 50 120 135 35 136 65 71 9 51 1 176 132 0 184 116 77 3 158 68 150 80 177 109 12 138 0 98 191 141 44 119 192 14 142 42 172 144 57 178 2 0 5 118 60 83 199 114 82 7 182 194 106 153 0 127 190 31 10 189 159 62 148 88 52 0 195 179 4 155 139 187 39 23 186 56 75 0 37 100 193 91 16 113 86 140 38 43 15 41 145 115 0 67 170 25 55 165 130 54 134 163 24 29 121 196 76 0 154 149 26 105 0 
Solução encontrada considerada boa
GAP de 2.11216
Numero maximo de geracoes sem evolucao: 577
Solucão valida: Sim
====================================================================================================================


 ===================================================RESULTADOS=========================================================
Melhor fitness final: 1443
Melhor fitness possivel: 1373
Tempo de execução: 164
Melhor solução encontrada: 0 128 160 131 32 90 108 10 189 159 62 148 0 53 58 152 180 26 149 195 12 138 154 0 2 178 115 145 41 57 172 42 142 14 38 140 44 119 192 37 117 0 179 4 155 139 187 39 67 23 186 56 110 0 82 48 124 47 168 123 19 107 175 11 63 126 0 198 72 197 75 133 22 74 171 73 21 40 0 54 130 170 25 55 165 134 163 24 29 121 169 129 79 185 33 0 101 70 30 20 188 51 157 102 50 111 28 105 0 147 60 173 17 113 86 43 15 144 87 137 13 0 166 46 36 143 49 64 181 66 65 161 103 0 156 112 89 18 153 106 194 7 182 88 167 27 0 183 94 95 97 151 92 59 104 99 96 6 0 118 5 84 125 45 174 8 114 199 83 0 109 177 80 150 68 158 3 77 116 196 76 184 0 93 85 61 16 141 191 91 193 100 98 0 81 78 34 164 135 35 136 71 9 120 122 1 176 0 132 69 162 31 190 127 52 146 0 
Solução encontrada considerada mediana
GAP de 5.09832
Numero maximo de geracoes sem evolucao: 833
Solucão valida: Sim
====================================================================================================================


 ===================================================RESULTADOS=========================================================
Melhor fitness final: 1414
Melhor fitness possivel: 1373
Tempo de execução: 164
Melhor solução encontrada: 0 54 130 165 55 25 170 67 39 187 139 155 4 0 28 111 12 195 149 180 40 152 58 53 0 156 146 127 190 31 70 30 122 101 162 167 27 0 48 124 47 168 123 19 107 175 11 62 88 0 13 87 192 14 119 44 91 193 85 93 6 0 137 57 15 43 38 140 86 113 17 84 5 118 60 0 184 196 185 120 81 33 157 102 50 176 0 191 141 16 61 173 125 45 174 8 114 199 83 0 145 41 22 133 75 23 186 56 197 74 171 73 21 0 76 79 129 169 78 34 164 135 35 136 161 9 1 0 116 77 3 158 121 29 24 163 134 68 80 150 177 109 0 69 32 131 160 128 20 188 66 65 71 103 51 0 132 90 126 63 181 64 49 143 36 46 82 18 166 147 89 0 179 110 198 72 115 178 2 144 172 42 142 100 37 98 0 112 183 96 99 104 59 92 151 97 117 95 94 0 189 10 108 159 148 182 7 194 106 153 52 0 105 26 154 138 0 
Solução encontrada considerada boa
GAP de 2.98616
Numero maximo de geracoes sem evolucao: 717
Solucão valida: Sim
====================================================================================================================


 ===================================================RESULTADOS=========================================================
Melhor fitness final: 1373
Melhor fitness possivel: 1373
Tempo de execução: 162
Melhor solução encontrada: 0 51 103 71 161 9 120 81 102 50 0 53 73 171 74 75 133 22 41 145 15 43 142 87 137 0 82 48 124 47 168 123 19 107 175 11 126 63 90 0 183 94 95 97 92 151 59 99 104 96 6 147 0 132 70 160 131 32 181 64 49 143 36 46 174 89 0 122 30 128 20 188 66 65 136 35 135 164 34 78 0 154 138 12 184 116 3 158 77 196 76 28 0 179 134 163 24 29 121 169 129 79 185 33 157 1 176 111 0 198 110 155 4 139 187 39 186 56 197 72 21 0 83 199 114 8 125 45 17 113 173 84 5 118 60 0 105 26 109 195 149 180 40 58 152 13 0 68 80 150 177 54 130 165 55 25 170 67 23 0 117 98 85 193 192 119 14 42 172 144 57 178 115 2 0 52 194 7 182 62 159 108 189 10 148 88 146 0 37 100 91 191 141 44 38 140 86 16 61 93 0 27 167 69 101 162 31 190 127 106 153 18 166 0 112 156 0 
Solução encontrada considerada boa
GAP de 0
Numero maximo de geracoes sem evolucao: 774
Solucão valida: Sim
====================================================================================================================


 ===================================================RESULTADOS=========================================================
Melhor fitness final: 1364
Melhor fitness possivel: 1373
Tempo de execução: 156
Melhor solução encontrada: 0 87 144 57 15 43 172 42 142 14 38 140 86 113 17 60 0 184 116 80 150 68 3 158 77 196 76 111 0 103 161 71 188 20 128 160 131 32 90 63 126 146 0 52 153 106 194 114 8 174 45 125 199 83 18 166 0 50 102 157 33 81 164 34 78 169 129 79 185 0 105 26 149 179 195 109 177 12 138 154 28 0 147 6 183 94 96 95 13 137 152 58 0 118 5 84 173 61 16 141 191 44 119 192 37 0 180 21 171 74 75 133 22 41 145 115 178 2 40 0 176 51 9 120 135 35 136 65 66 30 122 1 132 0 7 123 19 107 175 11 62 159 10 189 108 70 101 0 186 23 67 170 25 55 165 130 54 134 163 24 29 121 0 27 69 162 31 148 182 88 190 127 167 0 198 110 155 4 139 187 39 56 197 72 73 53 0 99 104 59 93 85 91 193 100 98 151 92 97 117 0 181 64 49 143 36 46 124 47 168 48 82 89 0 112 156 0 
Solução encontrada considerada ruim
GAP de -0.655499
Numero maximo de geracoes sem evolucao: 729
Solucão valida: Sim
====================================================================================================================


 ===================================================RESULTADOS=========================================================
Melhor fitness final: 1402
Melhor fitness possivel: 1373
Tempo de execução: 155
Melhor solução encontrada: 0 76 196 116 77 158 3 129 79 185 157 102 50 0 114 8 174 46 36 143 49 47 168 124 48 52 0 198 110 4 155 56 186 23 75 197 72 21 53 0 28 138 154 111 176 1 51 122 30 70 101 162 69 132 0 18 153 106 194 7 182 62 159 108 10 189 146 0 33 81 135 35 136 65 66 188 20 128 160 131 0 83 199 125 45 17 113 86 140 38 14 94 0 195 165 55 25 170 67 39 187 139 179 149 26 0 82 123 19 107 175 11 64 181 32 90 63 126 148 88 0 87 144 2 178 115 145 41 22 133 74 171 73 40 0 27 167 31 190 127 112 156 0 183 59 92 151 98 85 93 99 104 96 6 0 13 117 97 172 42 142 43 15 57 137 152 58 180 105 0 184 68 150 80 163 24 134 130 54 177 109 12 0 103 71 161 9 120 164 34 78 169 29 121 0 95 37 100 193 91 192 119 44 191 141 16 61 173 84 60 0 89 166 118 5 147 0 
Solução encontrada considerada boa
GAP de 2.11216
Numero maximo de geracoes sem evolucao: 235
Solucão valida: Sim
====================================================================================================================


 ===================================================RESULTADOS=========================================================
Melhor fitness final: 1423
Melhor fitness possivel: 1373
Tempo de execução: 154
Melhor solução encontrada: 0 123 19 107 175 11 126 63 181 90 32 131 160 162 0 167 127 190 31 70 30 122 51 9 120 1 0 111 76 196 77 158 3 157 102 50 176 27 0 152 58 40 21 197 139 187 170 25 55 165 179 149 0 93 85 193 91 191 141 44 119 192 100 37 98 0 88 148 10 189 159 62 182 7 194 106 153 52 146 0 82 48 168 47 124 46 36 143 49 64 108 69 132 0 134 163 24 29 121 169 78 34 164 81 33 185 129 79 0 18 114 8 174 199 83 84 173 16 61 5 118 60 0 13 95 94 183 147 166 89 0 154 138 12 109 177 80 150 68 116 184 28 0 2 115 178 144 172 42 142 57 145 41 22 133 74 171 73 0 101 128 20 188 66 65 136 35 135 71 161 103 0 137 87 15 43 14 38 140 86 113 17 45 125 0 72 75 56 186 23 67 39 198 180 0 26 195 54 130 4 155 110 105 53 156 0 112 6 96 99 104 59 151 92 97 117 0 
Solução encontrada considerada boa
GAP de 3.64166
Numero maximo de geracoes sem evolucao: 347
Solucão valida: Sim
====================================================================================================================


 ===================================================RESULTADOS=========================================================
Melhor fitness final: 1417
Melhor fitness possivel: 1373
Tempo de execução: 162
Melhor solução encontrada: 0 137 2 178 115 22 41 145 57 144 87 97 95 117 13 0 172 42 142 14 192 119 44 191 141 16 61 93 99 0 82 48 124 47 168 123 19 107 175 11 62 0 171 74 133 75 56 186 23 67 170 25 55 165 179 0 59 173 113 17 46 36 143 49 64 181 63 126 90 159 88 0 103 161 71 65 136 35 135 164 34 78 158 3 0 58 152 40 180 149 195 109 12 26 105 53 0 52 127 190 31 189 10 108 30 122 70 101 162 0 33 9 120 81 185 79 129 169 121 29 24 163 134 0 112 147 89 166 18 153 106 194 7 182 148 146 0 15 43 38 140 86 91 193 100 85 98 37 151 92 104 6 0 76 184 196 116 77 68 150 80 177 54 130 0 83 199 114 8 174 45 125 84 5 118 60 0 198 110 155 4 139 187 39 197 72 73 21 0 28 138 154 111 176 1 132 69 167 27 0 32 131 160 128 66 188 20 51 157 102 50 0 156 94 96 183 0 
Solução encontrada considerada boa
GAP de 3.20466
Numero maximo de geracoes sem evolucao: 298
Solucão valida: Sim
====================================================================================================================


 ===================================================RESULTADOS=========================================================
Melhor fitness final: 1412
Melhor fitness possivel: 1373
Tempo de execução: 149
Melhor solução encontrada: 0 132 1 122 51 188 20 128 131 160 30 70 101 162 69 27 0 111 76 196 77 158 3 50 176 167 146 0 102 185 9 135 35 136 65 66 71 161 103 0 184 79 129 169 78 34 164 120 81 33 157 0 190 31 189 10 108 159 62 148 88 52 0 192 119 44 191 141 16 61 173 84 5 118 60 0 82 48 124 47 168 123 19 107 175 11 126 63 90 0 93 85 91 193 100 98 37 87 144 57 178 0 32 181 64 49 143 36 46 174 8 114 199 83 89 0 156 183 6 147 166 18 153 106 194 7 182 127 0 40 73 171 22 133 75 74 72 21 180 105 0 112 94 96 104 99 59 92 151 97 95 117 13 0 26 149 195 179 155 4 110 198 58 152 53 0 139 187 39 170 25 55 165 130 54 134 163 24 29 121 0 28 116 68 150 80 177 109 12 138 154 0 125 45 17 113 86 140 38 14 142 43 15 42 172 0 137 2 115 145 41 23 67 186 56 197 0 
Solução encontrada considerada boa
GAP de 2.8405
Numero maximo de geracoes sem evolucao: 645
Solucão valida: Sim
====================================================================================================================


 ===================================================RESULTADOS=========================================================
Melhor fitness final: 1422
Melhor fitness possivel: 1373
Tempo de execução: 162
Melhor solução encontrada: 0 162 101 70 30 51 9 120 164 34 78 81 33 0 12 109 177 150 80 68 158 3 77 196 76 28 0 27 167 69 132 176 1 50 102 157 116 184 111 0 104 99 59 93 85 98 37 151 92 97 117 13 0 54 130 170 25 55 165 134 163 24 29 121 169 129 79 185 0 197 56 186 23 67 39 187 139 155 4 110 0 57 15 145 41 22 133 75 74 171 72 73 21 198 0 154 138 195 179 149 26 180 40 58 152 0 83 199 125 45 17 113 86 140 38 44 119 100 0 89 166 60 118 5 84 173 61 16 141 191 6 0 137 2 115 178 144 87 172 42 142 43 14 192 91 193 96 0 106 48 124 47 168 123 19 107 175 11 126 63 90 0 122 20 188 128 160 131 32 181 64 49 143 36 46 0 194 7 182 62 159 148 88 31 190 127 0 10 189 108 66 65 136 35 135 71 161 103 0 156 112 147 183 94 95 105 53 0 18 114 8 174 82 153 52 146 0 
Solução encontrada considerada boa
GAP de 3.56883
Numero maximo de geracoes sem evolucao: 1516
Solucão valida: Sim
====================================================================================================================


 ===================================================RESULTADOS=========================================================
Melhor fitness final: 1434
Melhor fitness possivel: 1373
Tempo de execução: 163
Melhor solução encontrada: 0 83 199 114 8 174 45 125 84 173 5 118 60 0 91 86 113 17 46 36 143 49 64 181 66 188 20 0 11 175 107 19 123 168 47 124 48 82 153 52 0 6 96 104 99 93 85 98 151 92 59 183 0 62 159 10 189 108 126 63 90 32 131 160 128 0 111 184 68 150 80 177 109 12 138 154 0 105 26 195 179 149 180 40 58 152 53 0 161 9 120 164 34 78 129 169 29 121 116 28 0 2 115 178 144 172 42 142 57 145 41 22 133 74 171 73 0 27 167 88 148 182 7 194 106 18 166 147 89 0 79 185 33 81 135 35 136 65 71 103 51 122 30 70 0 197 56 186 39 139 187 25 55 165 130 54 134 24 163 0 76 196 77 158 3 157 102 50 1 176 132 0 198 110 4 155 170 67 23 75 72 21 0 156 112 94 95 37 193 100 97 117 137 13 0 87 15 43 14 38 140 44 119 192 191 141 16 61 0 146 127 190 31 162 101 69 0 
Solução encontrada considerada boa
GAP de 4.44283
Numero maximo de geracoes sem evolucao: 839
Solucão valida: Sim
====================================================================================================================


 ===================================================RESULTADOS=========================================================
Melhor fitness final: 1426
Melhor fitness possivel: 1373
Tempo de execução: 173
Melhor solução encontrada: 0 52 88 148 159 62 182 7 194 106 153 18 89 0 180 198 110 39 67 170 187 139 4 179 53 0 21 72 197 56 186 23 75 133 74 171 73 40 0 172 42 15 43 142 14 192 119 44 191 141 16 91 193 100 0 118 5 173 61 38 140 86 113 17 84 60 166 0 51 103 136 65 66 160 131 32 90 108 189 10 0 33 81 120 9 161 71 35 135 78 129 79 185 0 127 190 31 70 30 128 188 20 122 101 162 27 0 156 146 167 69 132 176 1 157 102 50 0 181 64 49 143 36 46 174 45 125 8 114 199 83 0 96 99 104 93 85 98 37 151 92 59 94 0 184 116 80 150 68 158 3 77 196 76 111 0 13 117 95 97 87 144 57 145 41 22 115 178 2 137 0 82 48 124 47 168 123 19 107 175 11 63 126 0 105 26 149 195 109 177 12 138 154 28 0 155 25 55 165 130 54 134 163 24 29 121 169 34 164 0 112 147 6 183 58 152 0 
Solução encontrada considerada boa
GAP de 3.86016
Numero maximo de geracoes sem evolucao: 643
Solucão valida: Sim
====================================================================================================================


 ===================================================RESULTADOS=========================================================
Melhor fitness final: 1392
Melhor fitness possivel: 1373
Tempo de execução: 172
Melhor solução encontrada: 0 94 59 100 192 119 14 142 42 172 87 137 13 0 52 82 48 124 168 47 36 143 49 64 181 90 70 0 117 97 37 193 91 191 141 44 140 38 43 15 57 144 178 2 0 176 50 102 157 33 81 185 79 129 3 158 111 0 26 163 24 29 121 169 78 34 164 120 9 51 30 1 0 27 132 69 101 162 31 190 127 167 146 0 134 54 130 165 55 25 170 67 23 75 73 21 0 149 4 155 139 187 39 186 56 197 72 198 0 83 199 125 45 17 113 86 16 61 173 84 5 0 89 118 60 114 8 174 46 123 19 107 175 11 0 148 62 159 10 189 108 126 63 32 131 160 0 122 128 20 188 66 65 136 35 135 71 161 103 0 138 154 195 109 12 184 116 77 196 76 28 0 156 183 95 151 92 98 85 93 99 104 96 6 0 112 147 166 18 153 106 194 7 182 88 0 68 80 150 177 179 110 74 171 133 22 41 145 115 0 105 180 40 58 152 53 0 
Solução encontrada considerada boa
GAP de 1.38383
Numero maximo de geracoes sem evolucao: 998
Solucão valida: Sim
====================================================================================================================


 ===================================================RESULTADOS=========================================================
Melhor fitness final: 1438
Melhor fitness possivel: 1373
Tempo de execução: 167
Melhor solução encontrada: 0 53 58 152 40 180 149 195 109 12 26 105 0 107 175 49 143 36 46 174 45 125 8 114 199 83 0 56 186 67 23 75 133 22 41 145 115 2 137 13 0 122 20 188 66 65 136 35 135 71 161 103 1 0 147 6 91 191 141 16 61 173 5 118 60 166 0 183 94 95 97 37 100 192 140 38 43 15 57 87 117 0 76 196 77 158 3 79 129 169 68 116 184 0 96 104 99 93 85 193 98 92 151 59 112 0 132 176 51 9 120 81 185 33 157 102 50 0 156 146 167 127 190 31 70 30 101 162 69 27 0 89 18 82 124 47 168 48 7 194 106 153 52 0 54 130 165 55 25 170 39 187 139 4 155 198 0 177 80 150 163 24 134 179 110 197 72 74 171 73 21 0 88 182 148 62 159 126 63 90 32 108 189 10 0 178 144 172 42 142 14 119 44 86 113 17 84 0 123 19 11 64 181 131 160 128 164 34 78 29 121 0 111 138 154 28 0 
Solução encontrada considerada boa
GAP de 4.73416
Numero maximo de geracoes sem evolucao: 1130
Solucão valida: Sim
====================================================================================================================


 ===================================================RESULTADOS=========================================================
Melhor fitness final: 1388
Melhor fitness possivel: 1373
Tempo de execução: 172
Melhor solução encontrada: 0 148 62 159 189 10 108 126 63 90 32 131 160 0 177 54 130 165 55 25 170 39 187 139 4 155 110 0 13 137 144 43 15 57 178 2 115 171 73 21 198 53 0 152 58 40 180 179 134 24 163 150 80 68 76 0 93 85 61 16 141 191 91 193 100 98 37 117 0 153 82 124 46 36 143 49 47 168 48 194 106 146 0 196 77 3 158 129 79 185 81 33 157 50 111 0 89 166 18 7 182 123 19 107 175 11 64 181 88 0 184 116 121 29 169 78 34 164 120 9 51 102 0 183 94 95 97 151 92 59 104 99 96 6 147 0 72 197 56 186 67 23 75 74 133 22 41 145 0 83 199 114 8 174 45 125 84 173 5 118 0 52 127 190 31 162 101 70 30 1 176 132 69 167 0 103 161 71 135 35 136 65 66 188 20 128 122 0 27 28 138 154 12 109 195 149 26 105 0 87 172 42 142 14 192 119 44 38 140 86 113 17 60 0 112 156 0 
Solução encontrada considerada boa
GAP de 1.0925
Numero maximo de geracoes sem evolucao: 638
Solucão valida: Sim
====================================================================================================================


 ===================================================RESULTADOS=========================================================
Melhor fitness final: 1439
Melhor fitness possivel: 1373
Tempo de execução: 165
Melhor solução encontrada: 0 183 141 86 140 38 43 15 41 145 115 178 2 137 0 5 61 16 191 91 193 100 37 98 85 93 6 0 31 10 189 108 159 62 123 182 148 88 0 1 103 71 161 9 120 81 33 185 129 79 0 111 176 50 102 157 122 30 70 101 162 167 27 0 72 197 56 186 23 75 133 22 74 171 73 0 118 84 173 113 17 45 125 174 8 114 199 83 60 0 106 194 7 48 168 47 49 143 36 124 82 153 0 89 166 18 46 19 107 175 11 64 63 126 190 127 52 146 0 54 130 134 163 24 29 121 169 78 34 164 135 35 136 51 0 112 147 192 44 119 14 142 42 172 57 144 87 0 156 94 96 104 99 59 92 151 97 95 117 13 0 28 154 138 12 195 179 149 26 180 40 53 0 21 198 110 4 155 139 187 39 67 170 25 55 165 0 76 184 116 196 77 158 3 68 150 80 177 109 0 69 90 181 32 131 160 128 66 65 188 20 132 0 105 58 152 0 
Solução encontrada considerada boa
GAP de 4.80699
Numero maximo de geracoes sem evolucao: 885
Solucão valida: Sim
====================================================================================================================

