
 ===================================================RESULTADOS=========================================================
Melhor fitness final: 1094.17
Melhor fitness possivel: 1053
Tempo de execução: 66
Melhor solução encontrada: 0 18 83 61 16 141 86 140 38 14 142 42 43 15 57 0 96 99 104 59 93 85 91 44 119 100 37 98 92 117 0 76 116 77 3 81 120 9 33 102 50 111 0 27 127 31 88 7 48 47 124 82 106 52 0 28 138 12 150 80 68 121 29 24 134 54 109 26 0 114 8 125 45 46 36 143 49 64 11 107 19 123 146 0 130 55 25 139 39 67 23 56 75 133 73 40 0 112 6 94 95 97 87 144 137 13 0 53 58 2 115 145 41 22 74 72 21 110 4 149 105 0 79 129 78 34 135 35 136 65 71 66 103 51 122 1 69 132 0 101 70 30 20 128 131 32 90 63 126 108 10 62 148 0 147 5 113 17 84 118 60 89 0 
Solução encontrada considerada boa
GAP de 3.9102
Numero maximo de geracoes sem evolucao: 346
Solucão valida: Sim
====================================================================================================================


 ===================================================RESULTADOS=========================================================
Melhor fitness final: 1113.43
Melhor fitness possivel: 1053
Tempo de execução: 63
Melhor solução encontrada: 0 12 68 80 150 54 130 55 25 39 56 72 21 40 0 18 83 125 45 17 113 86 140 38 43 15 57 144 137 0 116 121 29 34 135 35 136 65 71 66 20 30 122 101 69 132 0 82 48 19 64 49 143 36 47 124 46 8 114 0 138 109 134 24 4 139 67 23 41 145 115 2 87 0 50 102 33 81 120 78 129 79 3 77 76 28 0 95 100 91 61 16 141 44 119 14 142 42 97 117 13 0 51 9 103 128 131 32 90 63 126 11 107 123 7 106 52 146 0 111 1 70 108 10 62 148 88 31 127 27 0 112 94 59 92 37 98 85 93 99 104 96 6 0 105 26 149 110 75 133 22 74 73 58 53 0 147 5 84 118 60 89 0 
Solução encontrada considerada mediana
GAP de 5.73855
Numero maximo de geracoes sem evolucao: 306
Solucão valida: Sim
====================================================================================================================


 ===================================================RESULTADOS=========================================================
Melhor fitness final: 1098.87
Melhor fitness possivel: 1053
Tempo de execução: 66
Melhor solução encontrada: 0 79 129 78 34 135 35 136 65 71 103 66 128 131 70 101 69 0 27 127 31 10 108 32 90 63 126 62 148 88 52 146 0 50 102 33 81 120 9 51 20 30 122 1 132 0 2 115 145 41 22 133 56 4 130 54 134 24 29 121 149 0 60 118 5 84 17 113 16 141 44 119 91 98 0 28 138 12 109 150 80 68 3 77 116 76 111 0 112 147 96 104 99 59 94 53 0 48 124 46 47 36 143 49 64 11 107 19 123 7 0 6 93 85 61 86 140 38 14 100 37 92 0 13 117 95 97 42 142 43 15 57 144 87 137 58 40 105 0 26 110 55 25 139 39 67 23 75 74 72 73 21 0 106 82 114 8 45 125 83 18 89 0 
Solução encontrada considerada boa
GAP de 4.35596
Numero maximo de geracoes sem evolucao: 386
Solucão valida: Sim
====================================================================================================================


 ===================================================RESULTADOS=========================================================
Melhor fitness final: 1111.38
Melhor fitness possivel: 1053
Tempo de execução: 63
Melhor solução encontrada: 0 13 137 2 57 144 87 97 117 95 94 147 89 0 10 108 62 11 107 19 123 47 124 48 7 0 6 61 16 141 86 140 38 14 142 42 43 15 41 145 115 0 59 92 37 98 100 119 44 91 85 93 99 104 96 0 120 9 71 65 136 35 135 34 78 129 79 3 77 76 0 127 88 148 31 70 30 20 128 66 103 51 1 132 0 18 83 114 8 125 45 17 113 84 5 118 60 0 40 73 74 22 133 75 56 23 67 39 139 25 55 0 27 69 101 122 131 32 90 126 63 64 49 143 36 46 82 106 52 146 0 111 50 102 33 81 121 29 24 134 68 116 0 28 138 12 109 150 80 54 130 4 110 72 21 58 0 26 149 105 53 112 0 
Solução encontrada considerada mediana
GAP de 5.54415
Numero maximo de geracoes sem evolucao: 247
Solucão valida: Sim
====================================================================================================================


 ===================================================RESULTADOS=========================================================
Melhor fitness final: 1106.04
Melhor fitness possivel: 1053
Tempo de execução: 66
Melhor solução encontrada: 0 28 76 116 68 121 29 24 134 150 80 109 12 138 0 77 3 79 129 78 34 135 35 136 65 71 9 120 51 69 0 83 114 8 124 46 45 125 61 140 38 14 142 42 43 15 41 145 0 59 98 37 100 119 44 91 85 93 104 99 96 6 0 82 48 47 36 143 49 64 11 107 19 123 0 117 92 16 141 86 113 17 84 5 118 60 18 0 101 70 30 131 32 90 63 126 108 10 62 148 88 7 106 52 0 89 147 94 95 97 87 144 57 115 2 137 13 0 132 1 122 20 128 66 103 81 33 102 50 111 0 53 40 21 72 56 23 75 133 22 74 73 58 0 105 110 4 139 39 67 25 55 130 54 149 26 0 112 146 127 31 27 0 
Solução encontrada considerada mediana
GAP de 5.03716
Numero maximo de geracoes sem evolucao: 171
Solucão valida: Sim
====================================================================================================================


 ===================================================RESULTADOS=========================================================
Melhor fitness final: 1106.87
Melhor fitness possivel: 1053
Tempo de execução: 70
Melhor solução encontrada: 0 51 103 9 120 135 35 136 65 71 66 128 20 122 0 130 55 25 67 23 41 145 15 43 142 42 100 37 98 93 96 6 0 50 102 33 81 34 78 129 79 3 77 116 76 28 0 13 117 97 87 144 57 115 2 137 58 40 149 26 105 0 83 114 8 125 45 17 113 61 84 5 118 60 0 111 1 70 108 10 62 148 88 31 127 146 0 85 16 86 140 38 14 119 44 141 91 92 0 52 123 19 64 49 143 36 47 46 124 48 82 18 0 21 73 72 74 22 133 75 56 39 139 4 110 0 106 7 107 11 126 63 90 32 131 30 101 69 132 27 0 80 150 68 121 29 24 134 54 109 12 138 53 0 112 94 95 59 99 104 147 89 0 
Solução encontrada considerada mediana
GAP de 5.11626
Numero maximo de geracoes sem evolucao: 308
Solucão valida: Sim
====================================================================================================================


 ===================================================RESULTADOS=========================================================
Melhor fitness final: 1103.95
Melhor fitness possivel: 1053
Tempo de execução: 70
Melhor solução encontrada: 0 6 61 16 141 44 119 14 38 140 86 113 17 84 0 9 120 34 78 129 79 3 77 68 150 80 116 76 0 82 48 124 46 47 36 143 49 64 19 123 7 106 0 58 137 2 115 57 15 43 142 42 144 87 97 95 117 13 0 5 118 60 83 125 45 8 114 18 52 146 0 94 59 92 37 98 100 91 85 93 104 99 96 0 111 121 29 24 134 54 130 55 25 139 4 110 72 21 53 0 145 41 22 133 23 67 39 56 75 74 73 40 0 27 31 126 63 90 32 131 128 66 20 30 70 101 69 132 0 1 122 51 103 71 65 136 35 135 81 33 102 50 0 112 147 89 88 148 62 107 11 108 10 127 0 105 26 149 109 12 138 28 0 
Solução encontrada considerada boa
GAP de 4.8382
Numero maximo de geracoes sem evolucao: 306
Solucão valida: Sim
====================================================================================================================


 ===================================================RESULTADOS=========================================================
Melhor fitness final: 1114.71
Melhor fitness possivel: 1053
Tempo de execução: 71
Melhor solução encontrada: 0 92 37 119 44 141 16 61 5 118 60 0 147 6 95 117 97 87 144 145 41 23 67 110 40 0 116 77 3 79 129 78 34 135 35 136 65 71 66 20 122 0 1 51 103 9 120 81 33 102 50 76 111 0 21 73 72 74 22 133 75 56 39 139 25 55 4 0 132 69 101 70 30 128 131 32 90 63 126 108 10 62 148 0 109 54 130 134 24 29 121 68 80 150 12 138 0 94 59 98 100 91 85 93 99 104 96 0 112 13 137 58 53 105 149 26 28 27 0 114 8 125 45 46 36 143 49 64 11 107 19 123 0 127 31 88 106 7 48 47 124 82 18 52 146 0 89 83 84 17 113 86 140 38 14 142 42 43 15 57 115 2 0 
Solução encontrada considerada mediana
GAP de 5.85999
Numero maximo de geracoes sem evolucao: 404
Solucão valida: Sim
====================================================================================================================


 ===================================================RESULTADOS=========================================================
Melhor fitness final: 1132.46
Melhor fitness possivel: 1053
Tempo de execução: 72
Melhor solução encontrada: 0 132 69 1 101 70 122 30 20 128 131 32 90 63 126 31 127 0 50 102 51 9 120 81 33 3 77 116 76 0 93 85 61 16 86 141 100 37 98 92 117 0 112 94 95 97 59 99 104 96 6 147 89 0 13 87 42 142 14 119 44 140 38 43 15 57 115 2 137 0 103 71 135 35 136 65 66 108 10 62 148 88 146 0 110 4 139 39 56 75 133 22 74 72 73 21 40 0 53 58 105 26 149 109 12 138 28 0 48 124 46 47 36 143 49 64 11 107 19 123 7 0 68 80 150 54 130 134 24 29 121 34 78 129 79 111 0 60 118 5 84 17 113 91 144 145 41 23 67 25 55 0 27 52 106 82 114 8 45 125 83 18 0 
Solução encontrada considerada mediana
GAP de 7.54621
Numero maximo de geracoes sem evolucao: 619
Solucão valida: Sim
====================================================================================================================


 ===================================================RESULTADOS=========================================================
Melhor fitness final: 1092.03
Melhor fitness possivel: 1053
Tempo de execução: 68
Melhor solução encontrada: 0 26 149 110 23 67 25 55 130 54 134 24 29 121 116 0 33 81 120 9 135 35 34 78 129 79 3 76 28 0 48 124 46 47 36 143 49 64 11 107 19 123 7 0 132 1 122 51 103 71 136 65 66 128 20 30 70 101 69 27 0 53 105 58 2 115 145 41 15 43 142 42 57 144 87 137 0 112 13 117 97 59 95 94 6 147 89 0 4 139 39 56 75 133 22 74 72 73 21 40 0 111 50 102 77 68 150 80 109 12 138 0 118 60 84 17 113 16 141 44 119 14 100 37 92 0 31 10 108 131 32 90 63 126 62 148 88 127 0 5 61 86 140 38 91 85 98 93 104 99 96 0 146 52 106 82 114 8 45 125 83 18 0 
Solução encontrada considerada boa
GAP de 3.70699
Numero maximo de geracoes sem evolucao: 207
Solucão valida: Sim
====================================================================================================================


 ===================================================RESULTADOS=========================================================
Melhor fitness final: 1104.77
Melhor fitness possivel: 1053
Tempo de execução: 69
Melhor solução encontrada: 0 31 10 108 131 32 90 63 126 11 62 148 88 127 146 0 18 83 114 8 125 45 17 113 84 5 118 60 0 40 21 72 75 56 23 67 39 139 4 110 0 51 103 9 120 135 35 136 65 71 66 20 7 106 52 0 137 42 142 14 119 44 141 86 140 38 43 15 57 58 0 28 76 116 77 3 79 129 78 34 81 33 102 50 0 123 19 107 64 49 143 36 47 46 124 48 82 0 73 74 133 22 41 145 115 2 144 87 97 117 13 0 138 12 150 80 68 121 29 24 134 25 55 130 54 109 0 27 132 69 101 70 30 128 122 1 111 149 26 105 53 0 95 92 37 98 100 91 16 61 85 93 59 104 99 0 112 94 96 6 147 89 0 
Solução encontrada considerada boa
GAP de 4.91613
Numero maximo de geracoes sem evolucao: 219
Solucão valida: Sim
====================================================================================================================


 ===================================================RESULTADOS=========================================================
Melhor fitness final: 1065.86
Melhor fitness possivel: 1053
Tempo de execução: 66
Melhor solução encontrada: 0 89 18 60 5 84 17 113 86 16 141 44 119 91 92 0 69 50 102 33 81 120 34 78 129 79 3 77 76 0 59 98 37 100 85 61 93 99 104 96 6 147 0 1 51 9 103 71 135 35 136 65 66 128 20 30 70 101 0 118 83 125 45 8 114 82 106 52 146 27 0 94 95 97 42 142 14 140 38 43 15 57 144 87 117 0 28 138 12 109 150 80 134 24 29 121 68 116 111 0 137 2 115 145 41 23 67 25 55 130 54 149 26 105 0 7 123 19 107 11 64 49 143 36 47 46 124 48 0 110 4 139 39 56 75 133 22 74 72 73 21 40 0 132 122 131 32 90 63 126 108 10 62 148 88 31 127 0 53 58 13 112 0 
Solução encontrada considerada boa
GAP de 1.22128
Numero maximo de geracoes sem evolucao: 124
Solucão valida: Sim
====================================================================================================================


 ===================================================RESULTADOS=========================================================
Melhor fitness final: 1103
Melhor fitness possivel: 1053
Tempo de execução: 68
Melhor solução encontrada: 0 146 88 148 62 10 108 126 63 90 32 131 128 20 30 122 70 0 6 96 99 104 93 85 91 100 37 98 92 59 94 0 50 120 34 78 129 79 3 77 68 150 80 12 138 0 89 83 125 45 17 113 86 140 38 43 15 57 144 0 112 13 117 95 97 87 137 58 53 0 102 33 81 9 135 35 136 65 71 66 103 51 0 28 121 29 24 134 54 130 55 25 67 23 41 145 115 2 0 127 31 101 1 69 132 111 76 116 109 149 26 105 0 118 5 84 61 16 141 44 119 14 142 42 0 27 7 123 19 107 11 64 49 143 36 47 82 18 0 40 21 73 72 74 22 133 75 56 39 139 4 110 0 147 60 114 8 46 124 48 106 52 0 
Solução encontrada considerada boa
GAP de 4.74791
Numero maximo de geracoes sem evolucao: 227
Solucão valida: Sim
====================================================================================================================


 ===================================================RESULTADOS=========================================================
Melhor fitness final: 1126.88
Melhor fitness possivel: 1053
Tempo de execução: 69
Melhor solução encontrada: 0 74 133 22 41 145 57 15 43 38 140 16 113 17 83 18 89 0 58 2 115 144 42 142 14 119 44 141 91 100 87 137 0 88 148 62 10 108 126 63 90 32 131 128 20 30 1 0 114 8 124 47 46 45 125 84 5 118 60 0 27 101 70 122 51 103 66 71 65 136 35 135 34 78 129 79 0 55 25 139 39 67 23 56 75 72 73 21 40 0 94 95 92 37 98 85 86 61 93 104 99 6 0 28 116 3 81 120 9 33 102 50 111 0 82 48 36 143 49 64 11 107 19 123 7 106 52 0 138 12 109 134 24 29 121 77 76 132 69 31 127 146 0 53 105 26 149 110 4 130 54 80 150 68 0 13 117 97 59 96 147 112 0 
Solução encontrada considerada mediana
GAP de 7.01616
Numero maximo de geracoes sem evolucao: 413
Solucão valida: Sim
====================================================================================================================


 ===================================================RESULTADOS=========================================================
Melhor fitness final: 1073.73
Melhor fitness possivel: 1053
Tempo de execução: 70
Melhor solução encontrada: 0 138 109 54 130 134 24 29 121 68 80 150 12 28 0 76 116 77 3 79 129 78 34 81 33 102 50 111 0 53 73 74 133 22 41 145 115 2 57 15 43 142 42 144 87 137 0 123 19 107 64 49 143 36 47 46 124 48 82 0 132 122 20 66 71 65 136 35 135 120 9 103 51 1 0 117 97 100 91 141 44 119 14 38 140 86 16 61 6 0 110 4 55 25 139 39 67 23 56 75 72 21 0 89 147 94 13 58 40 149 26 105 0 112 96 99 104 59 93 85 98 37 92 95 0 31 10 108 11 126 63 90 32 131 128 30 70 101 69 0 60 118 5 84 113 17 45 125 8 114 83 18 0 27 127 88 148 62 7 106 52 146 0 
Solução encontrada considerada boa
GAP de 1.96862
Numero maximo de geracoes sem evolucao: 848
Solucão valida: Sim
====================================================================================================================


 ===================================================RESULTADOS=========================================================
Melhor fitness final: 1109.44
Melhor fitness possivel: 1053
Tempo de execução: 69
Melhor solução encontrada: 0 62 107 11 64 63 126 90 32 131 128 77 68 80 150 0 116 3 79 129 78 34 135 35 136 65 71 103 66 20 1 0 50 102 33 81 120 9 51 122 30 70 101 69 132 0 18 83 114 8 125 45 17 113 84 5 118 60 0 89 147 6 96 99 104 59 92 95 94 112 0 13 117 87 42 142 14 86 140 38 43 15 57 144 137 0 76 121 29 24 134 54 130 55 25 67 23 41 145 115 2 0 82 48 124 46 47 36 143 49 19 123 7 106 52 0 40 21 73 72 74 22 133 75 56 39 139 4 110 0 93 85 61 16 141 44 119 91 100 98 37 97 0 111 28 138 12 109 149 26 105 58 53 0 27 31 108 10 148 88 127 146 0 
Solução encontrada considerada mediana
GAP de 5.35962
Numero maximo de geracoes sem evolucao: 546
Solucão valida: Sim
====================================================================================================================


 ===================================================RESULTADOS=========================================================
Melhor fitness final: 1118.31
Melhor fitness possivel: 1053
Tempo de execução: 71
Melhor solução encontrada: 0 76 77 3 79 129 78 34 81 33 102 50 111 0 10 108 62 107 19 47 124 46 45 125 83 0 93 85 91 100 142 14 119 44 141 16 61 0 27 127 31 88 148 48 8 114 82 106 52 146 0 69 101 70 30 103 71 65 136 35 135 120 9 51 122 132 0 53 105 40 58 137 2 115 57 144 87 97 95 13 0 1 20 66 128 131 32 90 63 126 11 64 49 143 36 123 7 0 18 60 118 5 84 17 113 86 140 38 43 15 42 117 0 28 116 68 121 29 24 134 80 150 109 12 138 0 112 94 92 37 98 59 104 99 96 6 147 89 0 73 145 41 22 133 56 39 139 4 110 149 26 0 54 130 55 25 67 23 75 74 72 21 0 
Solução encontrada considerada mediana
GAP de 6.20237
Numero maximo de geracoes sem evolucao: 556
Solucão valida: Sim
====================================================================================================================


 ===================================================RESULTADOS=========================================================
Melhor fitness final: 1083.72
Melhor fitness possivel: 1053
Tempo de execução: 68
Melhor solução encontrada: 0 28 116 68 121 29 24 134 150 80 109 12 138 0 94 59 37 98 85 93 104 99 96 6 147 0 18 83 114 8 125 45 17 113 84 5 118 60 0 117 142 14 119 44 38 140 86 141 16 61 91 100 92 0 51 103 71 65 136 35 135 34 78 129 79 3 77 76 0 112 13 95 97 87 144 57 115 2 137 58 53 0 132 1 122 30 20 66 128 131 32 90 108 10 70 101 69 0 26 54 130 55 25 139 39 67 23 41 145 15 43 42 0 106 82 48 123 62 148 88 31 127 27 0 89 46 124 47 36 143 49 64 63 126 11 107 19 7 52 146 0 40 21 73 72 74 22 133 75 56 4 110 149 105 0 50 102 33 81 120 9 111 0 
Solução encontrada considerada boa
GAP de 2.91772
Numero maximo de geracoes sem evolucao: 454
Solucão valida: Sim
====================================================================================================================


 ===================================================RESULTADOS=========================================================
Melhor fitness final: 1086.46
Melhor fitness possivel: 1053
Tempo de execução: 69
Melhor solução encontrada: 0 92 37 100 119 44 141 86 16 91 98 59 104 99 0 1 20 128 131 32 90 108 10 62 148 88 31 127 0 76 116 77 3 79 129 78 34 120 9 33 102 50 0 117 42 142 14 140 38 43 15 145 41 22 133 74 72 21 58 0 81 135 35 136 65 71 66 103 51 122 30 70 101 69 146 0 147 6 94 95 97 87 144 57 115 2 137 13 0 48 47 36 143 49 64 63 126 11 107 19 123 0 26 149 110 4 139 39 67 23 56 75 73 40 0 52 106 7 82 124 46 45 125 8 114 83 18 89 112 0 96 93 85 61 113 17 84 5 118 60 0 109 54 130 55 25 134 24 29 121 68 150 80 12 138 0 27 132 111 28 105 53 0 
Solução encontrada considerada boa
GAP de 3.17716
Numero maximo de geracoes sem evolucao: 196
Solucão valida: Sim
====================================================================================================================


 ===================================================RESULTADOS=========================================================
Melhor fitness final: 1096.73
Melhor fitness possivel: 1053
Tempo de execução: 69
Melhor solução encontrada: 0 42 15 43 142 14 38 140 86 61 85 91 98 93 0 37 100 119 44 141 16 113 17 84 5 118 60 0 50 102 33 81 120 9 71 103 51 1 132 0 127 122 20 66 65 136 35 135 34 78 129 79 3 77 0 96 104 99 59 92 95 117 97 87 144 57 115 2 137 58 0 105 26 149 109 12 150 80 68 116 76 138 28 0 53 145 41 23 67 25 55 130 54 134 24 29 121 111 0 40 21 73 72 74 22 133 75 56 39 139 4 110 0 7 123 19 107 11 64 49 143 36 47 46 124 48 0 18 83 125 45 8 114 82 106 62 148 88 52 146 0 31 10 108 126 63 90 32 131 128 30 70 101 69 27 0 112 13 94 6 147 89 0 
Solução encontrada considerada boa
GAP de 4.15308
Numero maximo de geracoes sem evolucao: 350
Solucão valida: Sim
====================================================================================================================
====================================================================================================================
====================================================================================================================
====================================================================================================================


 ===================================================RESULTADOS=========================================================
Melhor fitness final: 1125.28
Melhor fitness possivel: 1053
Tempo de execução: 61
Melhor solução encontrada: 0 132 69 101 70 30 122 51 103 9 81 33 102 50 111 0 13 117 87 97 98 85 93 59 104 99 96 6 0 120 34 78 129 79 3 77 116 12 109 149 26 40 0 112 52 106 82 46 36 47 124 48 7 88 127 27 0 1 135 35 136 65 71 66 20 128 131 32 90 108 10 0 18 83 114 8 125 45 17 113 84 5 118 60 0 94 95 92 37 100 91 141 44 119 142 42 144 57 115 2 137 0 76 80 150 68 121 29 24 134 54 4 110 72 73 21 0 130 55 25 139 39 67 23 56 75 133 22 74 0 146 123 19 143 49 64 63 126 11 107 62 148 31 0 89 147 61 16 86 140 38 14 43 15 41 145 58 0 28 138 105 53 0 
Solução encontrada considerada mediana
GAP de 6.86377
Numero maximo de geracoes sem evolucao: 336
Solucão valida: Sim
====================================================================================================================


 ===================================================RESULTADOS=========================================================
Melhor fitness final: 1120.02
Melhor fitness possivel: 1053
Tempo de execução: 62
Melhor solução encontrada: 0 6 96 104 99 93 85 98 37 92 59 94 112 0 123 19 107 11 126 63 90 32 131 128 66 65 20 1 0 144 57 15 43 38 140 86 113 17 45 125 8 114 0 116 121 29 34 135 35 136 71 103 9 51 122 30 70 101 69 27 0 110 4 25 55 130 54 134 24 68 80 150 109 12 138 0 76 77 3 79 129 78 120 81 33 102 50 0 105 26 149 21 72 74 133 22 73 40 58 53 0 139 39 67 23 56 75 41 145 115 2 87 137 0 28 111 132 31 108 10 148 7 106 52 146 0 13 117 97 42 142 14 119 44 141 16 61 91 100 95 0 18 82 48 124 46 47 36 143 49 64 62 88 127 0 147 5 84 83 60 118 89 0 
Solução encontrada considerada mediana
GAP de 6.36427
Numero maximo de geracoes sem evolucao: 1051
Solucão valida: Sim
====================================================================================================================


 ===================================================RESULTADOS=========================================================
Melhor fitness final: 1084.25
Melhor fitness possivel: 1053
Tempo de execução: 58
Melhor solução encontrada: 0 26 149 109 150 68 29 121 3 77 116 76 111 28 0 50 102 33 81 120 9 51 122 30 70 101 69 132 0 40 21 73 72 74 22 133 75 56 39 139 4 110 0 93 85 61 86 140 38 14 100 37 92 0 13 117 97 42 142 43 15 57 144 87 137 58 105 53 0 112 94 95 59 99 104 96 6 147 0 48 124 46 47 36 143 49 64 11 107 19 123 7 0 79 129 78 34 135 35 136 65 71 103 66 131 128 20 1 0 98 91 119 44 141 16 113 17 84 5 118 60 0 27 31 10 108 32 90 63 126 62 148 88 127 146 0 138 12 80 24 134 54 130 55 25 67 23 41 145 115 2 0 52 106 82 114 8 45 125 83 18 89 0 
Solução encontrada considerada boa
GAP de 2.96812
Numero maximo de geracoes sem evolucao: 250
Solucão valida: Sim
====================================================================================================================


 ===================================================RESULTADOS=========================================================
Melhor fitness final: 1089.64
Melhor fitness possivel: 1053
Tempo de execução: 61
Melhor solução encontrada: 0 18 83 114 8 46 45 125 17 113 84 5 118 60 0 148 62 64 49 143 36 47 124 48 82 7 106 0 138 109 54 134 24 29 121 68 80 150 12 28 0 112 13 117 97 95 59 104 99 96 147 89 0 79 129 78 34 135 35 136 65 71 66 20 103 51 1 27 0 137 87 115 145 41 23 67 25 55 130 149 26 105 0 94 92 98 37 100 91 141 16 61 85 93 6 0 144 42 142 14 119 44 86 140 38 43 15 57 2 58 53 0 132 69 101 70 122 30 128 131 32 90 63 126 11 107 19 123 52 0 40 21 73 72 74 22 133 75 56 39 139 4 110 0 111 50 102 33 9 120 81 3 77 116 76 0 31 108 10 88 127 146 0 
Solução encontrada considerada boa
GAP de 3.47952
Numero maximo de geracoes sem evolucao: 203
Solucão valida: Sim
====================================================================================================================


 ===================================================RESULTADOS=========================================================
Melhor fitness final: 1096.02
Melhor fitness possivel: 1053
Tempo de execução: 62
Melhor solução encontrada: 0 26 149 4 139 39 67 23 56 21 40 105 0 94 59 37 98 85 93 99 104 96 6 147 0 111 50 102 33 81 120 9 51 30 122 1 0 103 71 65 136 35 135 34 78 129 79 3 77 116 76 28 0 110 25 55 130 54 134 24 29 121 68 80 150 109 12 138 0 83 46 36 143 49 64 107 11 126 63 90 32 131 128 66 20 0 118 5 84 45 125 8 114 82 106 52 0 95 92 100 91 61 16 141 44 119 43 15 57 144 87 0 27 132 69 101 70 108 10 62 148 88 31 127 0 89 60 17 113 86 140 38 14 142 42 97 117 112 0 13 137 2 115 145 41 22 133 75 74 72 73 58 53 0 18 48 124 47 19 123 7 146 0 
Solução encontrada considerada boa
GAP de 4.08555
Numero maximo de geracoes sem evolucao: 134
Solucão valida: Sim
====================================================================================================================


 ===================================================RESULTADOS=========================================================
Melhor fitness final: 1106.66
Melhor fitness possivel: 1053
Tempo de execução: 63
Melhor solução encontrada: 0 122 20 128 66 71 65 136 35 135 120 9 103 51 0 98 85 61 16 86 140 38 44 119 100 37 92 0 76 116 77 3 79 129 78 34 81 33 102 50 0 13 117 97 87 144 57 115 2 137 58 26 105 53 0 111 132 69 101 70 108 10 62 148 88 31 127 52 146 0 149 54 134 24 29 121 68 150 80 109 12 138 28 0 18 82 48 47 36 143 49 64 19 123 7 106 0 110 4 139 39 56 75 133 22 74 72 73 21 40 0 112 94 95 59 99 104 96 6 147 0 118 5 84 113 17 45 125 83 60 89 0 130 55 25 67 23 41 145 15 43 42 142 14 141 91 93 0 27 1 30 131 32 90 63 126 11 107 124 46 8 114 0 
Solução encontrada considerada mediana
GAP de 5.0962
Numero maximo de geracoes sem evolucao: 242
Solucão valida: Sim
====================================================================================================================


 ===================================================RESULTADOS=========================================================
Melhor fitness final: 1102.64
Melhor fitness possivel: 1053
Tempo de execução: 62
Melhor solução encontrada: 0 132 1 122 30 20 128 131 32 90 63 126 108 10 70 101 69 0 130 55 25 139 39 67 23 56 75 133 41 145 115 0 51 103 66 71 65 136 35 135 9 120 81 33 0 109 80 150 68 77 3 79 129 78 34 102 50 111 0 82 48 124 46 47 36 143 49 64 19 123 7 106 0 28 138 12 149 26 105 53 112 147 0 76 116 121 29 24 134 54 4 110 72 74 22 73 21 40 0 58 137 2 57 15 43 142 42 144 87 97 95 117 13 0 89 118 5 83 125 45 8 114 18 52 146 0 94 59 92 98 37 100 91 85 93 99 104 96 6 0 61 16 141 44 119 14 38 140 86 113 17 84 60 0 27 31 62 11 107 148 88 127 0 
Solução encontrada considerada boa
GAP de 4.71388
Numero maximo de geracoes sem evolucao: 175
Solucão valida: Sim
====================================================================================================================


 ===================================================RESULTADOS=========================================================
Melhor fitness final: 1080.46
Melhor fitness possivel: 1053
Tempo de execução: 64
Melhor solução encontrada: 0 58 2 115 144 42 142 14 119 100 37 98 92 97 95 117 13 0 31 10 108 128 131 32 90 63 126 62 148 88 127 146 0 137 87 57 15 43 38 140 86 113 17 84 5 18 0 59 93 85 91 44 141 16 61 99 104 96 0 109 134 24 29 121 78 34 135 35 136 65 71 66 20 1 132 0 69 101 70 30 122 51 103 9 120 81 33 102 50 0 27 52 106 82 114 8 45 125 83 60 118 89 0 138 54 130 55 25 67 23 41 145 74 72 73 21 53 0 48 124 46 47 36 143 49 64 11 107 19 123 7 0 105 40 22 133 75 56 39 139 4 110 149 26 0 111 76 116 77 3 79 129 68 150 80 12 28 0 147 6 94 112 0 
Solução encontrada considerada boa
GAP de 2.60815
Numero maximo de geracoes sem evolucao: 298
Solucão valida: Sim
====================================================================================================================


 ===================================================RESULTADOS=========================================================
Melhor fitness final: 1121.64
Melhor fitness possivel: 1053
Tempo de execução: 58
Melhor solução encontrada: 0 13 117 97 92 37 100 14 119 141 16 61 93 147 0 138 12 109 54 130 55 25 139 39 56 75 145 115 2 137 0 112 87 144 57 42 142 43 15 41 23 67 4 110 0 1 9 71 65 136 35 135 120 81 33 102 50 0 27 127 88 148 62 108 10 31 69 132 111 28 0 76 77 3 79 129 78 34 121 29 24 134 80 150 68 116 0 89 118 60 83 114 8 125 45 46 124 106 52 0 98 85 91 44 38 140 86 113 17 84 5 6 0 18 82 48 47 36 143 49 64 66 103 51 0 101 70 122 30 20 128 131 32 90 63 126 11 107 19 123 7 146 0 53 58 40 73 22 133 74 72 21 149 26 105 0 94 95 59 104 99 96 0 
Solução encontrada considerada mediana
GAP de 6.51863
Numero maximo de geracoes sem evolucao: 263
Solucão valida: Sim
====================================================================================================================


 ===================================================RESULTADOS=========================================================
Melhor fitness final: 1164
Melhor fitness possivel: 1053
Tempo de execução: 62
Melhor solução encontrada: 0 21 73 72 74 22 41 133 56 39 139 4 110 149 0 50 102 9 120 34 78 129 79 3 77 116 76 0 53 58 137 87 144 42 142 43 15 57 145 115 2 40 105 0 68 150 80 109 26 92 37 100 93 84 83 60 118 0 18 82 48 124 46 47 36 143 49 64 7 106 52 146 0 33 81 135 35 136 65 71 66 103 51 30 70 101 0 75 23 67 25 55 130 54 134 24 29 121 12 138 0 27 127 88 148 62 108 10 31 69 132 111 28 0 89 147 6 94 95 59 97 117 13 112 0 5 61 86 140 38 14 119 44 91 98 99 104 96 0 114 8 125 45 17 113 16 141 85 0 123 19 107 11 126 63 90 32 131 128 20 122 1 0 
Solução encontrada considerada ruim
GAP de 10.5409
Numero maximo de geracoes sem evolucao: 239
Solucão valida: Sim
====================================================================================================================


 ===================================================RESULTADOS=========================================================
Melhor fitness final: 1105.72
Melhor fitness possivel: 1053
Tempo de execução: 60
Melhor solução encontrada: 0 53 40 21 72 74 133 22 41 145 115 2 57 144 87 137 0 58 73 75 56 23 67 39 139 4 110 149 0 76 116 77 3 79 129 78 34 81 33 102 50 132 0 51 103 9 120 135 35 136 65 71 66 108 10 0 18 114 8 125 45 17 113 84 5 118 60 0 112 13 94 95 59 104 99 96 6 147 89 0 146 52 46 124 47 36 143 49 64 62 148 88 31 127 0 123 19 107 11 126 63 90 32 131 128 20 30 122 70 101 1 69 0 93 85 61 16 141 44 119 91 100 37 98 92 97 0 106 7 48 82 83 86 140 38 14 142 43 15 42 117 0 12 80 150 68 121 29 24 134 25 55 130 54 109 26 0 105 138 28 111 27 0 
Solução encontrada considerada mediana
GAP de 5.0068
Numero maximo de geracoes sem evolucao: 388
Solucão valida: Sim
====================================================================================================================


 ===================================================RESULTADOS=========================================================
Melhor fitness final: 1089.17
Melhor fitness possivel: 1053
Tempo de execução: 64
Melhor solução encontrada: 0 77 3 79 129 78 34 35 136 65 66 128 20 30 70 101 69 0 89 60 118 5 84 17 113 86 44 119 98 0 111 76 116 68 121 29 24 134 150 80 109 12 138 0 28 50 102 33 81 120 9 135 71 103 51 0 27 127 106 82 114 8 46 45 125 83 18 52 146 0 48 124 47 36 143 49 64 11 107 19 123 7 0 105 149 110 4 56 75 133 22 74 72 73 21 40 0 147 99 104 93 85 61 16 141 91 100 37 92 117 0 26 54 130 55 25 139 39 67 23 41 145 0 112 94 95 97 87 144 115 2 58 53 0 31 88 148 62 10 108 126 63 90 32 131 122 1 132 0 13 137 57 15 43 38 140 14 142 42 59 96 6 0 
Solução encontrada considerada boa
GAP de 3.43469
Numero maximo de geracoes sem evolucao: 251
Solucão valida: Sim
====================================================================================================================


 ===================================================RESULTADOS=========================================================
Melhor fitness final: 1123.97
Melhor fitness possivel: 1053
Tempo de execução: 62
Melhor solução encontrada: 0 111 50 102 103 66 71 65 136 35 135 34 78 76 0 58 40 110 4 139 67 23 41 145 15 43 38 140 100 37 92 0 21 73 72 74 22 133 75 56 39 25 55 130 54 0 132 1 122 30 32 131 128 20 51 9 120 81 33 0 89 18 125 45 17 113 86 16 61 93 0 13 137 2 115 57 144 87 97 95 59 99 104 96 0 94 98 85 91 141 44 119 14 142 42 117 0 147 112 53 105 26 149 109 12 138 0 48 124 46 47 36 143 49 64 11 107 19 123 7 0 146 52 106 82 8 114 83 84 5 118 60 6 0 68 80 150 134 24 29 121 129 79 3 77 116 28 0 27 69 101 70 10 108 90 63 126 62 148 88 31 127 0 
Solução encontrada considerada mediana
GAP de 6.73988
Numero maximo de geracoes sem evolucao: 187
Solucão valida: Sim
====================================================================================================================


 ===================================================RESULTADOS=========================================================
Melhor fitness final: 1102
Melhor fitness possivel: 1053
Tempo de execução: 62
Melhor solução encontrada: 0 61 16 141 44 119 14 142 42 87 144 57 115 2 137 0 76 129 78 34 135 35 136 65 71 66 103 51 122 1 27 0 26 149 54 134 24 29 121 68 150 80 109 12 28 0 18 114 8 124 47 46 45 125 5 118 60 0 116 77 3 79 120 9 81 33 102 50 0 82 48 36 143 49 64 11 107 19 123 7 106 52 0 101 70 30 20 128 131 32 90 63 126 108 10 62 148 88 146 0 59 92 37 98 100 91 85 93 99 104 96 6 147 0 127 31 69 132 111 138 110 4 72 21 40 105 53 0 133 22 41 145 15 43 38 140 86 113 17 84 83 89 0 58 73 74 75 56 23 67 39 139 25 55 130 0 13 117 97 95 94 112 0 
Solução encontrada considerada boa
GAP de 4.6531
Numero maximo de geracoes sem evolucao: 376
Solucão valida: Sim
====================================================================================================================


 ===================================================RESULTADOS=========================================================
Melhor fitness final: 1090.77
Melhor fitness possivel: 1053
Tempo de execução: 66
Melhor solução encontrada: 0 61 16 141 44 119 14 142 42 87 144 57 115 2 137 0 18 83 114 8 125 45 17 113 84 5 118 60 0 94 95 97 98 85 93 59 99 104 96 6 0 76 116 77 3 79 129 78 34 81 33 102 50 111 0 122 20 128 66 71 65 136 35 135 120 9 103 51 0 132 1 30 131 32 90 126 63 64 49 143 36 47 124 46 7 146 0 21 73 72 74 22 133 75 56 39 139 4 110 0 127 88 148 62 11 107 19 123 48 82 106 52 0 28 12 80 150 68 121 29 24 134 54 109 138 0 112 89 147 13 58 40 149 26 105 53 0 130 55 25 67 23 41 145 15 43 38 140 86 91 100 37 92 117 0 31 10 108 70 101 69 27 0 
Solução encontrada considerada boa
GAP de 3.58647
Numero maximo de geracoes sem evolucao: 320
Solucão valida: Sim
====================================================================================================================


 ===================================================RESULTADOS=========================================================
Melhor fitness final: 1119.96
Melhor fitness possivel: 1053
Tempo de execução: 60
Melhor solução encontrada: 0 98 37 100 91 119 44 141 16 61 85 93 6 0 27 132 1 122 20 65 136 35 135 34 78 129 79 3 76 111 0 115 145 41 23 67 25 55 130 54 134 24 29 121 77 28 0 82 48 47 124 46 86 140 38 14 142 42 117 0 18 83 114 8 125 45 17 113 84 5 118 60 0 103 71 66 128 131 32 90 63 126 11 107 62 148 88 0 127 31 10 108 64 49 143 36 19 123 7 106 52 0 110 4 139 39 56 75 133 22 74 72 73 21 40 0 50 102 33 81 120 9 51 30 70 101 69 146 0 112 94 95 97 92 59 99 104 96 147 89 0 53 105 26 149 109 80 150 68 116 12 138 0 13 87 144 43 15 57 2 137 58 0 
Solução encontrada considerada mediana
GAP de 6.35858
Numero maximo de geracoes sem evolucao: 239
Solucão valida: Sim
====================================================================================================================


 ===================================================RESULTADOS=========================================================
Melhor fitness final: 1116.35
Melhor fitness possivel: 1053
Tempo de execução: 63
Melhor solução encontrada: 0 89 147 94 117 87 43 15 145 41 23 67 25 55 109 0 127 31 10 108 126 63 90 32 131 20 122 1 132 27 0 76 116 68 150 80 121 29 24 134 54 130 4 110 0 111 50 51 103 71 9 120 34 78 129 79 3 77 0 102 33 81 135 35 136 65 66 128 30 70 101 69 0 112 83 114 8 125 45 46 124 19 11 62 148 88 0 58 73 74 22 133 75 56 39 139 72 21 40 0 82 48 47 36 143 49 64 107 123 7 106 52 0 137 2 115 57 144 42 142 14 38 140 119 44 141 16 61 6 0 13 97 37 100 85 93 59 99 104 96 0 95 92 98 91 86 113 17 84 5 118 60 18 146 0 28 138 12 149 26 105 53 0 
Solução encontrada considerada mediana
GAP de 6.01656
Numero maximo de geracoes sem evolucao: 330
Solucão valida: Sim
====================================================================================================================


 ===================================================RESULTADOS=========================================================
Melhor fitness final: 1096.84
Melhor fitness possivel: 1053
Tempo de execução: 61
Melhor solução encontrada: 0 122 20 128 66 9 120 81 33 102 50 111 0 92 100 91 61 16 141 86 140 38 44 119 14 142 117 0 26 54 130 55 25 139 39 67 23 41 145 15 43 42 0 132 1 51 103 71 65 136 35 135 34 78 129 79 3 77 76 0 10 108 11 107 64 63 126 90 32 131 30 70 101 69 27 0 147 6 96 104 99 93 85 98 37 59 94 0 105 149 110 4 56 75 133 22 74 72 73 21 40 0 83 114 8 124 46 45 125 17 113 84 5 118 60 0 7 47 36 143 49 19 123 62 148 88 31 127 0 28 116 68 121 29 24 134 80 150 109 12 138 0 112 13 95 97 87 144 57 115 2 137 58 53 0 89 18 82 48 106 52 146 0 
Solução encontrada considerada boa
GAP de 4.16315
Numero maximo de geracoes sem evolucao: 256
Solucão valida: Sim
====================================================================================================================


 ===================================================RESULTADOS=========================================================
Melhor fitness final: 1076.08
Melhor fitness possivel: 1053
Tempo de execução: 60
Melhor solução encontrada: 0 58 21 72 74 133 22 41 145 15 43 38 140 14 142 42 117 0 26 149 110 4 139 39 67 23 56 75 73 40 0 92 37 119 44 141 16 86 113 17 84 5 89 0 1 81 135 35 136 65 71 66 103 51 30 70 101 69 0 76 116 77 3 79 129 78 34 120 9 33 102 50 0 118 60 83 114 8 125 45 46 124 48 106 52 0 146 127 31 88 148 62 10 108 90 32 131 128 20 122 0 7 123 19 107 11 126 63 64 49 143 36 47 82 18 0 109 54 130 55 25 134 24 29 121 68 150 80 12 138 0 112 94 95 97 87 144 57 115 2 137 13 0 59 98 100 91 61 85 93 104 99 96 6 147 0 53 105 28 111 132 27 0 
Solução encontrada considerada boa
GAP de 2.19148
Numero maximo de geracoes sem evolucao: 205
Solucão valida: Sim
====================================================================================================================


 ===================================================RESULTADOS=========================================================
Melhor fitness final: 1100.29
Melhor fitness possivel: 1053
Tempo de execução: 61
Melhor solução encontrada: 0 132 69 101 70 122 30 20 128 131 32 90 63 126 108 10 127 52 0 111 50 102 33 81 34 78 129 79 3 77 116 76 0 147 6 96 99 104 93 85 61 91 100 37 98 59 0 1 51 103 9 120 135 35 136 65 71 66 31 0 95 97 87 144 42 142 86 140 38 43 15 57 115 2 137 0 48 124 46 47 36 143 49 64 11 107 19 123 146 0 121 29 24 134 54 130 55 25 67 23 41 145 58 53 0 60 118 5 84 17 113 16 141 44 119 14 92 117 0 110 4 139 39 56 75 133 22 74 72 73 21 40 0 88 148 62 7 106 82 114 8 45 125 83 18 89 0 105 26 149 109 80 150 68 12 138 28 27 0 112 94 13 0 
Solução encontrada considerada boa
GAP de 4.49087
Numero maximo de geracoes sem evolucao: 492
Solucão valida: Sim
====================================================================================================================

