===================================================RESULTADOS=========================================================
Melhor fitness final: 1168
Melhor fitness possivel: 1053
Tempo de execução: 308
Melhor solução encontrada: 0 18 83 125 45 17 113 16 141 44 119 14 117 0 28 111 1 101 70 131 32 90 126 63 11 31 69 132 27 0 127 88 148 62 107 19 47 124 48 82 52 146 0 50 102 103 71 9 120 81 33 77 116 76 0 89 147 6 96 104 99 59 92 97 95 94 112 0 10 108 30 122 51 20 128 66 65 136 35 135 34 78 129 0 139 39 67 23 56 75 133 22 74 73 21 0 138 12 80 150 68 3 79 121 29 24 134 54 109 0 53 58 137 87 144 57 145 115 2 40 149 26 105 0 13 37 98 100 91 85 61 84 5 118 60 0 93 86 140 38 142 42 43 15 41 72 110 4 25 55 130 0 114 8 46 36 143 49 64 123 7 106 0 
Solução encontrada considerada ruim
GAP de 10.9212
Numero maximo de geracoes sem evolucao: 285
Solucão valida: Sim
====================================================================================================================


 ===================================================RESULTADOS=========================================================
Melhor fitness final: 1138
Melhor fitness possivel: 1053
Tempo de execução: 297
Melhor solução encontrada: 0 18 118 5 84 46 124 47 48 82 106 146 0 110 4 139 39 67 23 75 74 72 73 21 0 94 95 99 113 17 45 125 8 114 83 60 147 0 88 148 10 108 126 63 90 32 131 128 20 30 70 101 27 0 92 37 91 119 44 141 16 85 93 59 96 0 69 122 103 71 135 9 120 81 33 102 50 76 0 109 54 130 134 24 29 121 68 80 150 12 138 28 0 53 105 40 58 2 115 57 144 87 137 13 112 0 127 31 62 107 11 64 49 143 36 19 123 7 52 0 89 104 98 100 42 142 43 15 145 41 22 133 56 25 55 149 26 0 111 116 77 3 79 129 78 34 35 136 65 66 51 1 132 0 6 61 86 140 38 14 97 117 0 
Solução encontrada considerada ruim
GAP de 8.07217
Numero maximo de geracoes sem evolucao: 387
Solucão valida: Sim
====================================================================================================================


 ===================================================RESULTADOS=========================================================
Melhor fitness final: 1136
Melhor fitness possivel: 1053
Tempo de execução: 267
Melhor solução encontrada: 0 112 94 95 92 59 93 104 99 96 6 147 0 48 124 47 36 143 49 64 11 107 19 123 7 0 50 102 33 81 120 9 51 122 30 70 101 69 27 0 103 71 65 136 35 135 34 78 129 79 3 77 116 76 0 61 16 141 44 119 14 100 98 37 97 117 137 13 0 26 109 54 130 55 25 134 24 29 121 68 80 150 12 0 21 72 74 133 22 41 145 15 43 142 42 87 144 57 115 2 0 149 110 4 139 39 67 23 56 75 73 105 0 83 114 8 125 45 17 113 84 5 118 60 0 53 58 40 138 28 111 132 127 88 148 62 106 52 146 0 1 20 66 128 131 32 90 63 126 108 10 31 0 85 91 38 140 86 46 82 18 89 0 
Solução encontrada considerada mediana
GAP de 7.88224
Numero maximo de geracoes sem evolucao: 735
Solucão valida: Sim
====================================================================================================================


 ===================================================RESULTADOS=========================================================
Melhor fitness final: 1128
Melhor fitness possivel: 1053
Tempo de execução: 279
Melhor solução encontrada: 0 76 116 77 3 81 120 9 33 102 50 27 0 52 31 10 108 126 63 90 32 131 128 20 30 70 101 69 0 105 26 149 21 72 74 133 22 73 40 53 0 48 124 46 47 36 143 49 64 11 107 19 123 7 0 13 117 97 95 59 99 104 96 94 6 147 0 82 114 8 125 45 113 16 141 44 119 91 92 0 111 150 80 68 121 29 24 134 25 55 130 54 109 12 0 79 129 78 34 135 35 136 65 71 66 103 51 122 1 132 0 58 75 56 23 67 39 139 4 110 138 28 0 112 118 60 83 18 106 62 148 88 127 146 0 5 61 85 93 98 37 100 142 43 15 41 145 115 2 0 137 87 144 57 42 14 38 140 86 17 84 89 0 
Solução encontrada considerada mediana
GAP de 7.12251
Numero maximo de geracoes sem evolucao: 886
Solucão valida: Sim
====================================================================================================================


 ===================================================RESULTADOS=========================================================
Melhor fitness final: 1100
Melhor fitness possivel: 1053
Tempo de execução: 262
Melhor solução encontrada: 0 27 127 31 10 108 32 90 63 126 62 148 88 52 0 48 124 46 47 36 143 49 64 11 107 19 123 146 0 13 117 92 37 100 91 141 16 113 17 84 5 147 0 18 106 7 82 114 8 45 125 83 60 118 89 0 94 96 99 104 59 95 97 87 144 57 115 2 137 0 98 44 119 14 38 140 86 61 85 93 6 0 50 102 33 81 120 135 35 136 65 71 9 0 21 73 72 74 75 56 23 133 22 41 145 15 43 142 42 0 138 109 24 134 54 130 55 25 67 39 139 4 110 0 132 69 101 70 30 131 128 20 66 103 51 122 1 111 28 0 76 116 77 3 79 129 78 34 29 121 68 80 150 12 0 53 105 26 149 40 58 112 0 
Solução encontrada considerada boa
GAP de 4.46344
Numero maximo de geracoes sem evolucao: 339
Solucão valida: Sim
====================================================================================================================


 ===================================================RESULTADOS=========================================================
Melhor fitness final: 1125
Melhor fitness possivel: 1053
Tempo de execução: 257
Melhor solução encontrada: 0 33 81 120 9 71 65 136 35 135 34 78 129 79 0 132 1 76 116 77 3 68 80 150 109 12 138 28 0 148 62 10 108 126 63 90 32 131 128 20 30 122 70 101 69 0 121 29 24 134 54 130 55 25 39 75 133 74 73 58 0 83 114 8 124 46 45 125 17 113 84 5 118 60 0 127 31 88 11 107 19 123 48 82 7 106 18 0 47 36 143 49 64 66 103 51 102 50 111 0 53 95 59 92 98 85 93 99 104 96 6 147 0 13 87 144 42 142 14 119 44 141 91 100 37 97 117 0 94 61 16 86 140 38 43 15 57 145 41 22 115 2 137 0 105 40 21 72 56 23 67 139 4 110 149 26 0 112 89 52 146 27 0 
Solução encontrada considerada mediana
GAP de 6.83761
Numero maximo de geracoes sem evolucao: 485
Solucão valida: Sim
====================================================================================================================


 ===================================================RESULTADOS=========================================================
Melhor fitness final: 1133
Melhor fitness possivel: 1053
Tempo de execução: 291
Melhor solução encontrada: 0 27 69 101 70 122 103 71 65 136 35 135 120 9 51 1 132 0 53 137 144 57 15 43 142 119 44 141 16 61 5 0 13 117 92 85 91 86 113 17 84 118 60 0 112 94 59 37 98 93 104 99 96 6 147 89 0 76 116 77 3 79 129 78 34 81 33 102 50 111 0 110 4 139 39 56 75 133 22 74 72 73 21 0 26 149 130 54 134 24 29 121 68 80 150 12 0 127 88 123 19 49 143 47 124 48 82 52 0 146 106 7 107 11 63 90 32 131 128 66 20 30 31 0 28 138 109 55 25 67 23 41 145 115 2 58 40 105 0 148 62 10 108 126 64 36 46 45 125 8 114 83 18 0 95 97 100 140 38 14 42 87 0 
Solução encontrada considerada mediana
GAP de 7.59734
Numero maximo de geracoes sem evolucao: 500
Solucão valida: Sim
====================================================================================================================


 ===================================================RESULTADOS=========================================================
Melhor fitness final: 1123
Melhor fitness possivel: 1053
Tempo de execução: 282
Melhor solução encontrada: 0 148 62 10 108 126 63 90 32 131 128 20 30 122 70 101 0 27 127 31 88 7 48 47 124 8 82 106 52 146 0 150 80 68 116 77 3 79 129 78 34 120 9 50 0 132 111 138 12 109 54 130 55 25 4 149 26 0 94 59 92 37 98 85 93 104 99 96 6 112 0 145 41 22 133 23 67 39 139 56 75 74 73 0 13 117 95 97 87 144 57 115 2 58 105 53 0 147 118 5 61 16 113 17 84 83 60 89 0 100 91 141 86 140 38 44 119 14 142 43 15 42 137 0 18 114 125 45 46 36 143 49 64 11 107 19 123 0 69 1 51 103 66 71 65 136 35 135 81 33 102 0 28 76 121 29 24 134 110 72 21 40 0 
Solução encontrada considerada mediana
GAP de 6.64767
Numero maximo de geracoes sem evolucao: 590
Solucão valida: Sim
====================================================================================================================


 ===================================================RESULTADOS=========================================================
Melhor fitness final: 1130
Melhor fitness possivel: 1053
Tempo de execução: 254
Melhor solução encontrada: 0 53 58 40 105 26 149 109 12 116 76 111 28 0 132 1 102 51 9 120 34 78 129 79 3 77 138 0 137 2 115 145 144 42 142 14 119 44 141 16 91 100 97 117 0 112 13 95 94 6 147 89 52 127 27 0 72 75 56 39 67 23 41 22 133 74 73 0 21 110 4 139 25 55 130 54 134 24 29 121 68 150 80 0 5 61 85 93 98 37 92 59 99 104 96 0 118 60 83 84 17 113 86 140 38 43 15 57 87 0 31 88 148 62 126 63 90 32 131 128 20 30 122 70 101 69 0 106 82 48 124 46 45 125 8 114 18 0 10 108 66 103 71 65 136 35 135 81 33 50 0 123 19 107 11 64 49 143 36 47 7 146 0 
Solução encontrada considerada mediana
GAP de 7.31244
Numero maximo de geracoes sem evolucao: 545
Solucão valida: Sim
====================================================================================================================


 ===================================================RESULTADOS=========================================================
Melhor fitness final: 1127
Melhor fitness possivel: 1053
Tempo de execução: 277
Melhor solução encontrada: 0 127 123 19 107 11 64 49 143 36 47 48 0 110 4 139 39 56 75 133 22 74 72 73 21 40 0 88 148 62 10 108 126 63 90 32 131 128 20 30 70 0 112 94 59 92 37 98 85 93 99 104 96 6 0 147 118 60 83 114 8 125 45 17 113 16 0 50 102 33 81 9 120 34 3 77 76 28 0 121 29 24 134 54 130 55 25 67 23 41 145 115 2 53 0 13 117 95 97 42 142 43 15 57 144 87 137 58 105 0 138 26 149 109 12 80 150 68 116 1 101 31 0 111 79 129 78 135 35 136 65 71 66 103 51 122 69 132 0 100 91 141 44 119 14 38 140 86 61 84 5 0 89 18 82 46 124 7 106 52 146 27 0 
Solução encontrada considerada mediana
GAP de 7.02754
Numero maximo de geracoes sem evolucao: 767
Solucão valida: Sim
====================================================================================================================

