
 ===================================================RESULTADOS=========================================================
Melhor fitness final: 1411
Melhor fitness possivel: 1373
Tempo de execução: 637
Melhor solução encontrada: 0 185 81 120 135 35 136 65 71 161 9 33 0 149 179 130 54 109 12 154 138 111 176 132 0 40 73 72 74 171 133 22 41 145 115 2 144 172 42 137 0 184 169 34 164 78 129 79 3 158 77 196 28 0 122 51 103 66 188 20 128 160 131 32 30 70 101 0 83 199 114 8 174 45 125 84 173 5 118 60 0 153 106 194 7 48 168 47 124 82 18 166 89 0 85 61 16 141 191 44 140 38 14 119 192 117 0 198 75 186 23 39 187 139 155 4 110 26 0 195 177 80 150 68 116 76 157 102 50 1 69 0 182 123 19 107 175 11 126 63 90 108 10 189 162 0 121 29 24 163 134 165 55 25 170 67 56 197 21 180 105 0 183 94 95 92 151 59 99 104 96 6 147 0 13 87 97 100 142 43 15 57 178 152 58 53 0 93 98 37 193 91 86 113 17 46 36 143 49 64 181 0 27 167 127 190 31 159 62 148 88 52 146 0 112 156 0 
Solução encontrada considerada boa
GAP de 2.76766
Numero maximo de geracoes sem evolucao: 712
Solucão valida: Sim
====================================================================================================================

