NUMINSLANDS: 8
NUMPOPULACAO: 250
 ===================================================RESULTADOS=========================================================
Melhor fitness final: 1420
Melhor fitness possivel: 1373
Tempo de execução: 166
Melhor solução encontrada: 0 59 91 191 141 16 61 173 5 118 60 89 0 156 84 17 113 86 140 38 44 119 192 14 142 42 172 117 0 106 194 7 123 64 49 143 36 46 174 199 83 166 147 0 76 184 196 116 77 3 158 157 102 50 111 0 51 33 185 79 129 169 121 29 24 163 134 25 55 165 130 54 179 0 21 72 197 56 186 75 133 22 41 145 171 74 73 0 195 109 177 80 150 68 12 138 154 28 0 31 189 10 108 159 62 148 182 88 146 0 53 105 26 149 180 40 152 58 137 13 0 81 120 9 103 66 181 32 131 160 0 82 48 124 47 168 19 107 175 11 126 63 90 0 112 92 151 37 98 100 193 85 93 99 104 96 6 0 198 23 67 170 39 187 139 4 155 110 0 167 127 190 162 101 70 30 122 1 176 132 69 27 0 128 20 188 161 71 65 136 35 135 164 34 78 0 2 115 178 57 15 43 144 87 97 95 94 183 0 52 153 114 8 45 125 18 0 
Solução encontrada considerada boa
GAP de 3.42316
Numero maximo de geracoes sem evolucao: 928
Solucão valida: Sim
====================================================================================================================


 ===================================================RESULTADOS=========================================================
Melhor fitness final: 1417
Melhor fitness possivel: 1373
Tempo de execução: 169
Melhor solução encontrada: 0 137 87 144 2 178 115 145 41 22 133 74 171 73 0 13 172 42 142 14 38 140 44 119 192 100 97 117 112 0 50 102 157 33 81 185 158 3 77 196 184 0 156 152 58 40 180 21 198 149 26 105 53 0 12 109 134 165 55 25 170 67 155 179 195 0 59 151 92 37 98 85 93 104 99 96 94 0 95 193 91 191 141 16 61 173 84 5 118 60 0 57 15 43 86 113 17 125 45 46 174 8 114 199 83 0 51 9 120 164 34 78 169 129 79 116 76 111 0 27 132 176 1 101 162 31 190 127 167 146 0 188 20 128 160 131 32 90 63 126 11 175 107 19 88 0 110 4 139 187 39 23 186 56 75 197 72 0 154 138 177 54 130 163 24 29 121 68 150 80 28 0 69 70 122 103 161 71 135 35 136 65 66 30 10 0 52 182 123 168 47 124 48 7 194 106 153 18 0 148 62 159 189 108 181 64 49 143 36 82 0 183 6 147 166 89 0 
Solução encontrada considerada boa
GAP de 3.20466
Numero maximo de geracoes sem evolucao: 502
Solucão valida: Sim
====================================================================================================================


 ===================================================RESULTADOS=========================================================
Melhor fitness final: 1403
Melhor fitness possivel: 1373
Tempo de execução: 164
Melhor solução encontrada: 0 111 50 79 3 158 77 196 76 154 138 28 0 184 116 68 80 150 177 109 12 195 149 26 0 59 93 85 91 193 100 37 98 92 151 95 0 105 180 21 73 171 74 75 133 22 41 145 40 53 0 38 140 86 113 17 45 125 174 8 199 83 166 0 123 19 107 175 11 64 49 143 36 47 168 124 46 18 0 84 173 61 16 141 191 44 119 192 14 142 42 172 144 137 0 69 162 31 190 127 88 182 7 194 106 52 146 0 112 94 183 6 147 89 167 27 0 102 157 33 81 120 164 34 78 169 129 185 0 160 128 66 65 136 35 135 71 161 103 9 0 58 152 2 115 178 57 15 43 87 97 117 13 156 0 186 23 67 170 25 55 165 130 54 134 163 24 29 121 0 148 62 159 126 63 181 131 32 90 108 189 10 0 153 82 48 114 60 118 5 99 104 96 0 198 72 197 56 39 187 139 155 4 110 179 0 176 1 122 51 188 20 30 70 101 132 0 
Solução encontrada considerada boa
GAP de 2.185
Numero maximo de geracoes sem evolucao: 448
Solucão valida: Sim
====================================================================================================================


 ===================================================RESULTADOS=========================================================
Melhor fitness final: 1442
Melhor fitness possivel: 1373
Tempo de execução: 160
Melhor solução encontrada: 0 154 138 116 129 79 185 120 81 33 111 0 112 94 96 104 99 59 92 151 97 95 117 13 0 172 15 43 142 14 119 192 193 100 37 98 85 93 0 180 198 110 4 155 72 74 133 22 171 73 0 70 160 128 20 188 103 71 161 9 51 1 176 0 91 191 44 141 16 61 173 84 5 118 60 83 0 87 144 57 178 2 115 145 41 23 186 56 75 21 0 123 19 107 175 11 126 63 32 131 30 122 101 69 132 0 183 6 147 89 166 18 153 106 194 7 182 52 0 27 167 127 190 31 148 88 146 156 0 50 102 157 158 3 77 196 76 184 28 0 152 58 137 42 38 140 86 113 17 45 125 8 199 0 114 174 46 36 143 49 47 168 124 48 82 0 66 65 136 35 135 164 34 78 169 121 29 24 163 134 0 179 54 130 165 55 25 170 67 39 187 139 197 40 0 12 68 150 80 177 109 195 149 26 105 53 0 162 189 10 108 90 181 64 159 62 0 
Solução encontrada considerada mediana
GAP de 5.02549
Numero maximo de geracoes sem evolucao: 1134
Solucão valida: Sim
====================================================================================================================


 ===================================================RESULTADOS=========================================================
Melhor fitness final: 1417
Melhor fitness possivel: 1373
Tempo de execução: 156
Melhor solução encontrada: 0 137 2 145 41 15 43 172 42 142 14 38 140 86 16 61 173 84 0 110 4 155 139 187 39 170 67 23 186 56 0 154 12 134 163 24 29 121 184 176 69 190 0 113 17 45 125 82 7 182 148 88 31 127 0 13 117 95 97 87 144 57 178 115 58 152 0 189 10 108 90 32 131 160 128 66 188 20 122 0 198 72 197 75 133 22 74 171 73 21 40 0 156 89 166 118 5 60 18 153 106 194 52 0 48 124 47 168 123 19 107 175 11 62 146 0 159 126 63 181 64 49 143 36 46 174 8 114 199 83 0 147 6 96 104 99 59 151 92 94 183 112 0 116 169 78 34 164 135 35 136 65 71 161 103 0 26 195 54 130 165 55 25 179 149 180 105 53 0 93 85 193 91 191 141 44 119 192 100 37 98 0 28 76 196 77 158 3 68 80 150 177 109 138 0 79 129 185 33 81 120 9 51 30 70 101 162 167 0 111 50 102 157 1 132 27 0 
Solução encontrada considerada boa
GAP de 3.20466
Numero maximo de geracoes sem evolucao: 546
Solucão valida: Sim
====================================================================================================================


 ===================================================RESULTADOS=========================================================
Melhor fitness final: 1420
Melhor fitness possivel: 1373
Tempo de execução: 174
Melhor solução encontrada: 0 131 32 181 64 49 143 36 47 168 124 46 82 156 0 109 177 80 150 68 3 158 77 196 116 184 76 0 50 102 157 51 9 120 81 33 185 129 79 0 183 94 95 97 87 144 57 178 115 2 137 0 31 108 90 63 126 11 175 107 19 123 48 52 146 0 117 192 119 44 191 141 16 61 173 84 5 118 60 0 121 29 169 78 34 164 135 35 136 65 71 161 103 0 88 182 7 194 106 153 18 166 89 147 112 0 38 140 86 113 17 45 125 174 8 114 199 83 0 20 188 66 128 160 189 10 159 62 148 0 58 152 40 180 149 179 54 195 26 105 53 0 73 23 67 170 155 130 134 24 163 12 0 59 151 92 37 98 100 193 91 85 93 99 104 96 6 0 171 74 75 133 22 41 145 15 43 14 142 42 172 13 0 132 69 162 101 70 30 122 1 176 111 154 138 28 0 198 110 4 165 55 25 187 139 39 186 56 197 72 21 0 127 190 167 27 0 
Solução encontrada considerada boa
GAP de 3.42316
Numero maximo de geracoes sem evolucao: 1215
Solucão valida: Sim
====================================================================================================================


 ===================================================RESULTADOS=========================================================
Melhor fitness final: 1425
Melhor fitness possivel: 1373
Tempo de execução: 158
Melhor solução encontrada: 0 60 118 5 173 84 125 45 174 8 114 199 83 0 178 115 145 41 22 133 75 197 74 171 73 21 40 0 97 87 172 42 142 14 192 119 44 191 141 16 61 0 167 69 132 176 111 28 53 152 58 137 13 0 105 180 67 170 25 55 165 130 179 195 149 26 0 1 103 161 71 136 35 135 9 120 81 33 185 0 46 124 168 47 36 143 49 64 11 175 107 19 123 7 52 0 76 196 3 158 79 129 169 68 150 80 116 184 0 198 110 155 4 139 187 39 23 186 56 72 0 32 131 160 128 20 188 66 65 164 34 78 0 146 194 106 153 18 166 89 147 6 183 94 95 117 0 48 62 159 126 63 181 90 108 189 10 27 0 50 102 157 51 122 30 70 101 162 31 190 127 0 138 154 12 109 177 54 134 163 24 29 121 77 0 59 151 92 37 98 100 193 91 85 93 99 104 96 0 88 148 182 82 17 113 86 140 38 43 15 57 144 2 0 112 156 0 
Solução encontrada considerada boa
GAP de 3.78733
Numero maximo de geracoes sem evolucao: 1223
Solucão valida: Sim
====================================================================================================================


 ===================================================RESULTADOS=========================================================
Melhor fitness final: 1409
Melhor fitness possivel: 1373
Tempo de execução: 158
Melhor solução encontrada: 0 111 50 102 157 158 121 29 24 163 134 165 130 54 0 194 7 19 107 175 11 126 63 32 131 160 30 70 101 69 0 132 176 1 162 31 88 190 127 167 27 0 87 144 57 172 42 142 14 119 44 141 91 98 37 59 0 114 199 125 17 113 191 192 100 193 85 104 99 0 106 153 18 83 45 84 173 61 5 118 60 166 156 0 195 179 55 25 170 67 39 187 139 4 155 110 0 137 2 115 178 15 43 38 140 86 16 93 151 92 96 0 148 159 62 123 168 47 124 48 182 146 0 10 189 108 90 181 64 49 143 36 46 174 8 82 52 0 184 76 196 116 77 3 68 150 80 177 109 12 0 171 74 197 56 186 23 75 133 22 41 145 53 0 89 147 6 183 94 95 97 117 13 112 0 152 58 40 180 21 73 72 198 149 26 105 0 122 128 20 188 66 65 136 35 71 161 103 51 0 185 79 129 169 78 34 164 135 9 120 81 33 0 154 138 28 0 
Solução encontrada considerada boa
GAP de 2.622
Numero maximo de geracoes sem evolucao: 563
Solucão valida: Sim
====================================================================================================================


 ===================================================RESULTADOS=========================================================
Melhor fitness final: 1403
Melhor fitness possivel: 1373
Tempo de execução: 158
Melhor solução encontrada: 0 156 147 6 96 104 99 94 183 112 0 159 126 63 90 32 131 160 128 66 188 20 132 0 153 106 194 7 48 168 47 124 82 18 166 89 0 95 59 93 85 91 193 100 37 98 92 151 97 117 0 13 87 144 172 42 142 14 43 15 57 178 115 2 137 0 27 176 1 50 102 157 77 116 196 76 111 0 198 110 4 155 75 133 22 41 145 171 74 73 21 0 192 119 44 191 141 16 61 173 84 5 118 60 0 103 161 71 135 35 136 65 181 64 49 143 36 46 0 146 52 182 123 19 107 175 11 62 148 88 167 0 28 138 12 109 177 54 130 165 55 25 170 39 187 0 51 9 120 164 34 78 169 129 79 185 81 33 0 184 158 3 121 29 24 163 134 150 80 68 154 0 72 197 56 186 23 67 139 179 195 149 26 0 127 190 31 189 10 108 30 122 70 101 162 69 0 38 140 86 113 17 45 125 174 8 114 199 83 0 53 58 152 40 180 105 0 
Solução encontrada considerada boa
GAP de 2.185
Numero maximo de geracoes sem evolucao: 1046
Solucão valida: Sim
====================================================================================================================


 ===================================================RESULTADOS=========================================================
Melhor fitness final: 1396
Melhor fitness possivel: 1373
Tempo de execução: 158
Melhor solução encontrada: 0 26 149 195 179 197 72 21 180 40 152 58 0 147 6 183 94 95 117 97 87 137 13 105 0 185 79 129 169 78 34 164 135 9 120 81 33 0 69 162 101 1 176 50 102 157 3 158 77 196 76 0 16 141 44 119 192 14 38 140 86 113 17 84 0 122 20 128 160 131 32 90 63 126 11 175 107 19 123 146 0 51 103 161 71 35 136 65 66 188 30 70 132 0 96 61 173 5 118 60 83 199 174 8 114 166 0 54 130 165 55 25 170 39 187 139 4 155 110 198 0 2 115 178 57 144 172 42 142 43 15 145 41 22 133 171 0 184 121 29 24 163 134 67 23 186 56 75 74 73 53 0 59 151 92 98 37 100 193 91 191 85 93 99 104 0 125 45 46 36 143 49 64 181 62 148 182 88 0 111 116 68 80 150 177 109 12 154 138 28 0 31 189 10 108 159 190 127 167 27 0 52 153 106 194 7 48 168 47 124 82 18 89 0 156 112 0 
Solução encontrada considerada boa
GAP de 1.67516
Numero maximo de geracoes sem evolucao: 748
Solucão valida: Sim
====================================================================================================================


 ===================================================RESULTADOS=========================================================
Melhor fitness final: 1407
Melhor fitness possivel: 1373
Tempo de execução: 159
Melhor solução encontrada: 0 171 133 41 145 15 43 14 142 42 172 144 57 178 115 2 0 48 124 47 36 143 49 64 181 63 126 90 32 0 82 114 8 174 45 125 199 83 60 118 89 0 76 196 116 68 77 3 158 157 102 50 0 147 166 18 153 88 31 190 127 167 27 0 66 65 136 35 135 164 34 78 169 121 29 24 163 134 0 105 26 180 40 58 152 137 87 95 13 0 195 198 72 197 56 186 23 75 22 74 73 21 0 51 103 71 161 9 120 81 33 185 129 79 0 117 97 151 92 37 98 85 93 59 104 99 96 183 0 193 91 38 140 86 113 17 46 168 19 107 175 11 123 7 0 149 179 165 55 25 170 67 39 187 139 4 155 110 0 94 100 192 119 44 191 141 16 61 173 84 5 6 0 111 184 80 150 177 54 130 109 12 154 138 28 0 132 69 162 101 70 30 160 131 128 188 20 122 1 176 0 189 10 108 159 62 148 182 194 106 52 146 0 53 112 156 0 
Solução encontrada considerada boa
GAP de 2.47633
Numero maximo de geracoes sem evolucao: 691
Solucão valida: Sim
====================================================================================================================


 ===================================================RESULTADOS=========================================================
Melhor fitness final: 1417
Melhor fitness possivel: 1373
Tempo de execução: 159
Melhor solução encontrada: 0 17 113 86 140 38 43 15 145 41 22 133 74 171 73 0 94 95 96 5 118 60 83 199 114 18 166 0 27 167 88 148 159 62 182 7 194 106 153 52 146 0 51 9 120 135 35 136 65 71 161 103 122 70 101 0 179 54 130 165 55 25 67 23 186 56 75 197 72 0 123 19 107 11 175 143 36 47 168 124 48 82 0 105 26 149 195 109 12 138 154 111 28 0 198 110 4 155 139 187 39 170 24 163 29 121 184 0 84 45 125 8 174 46 49 64 181 66 30 0 177 134 80 150 68 158 3 77 116 196 76 0 10 189 108 126 63 90 32 131 160 128 188 20 176 0 173 61 16 141 191 44 119 192 14 142 42 172 57 144 137 0 183 6 147 89 127 190 31 162 1 69 132 0 13 87 2 178 115 21 180 40 58 152 53 0 50 102 157 33 81 164 34 78 169 129 79 185 0 99 104 59 93 85 91 193 100 98 37 92 151 97 117 0 112 156 0 
Solução encontrada considerada boa
GAP de 3.20466
Numero maximo de geracoes sem evolucao: 1144
Solucão valida: Sim
====================================================================================================================


 ===================================================RESULTADOS=========================================================
Melhor fitness final: 1418
Melhor fitness possivel: 1373
Tempo de execução: 170
Melhor solução encontrada: 0 94 95 98 192 38 140 86 113 61 96 183 0 132 176 1 50 102 157 158 3 77 116 196 76 0 180 72 197 75 56 186 23 67 4 155 0 166 60 83 199 46 124 47 48 82 194 127 167 27 0 69 101 51 9 120 164 34 78 169 129 79 185 33 111 0 118 5 84 173 17 45 125 174 8 114 18 0 162 122 20 188 66 181 64 49 143 36 168 123 146 0 13 87 15 43 142 14 119 44 141 16 191 97 117 0 190 88 19 107 175 11 126 63 90 32 131 160 128 0 58 152 40 21 198 110 179 195 149 26 105 53 0 137 2 115 178 144 172 42 57 145 41 22 133 74 171 73 0 139 187 39 170 25 55 165 130 54 134 163 24 29 121 0 59 92 151 37 100 193 91 85 93 104 99 6 0 81 135 35 136 65 71 161 103 30 70 31 0 28 184 68 150 80 177 109 12 154 138 0 108 189 10 159 62 148 182 7 106 153 52 0 89 147 112 156 0 
Solução encontrada considerada boa
GAP de 3.27749
Numero maximo de geracoes sem evolucao: 985
Solucão valida: Sim
====================================================================================================================


 ===================================================RESULTADOS=========================================================
Melhor fitness final: 1399
Melhor fitness possivel: 1373
Tempo de execução: 159
Melhor solução encontrada: 0 12 109 177 150 80 68 3 77 116 196 76 28 0 33 81 185 79 121 29 24 163 134 195 154 138 0 172 42 15 43 142 14 38 140 86 44 119 192 91 193 100 0 111 50 102 157 122 30 32 181 63 126 90 108 0 73 171 74 133 22 41 145 115 2 178 57 144 87 0 69 128 20 188 66 65 136 35 135 71 161 103 0 27 132 176 1 101 162 31 190 127 167 0 94 59 151 92 37 98 85 93 99 104 96 0 26 149 179 54 130 165 55 25 170 67 23 186 56 0 198 110 155 4 139 187 39 75 197 72 21 0 152 58 137 13 117 97 95 183 6 147 112 0 156 61 191 141 16 113 17 45 125 174 8 0 89 18 153 106 194 7 182 148 62 159 10 189 0 146 88 123 19 107 175 11 64 49 143 36 47 168 124 46 0 52 48 82 114 199 83 84 173 5 118 60 166 0 70 131 160 51 9 120 164 34 78 169 129 158 184 0 53 40 180 105 0 
Solução encontrada considerada boa
GAP de 1.89366
Numero maximo de geracoes sem evolucao: 526
Solucão valida: Sim
====================================================================================================================


 ===================================================RESULTADOS=========================================================
Melhor fitness final: 1401
Melhor fitness possivel: 1373
Tempo de execução: 160
Melhor solução encontrada: 0 90 181 64 49 143 36 46 124 47 168 48 82 153 0 88 148 62 159 10 189 11 175 107 19 123 52 146 0 27 167 127 190 31 162 101 70 30 122 69 132 0 103 66 188 20 128 160 131 32 63 126 108 0 149 179 165 55 25 170 67 39 23 186 56 75 74 0 85 191 141 44 14 142 42 172 144 87 0 109 177 80 150 68 158 3 77 116 196 76 111 0 26 195 110 4 155 187 139 197 72 198 180 0 40 21 73 171 133 22 41 145 57 15 43 38 140 119 192 100 0 83 199 114 8 174 45 125 84 5 118 60 0 93 61 173 17 113 86 16 91 193 98 37 97 117 13 0 183 94 95 151 92 59 104 99 96 6 147 156 0 182 7 194 106 18 166 89 112 53 0 154 138 12 54 130 134 163 24 29 121 184 28 0 79 129 169 78 34 164 135 35 136 65 71 161 0 176 1 51 9 120 81 185 33 157 102 50 0 105 58 152 115 178 2 137 0 
Solução encontrada considerada boa
GAP de 2.03933
Numero maximo de geracoes sem evolucao: 673
Solucão valida: Sim
====================================================================================================================


 ===================================================RESULTADOS=========================================================
Melhor fitness final: 1422
Melhor fitness possivel: 1373
Tempo de execução: 159
Melhor solução encontrada: 0 40 198 110 4 155 139 187 170 25 55 165 130 54 179 0 147 96 104 99 59 92 151 95 94 183 156 0 62 11 175 107 19 123 168 47 124 48 82 0 167 127 190 31 148 182 7 194 106 153 52 0 159 64 181 66 65 136 35 135 71 161 69 0 125 45 17 113 86 140 38 43 15 87 137 13 0 26 149 195 12 138 154 28 111 132 27 0 176 1 50 102 157 120 9 51 122 30 70 101 162 0 88 49 143 36 46 174 8 114 199 83 60 118 5 0 109 177 150 80 68 3 158 77 116 196 76 184 0 84 173 61 191 44 119 192 14 142 42 172 144 57 178 2 0 10 189 108 126 63 90 32 131 160 128 20 188 103 0 6 93 85 16 141 91 193 100 98 37 97 117 0 152 58 115 145 41 22 133 74 171 73 21 180 0 79 129 185 33 81 164 34 78 169 121 29 24 163 134 0 105 197 56 186 39 67 23 75 72 53 0 112 89 166 18 146 0 
Solução encontrada considerada boa
GAP de 3.56883
Numero maximo de geracoes sem evolucao: 373
Solucão valida: Sim
====================================================================================================================


 ===================================================RESULTADOS=========================================================
Melhor fitness final: 1428
Melhor fitness possivel: 1373
Tempo de execução: 158
Melhor solução encontrada: 0 152 58 117 192 119 44 191 141 16 61 173 84 5 0 13 137 144 57 145 41 22 133 74 171 115 178 2 0 82 174 125 45 17 113 86 140 38 14 98 0 28 184 116 68 158 3 77 196 76 111 0 79 129 185 33 81 120 9 51 122 30 70 101 162 0 156 112 89 166 118 60 83 199 18 52 167 27 0 87 15 43 142 42 172 97 95 94 183 6 147 0 176 169 121 29 24 163 134 179 195 109 12 138 154 0 78 34 164 135 35 136 65 71 161 188 20 1 0 96 99 104 93 85 91 193 100 37 92 151 59 0 198 110 4 155 56 186 23 75 197 72 73 21 0 150 80 177 54 130 165 55 25 170 67 39 187 139 0 106 194 7 182 148 88 31 190 127 69 132 0 114 8 46 124 168 47 36 143 49 123 48 153 146 0 159 62 19 107 175 11 64 181 63 126 10 189 0 108 90 32 131 160 128 66 103 157 102 50 0 105 26 149 180 40 53 0 
Solução encontrada considerada boa
GAP de 4.00583
Numero maximo de geracoes sem evolucao: 759
Solucão valida: Sim
====================================================================================================================


 ===================================================RESULTADOS=========================================================
Melhor fitness final: 1387
Melhor fitness possivel: 1373
Tempo de execução: 159
Melhor solução encontrada: 0 161 71 66 65 136 35 135 164 34 78 169 129 0 146 52 18 153 106 194 7 182 88 190 127 167 27 0 8 174 46 124 168 47 36 143 49 64 181 90 31 0 111 50 102 157 185 79 3 158 77 196 76 0 148 62 159 11 175 107 19 123 48 82 0 58 152 2 115 178 57 15 145 41 74 110 134 163 24 29 121 0 21 72 197 56 186 23 75 133 22 171 73 0 87 144 172 42 142 43 14 192 119 44 191 16 61 173 84 0 155 4 139 187 39 67 170 25 55 165 130 54 0 89 147 6 183 94 95 117 13 112 0 154 138 12 109 177 80 150 68 116 184 28 0 141 38 140 86 113 17 45 125 114 199 83 0 53 40 180 198 179 195 149 26 105 0 59 93 85 91 193 100 98 37 92 151 97 137 0 10 189 108 126 63 32 131 160 128 188 20 30 0 132 69 162 101 70 122 51 103 9 120 81 33 1 176 0 166 60 118 5 104 99 96 156 0 
Solução encontrada considerada boa
GAP de 1.01966
Numero maximo de geracoes sem evolucao: 584
Solucão valida: Sim
====================================================================================================================


 ===================================================RESULTADOS=========================================================
Melhor fitness final: 1422
Melhor fitness possivel: 1373
Tempo de execução: 160
Melhor solução encontrada: 0 159 108 126 63 90 32 131 160 128 30 122 70 1 0 83 199 84 173 16 141 44 119 191 61 5 118 60 0 72 197 75 56 186 23 139 155 4 110 198 0 27 132 176 50 102 157 79 129 121 29 24 163 134 0 195 54 130 165 55 25 170 67 39 187 179 149 0 3 169 78 34 164 135 35 136 65 66 188 20 101 69 0 51 103 71 161 9 120 81 33 185 158 0 13 117 97 151 92 95 94 183 6 147 89 156 0 166 18 88 148 62 189 10 31 190 127 0 12 109 177 150 80 68 77 116 196 76 184 0 106 194 7 48 168 47 49 143 36 46 124 82 153 0 2 115 178 57 145 41 22 133 74 171 73 21 40 53 0 112 105 180 26 154 138 111 28 0 59 98 100 14 192 91 193 85 93 104 99 96 0 167 162 181 64 11 175 107 19 123 182 52 146 0 114 8 174 125 45 17 113 86 140 38 37 0 152 58 137 144 15 43 142 42 172 87 0 
Solução encontrada considerada boa
GAP de 3.56883
Numero maximo de geracoes sem evolucao: 483
Solucão valida: Sim
====================================================================================================================


 ===================================================RESULTADOS=========================================================
Melhor fitness final: 1433
Melhor fitness possivel: 1373
Tempo de execução: 160
Melhor solução encontrada: 0 51 161 71 135 35 136 65 66 128 160 70 69 0 156 112 89 166 18 153 106 194 7 182 52 0 59 151 92 98 100 193 85 93 104 99 96 0 123 19 107 11 175 143 47 168 124 48 82 0 184 134 163 24 29 121 120 9 103 188 20 30 122 0 87 144 172 42 142 43 14 192 119 44 141 191 91 97 117 0 114 8 174 199 83 84 173 16 61 5 118 60 0 28 154 138 12 195 179 155 4 149 26 0 10 189 108 90 32 131 181 63 126 159 148 88 146 0 109 177 80 150 68 158 3 77 116 196 76 111 0 62 64 49 36 46 45 125 17 113 86 140 38 37 0 185 79 129 169 78 34 164 81 33 157 102 50 0 54 130 165 55 25 187 139 39 56 75 171 73 40 0 105 21 72 74 133 22 41 145 15 57 178 115 2 137 0 27 132 176 1 101 162 31 190 127 167 0 147 6 183 94 95 13 58 152 53 0 197 186 23 67 170 110 198 180 0 
Solução encontrada considerada boa
GAP de 4.36999
Numero maximo de geracoes sem evolucao: 425
Solucão valida: Sim
====================================================================================================================

