Métrica	    Valor (%)
GAP mínimo	0.2907
GAP máximo	9.5713
GAP médio	4.68
 ===================================================RESULTADOS=========================================================
Melhor fitness final: 1153.79
Melhor fitness possivel: 1053
Tempo de execução: 63
Melhor solução encontrada: 0 92 37 98 91 119 44 141 16 113 84 5 118 60 0 54 130 55 25 39 56 75 133 22 74 72 73 21 0 76 116 77 3 79 129 120 81 33 102 50 0 1 122 51 9 135 35 136 65 71 103 20 128 30 70 101 27 0 13 137 144 87 97 95 94 6 147 89 0 112 146 127 88 148 62 10 31 69 132 111 0 28 138 12 68 80 150 109 149 26 105 53 0 108 131 32 90 63 126 11 107 19 123 48 124 46 83 0 96 99 104 59 93 85 100 14 142 42 117 0 134 24 29 121 78 34 66 64 49 143 36 47 7 106 52 0 18 82 114 8 125 45 17 61 86 140 38 43 15 57 0 58 2 115 145 41 23 67 139 4 110 40 0 
Solução encontrada considerada ruim
GAP de 9.57134
Numero maximo de geracoes sem evolucao: 559
Solucão valida: Sim
====================================================================================================================


 ===================================================RESULTADOS=========================================================
Melhor fitness final: 1102.47
Melhor fitness possivel: 1053
Tempo de execução: 57
Melhor solução encontrada: 0 50 102 33 81 9 120 78 129 79 3 77 76 0 114 8 125 45 17 113 86 140 38 43 15 57 58 0 116 121 29 34 135 35 136 65 71 66 103 51 122 70 101 0 105 26 149 110 74 133 22 41 145 115 2 144 87 137 0 21 23 67 39 4 130 54 109 12 138 0 27 127 88 148 62 10 31 69 132 111 0 28 68 150 80 134 24 55 25 139 56 75 72 73 40 53 0 112 94 59 92 37 98 85 93 99 104 96 6 0 146 52 106 7 123 19 107 11 90 32 131 128 20 30 1 0 18 82 48 124 46 47 36 143 49 64 63 126 108 0 13 117 97 42 142 14 119 44 141 16 61 91 100 95 0 147 5 84 83 60 118 89 0 
Solução encontrada considerada boa
GAP de 4.69761
Numero maximo de geracoes sem evolucao: 652
Solucão valida: Sim
====================================================================================================================


 ===================================================RESULTADOS=========================================================
Melhor fitness final: 1081.27
Melhor fitness possivel: 1053
Tempo de execução: 61
Melhor solução encontrada: 0 92 37 100 14 38 140 86 61 85 93 6 0 13 117 97 42 142 43 15 57 144 87 137 149 26 105 53 0 98 91 119 44 141 16 113 17 84 5 118 60 0 58 2 115 145 41 23 67 25 55 130 54 134 24 29 121 0 27 132 1 20 128 66 71 65 136 35 135 34 78 129 79 0 50 102 33 81 120 9 103 51 122 30 70 101 69 0 111 76 116 77 3 68 150 80 109 12 138 28 0 89 147 96 99 104 59 95 94 112 0 48 124 46 47 36 143 49 64 11 107 19 123 7 0 146 88 148 62 126 63 90 32 131 108 10 31 127 0 40 21 73 72 74 22 133 75 56 39 139 4 110 0 52 106 82 114 8 45 125 83 18 0 
Solução encontrada considerada boa
GAP de 2.68448
Numero maximo de geracoes sem evolucao: 384
Solucão valida: Sim
====================================================================================================================


 ===================================================RESULTADOS=========================================================
Melhor fitness final: 1107.9
Melhor fitness possivel: 1053
Tempo de execução: 58
Melhor solução encontrada: 0 10 108 11 107 19 123 47 124 48 82 146 0 111 1 50 102 77 116 68 80 150 109 12 138 0 33 81 120 9 66 128 20 30 70 31 69 132 0 101 122 51 103 71 65 136 35 135 34 78 129 79 3 76 28 0 18 83 114 8 125 45 17 113 84 5 118 60 0 145 41 15 43 42 142 14 38 140 86 141 16 61 89 0 149 55 25 139 39 67 23 56 75 133 22 74 0 40 21 73 72 110 4 130 54 134 24 29 121 26 105 0 147 6 94 95 117 97 87 144 57 115 2 137 13 0 127 88 148 62 131 32 90 126 63 64 49 143 36 46 7 106 52 0 96 104 99 93 85 91 44 119 100 98 37 92 59 0 27 112 58 53 0 
Solução encontrada considerada mediana
GAP de 5.21405
Numero maximo de geracoes sem evolucao: 235
Solucão valida: Sim
====================================================================================================================


 ===================================================RESULTADOS=========================================================
Melhor fitness final: 1070.56
Melhor fitness possivel: 1053
Tempo de execução: 61
Melhor solução encontrada: 0 92 37 100 91 16 141 86 140 38 44 119 14 142 42 117 0 21 73 72 74 133 22 41 145 115 2 57 15 43 144 87 137 0 146 127 88 148 62 126 63 90 32 131 128 108 10 31 0 132 1 122 51 103 71 9 120 81 33 102 50 0 77 3 79 129 78 34 135 35 136 65 66 20 30 70 101 69 0 111 76 116 68 80 150 121 29 24 134 54 12 28 0 138 109 130 55 25 139 39 67 23 75 56 4 110 0 147 6 96 93 98 85 61 113 17 84 5 89 0 27 52 106 82 114 8 45 125 83 118 60 18 0 13 95 97 59 104 99 94 112 0 48 124 46 47 36 143 49 64 11 107 19 123 7 0 105 26 149 40 58 53 0 
Solução encontrada considerada boa
GAP de 1.66809
Numero maximo de geracoes sem evolucao: 278
Solucão valida: Sim
====================================================================================================================


 ===================================================RESULTADOS=========================================================
Melhor fitness final: 1091.01
Melhor fitness possivel: 1053
Tempo de execução: 62
Melhor solução encontrada: 0 13 117 92 98 37 100 91 119 44 140 38 14 43 142 42 87 137 0 146 127 88 148 62 107 11 64 63 126 90 108 10 31 0 111 1 122 51 103 66 20 128 131 32 30 70 101 69 132 0 120 9 71 65 136 35 135 34 78 129 79 3 77 76 0 82 48 124 46 47 36 143 49 19 123 7 106 52 0 109 130 55 25 139 39 67 23 41 145 15 57 144 115 2 0 105 149 54 134 24 29 121 81 33 102 50 27 0 18 60 118 5 84 61 85 93 6 0 112 94 95 97 59 104 99 96 147 89 0 26 110 4 56 75 133 22 74 72 73 21 40 58 53 0 16 141 86 113 17 45 125 8 114 83 0 138 12 80 150 68 116 28 0 
Solução encontrada considerada boa
GAP de 3.60985
Numero maximo de geracoes sem evolucao: 454
Solucão valida: Sim
====================================================================================================================


 ===================================================RESULTADOS=========================================================
Melhor fitness final: 1107.54
Melhor fitness possivel: 1053
Tempo de execução: 60
Melhor solução encontrada: 0 61 16 141 44 119 14 38 140 86 113 17 84 60 0 94 59 92 37 98 100 91 85 93 99 104 96 6 0 106 7 123 19 64 49 143 36 47 46 124 48 82 0 50 81 120 9 135 35 136 65 71 66 103 51 0 147 118 5 83 125 45 8 114 18 0 13 117 95 97 87 144 42 142 43 15 57 2 137 58 53 0 27 31 126 63 90 32 131 128 20 30 122 70 101 1 69 132 0 112 89 52 88 148 62 107 11 108 10 127 146 0 115 145 41 23 67 4 110 54 134 24 29 121 116 76 0 111 102 33 34 78 129 79 3 77 68 150 80 138 0 40 21 73 72 74 22 133 75 56 39 139 25 55 130 0 28 12 109 149 26 105 0 
Solução encontrada considerada mediana
GAP de 5.17991
Numero maximo de geracoes sem evolucao: 310
Solucão valida: Sim
====================================================================================================================


 ===================================================RESULTADOS=========================================================
Melhor fitness final: 1098.37
Melhor fitness possivel: 1053
Tempo de execução: 62
Melhor solução encontrada: 0 96 99 104 93 85 61 16 141 91 98 59 0 111 76 116 77 3 79 68 80 150 12 138 28 0 27 52 106 82 124 46 17 113 86 140 38 43 15 57 144 137 0 89 60 118 5 84 45 125 8 114 83 18 0 134 24 29 121 129 78 34 135 35 136 65 71 103 66 20 1 0 50 102 33 81 120 9 51 122 30 70 101 69 132 0 112 147 6 94 58 149 26 105 53 0 48 47 36 143 49 64 11 107 19 123 7 146 0 40 21 73 72 74 22 133 75 56 39 139 4 110 0 95 92 37 100 44 119 14 142 42 87 97 117 13 0 31 10 108 128 131 32 90 63 126 62 148 88 127 0 2 115 145 41 23 67 25 55 130 54 109 0 
Solução encontrada considerada boa
GAP de 4.30817
Numero maximo de geracoes sem evolucao: 486
Solucão valida: Sim
====================================================================================================================


 ===================================================RESULTADOS=========================================================
Melhor fitness final: 1127.89
Melhor fitness possivel: 1053
Tempo de execução: 63
Melhor solução encontrada: 0 13 117 87 37 100 142 43 15 41 23 67 4 110 0 53 40 73 75 56 39 139 25 55 130 54 109 12 138 0 50 33 81 120 9 135 35 136 65 71 103 122 132 0 58 2 115 57 145 22 133 74 72 21 149 26 105 0 147 6 96 99 104 59 95 94 112 0 102 51 66 64 49 143 36 47 48 82 0 93 85 61 16 141 44 119 14 42 144 137 0 97 92 98 91 38 140 86 113 17 84 5 118 60 89 0 28 111 1 70 108 10 62 148 88 31 127 27 0 76 77 3 79 129 78 34 121 29 24 134 80 150 68 116 0 69 101 30 20 128 131 32 90 63 126 11 107 19 123 7 106 0 83 125 45 46 124 8 114 18 52 146 0 
Solução encontrada considerada mediana
GAP de 7.11174
Numero maximo de geracoes sem evolucao: 545
Solucão valida: Sim
====================================================================================================================


 ===================================================RESULTADOS=========================================================
Melhor fitness final: 1095.66
Melhor fitness possivel: 1053
Tempo de execução: 60
Melhor solução encontrada: 0 112 94 95 97 87 144 57 115 2 58 53 0 13 117 59 98 85 93 104 99 96 147 89 0 18 83 114 8 125 45 17 113 84 5 118 60 0 116 68 150 80 121 29 24 134 54 149 26 105 0 138 12 109 130 55 25 67 23 41 145 15 43 142 42 137 0 120 9 71 65 136 35 135 34 78 129 79 3 77 76 0 127 10 108 131 32 90 63 126 62 148 88 7 82 106 52 0 6 61 16 86 140 38 14 119 44 141 91 100 37 92 0 28 111 50 102 33 81 122 101 69 132 27 0 48 124 46 47 36 143 49 64 11 107 19 123 146 0 110 4 139 39 56 75 133 22 74 72 73 21 40 0 31 70 30 20 128 66 103 51 1 0 
Solução encontrada considerada boa
GAP de 4.05165
Numero maximo de geracoes sem evolucao: 620
Solucão valida: Sim
====================================================================================================================


 ===================================================RESULTADOS=========================================================
Melhor fitness final: 1109.45
Melhor fitness possivel: 1053
Tempo de execução: 70
Melhor solução encontrada: 0 146 7 48 123 19 107 11 62 148 88 31 127 0 50 102 33 81 78 34 135 35 136 65 71 66 51 0 110 4 139 39 56 75 133 22 74 72 73 21 40 0 116 68 80 150 134 24 29 121 129 79 3 77 76 0 13 117 93 85 61 5 118 60 18 52 0 27 111 28 138 12 109 149 26 105 53 0 132 120 9 103 20 128 131 32 90 108 30 122 1 0 94 95 97 37 100 98 59 99 104 96 6 147 89 0 137 87 144 57 145 41 23 67 25 55 130 54 0 112 92 91 16 141 44 119 14 142 43 15 115 2 58 0 106 82 114 125 45 84 17 113 86 140 38 42 0 83 8 46 124 47 36 143 49 64 63 126 10 70 101 69 0 
Solução encontrada considerada mediana
GAP de 5.36118
Numero maximo de geracoes sem evolucao: 480
Solucão valida: Sim
====================================================================================================================


 ===================================================RESULTADOS=========================================================
Melhor fitness final: 1070
Melhor fitness possivel: 1053
Tempo de execução: 65
Melhor solução encontrada: 0 60 118 5 84 17 113 86 44 119 37 92 95 117 0 96 97 42 142 14 140 38 43 15 57 144 87 137 58 53 0 59 98 100 91 141 16 61 85 93 104 99 0 50 102 33 81 9 120 34 78 129 79 3 77 0 132 1 122 51 103 71 135 35 136 65 66 20 30 70 101 69 0 105 26 149 109 54 130 55 25 67 23 41 145 115 2 0 146 127 88 148 62 126 63 90 32 131 128 108 10 31 0 28 138 12 80 150 134 24 29 121 68 116 76 111 0 27 52 106 82 114 8 45 125 83 18 89 0 48 124 46 47 36 143 49 64 11 107 19 123 7 0 40 21 73 72 74 22 133 75 56 39 139 4 110 0 112 147 6 94 13 0 
Solução encontrada considerada boa
GAP de 1.61426
Numero maximo de geracoes sem evolucao: 988
Solucão valida: Sim
====================================================================================================================


 ===================================================RESULTADOS=========================================================
Melhor fitness final: 1108.17
Melhor fitness possivel: 1053
Tempo de execução: 61
Melhor solução encontrada: 0 53 105 58 137 87 97 95 94 112 0 118 60 83 82 123 19 107 148 88 31 0 102 33 81 9 135 35 136 65 71 66 103 51 0 150 80 68 121 29 34 120 78 129 79 3 77 116 0 144 15 43 38 140 86 113 17 45 125 8 114 18 0 111 24 134 54 130 55 25 67 23 41 145 57 115 2 0 127 10 108 126 63 90 32 131 128 20 30 122 70 101 69 0 13 117 42 142 14 119 44 141 16 61 84 5 89 0 147 6 96 99 104 93 85 91 100 37 98 92 59 0 62 11 64 49 143 36 47 46 124 48 7 106 52 146 0 40 21 73 72 74 22 133 75 56 39 139 4 110 0 28 138 26 149 109 12 76 50 1 132 27 0 
Solução encontrada considerada mediana
GAP de 5.2394
Numero maximo de geracoes sem evolucao: 226
Solucão valida: Sim
====================================================================================================================


 ===================================================RESULTADOS=========================================================
Melhor fitness final: 1075.21
Melhor fitness possivel: 1053
Tempo de execução: 62
Melhor solução encontrada: 0 73 75 56 23 67 39 139 25 55 4 110 149 26 0 76 77 3 79 129 78 120 81 33 102 50 111 0 83 114 8 125 45 46 36 143 49 64 11 107 19 88 0 132 1 122 20 66 128 131 32 90 63 126 108 10 127 146 0 27 69 101 70 30 51 9 103 71 65 136 35 135 34 29 121 0 18 60 118 5 84 17 113 86 140 38 14 37 0 28 116 68 80 150 24 134 130 54 109 12 138 0 93 85 61 16 141 44 119 91 100 98 92 97 117 0 40 21 72 74 133 22 41 145 57 15 43 142 42 144 87 0 112 94 95 59 104 99 96 6 147 89 0 31 148 62 123 47 124 48 82 7 106 52 0 13 137 2 115 58 105 53 0 
Solução encontrada considerada boa
GAP de 2.10955
Numero maximo de geracoes sem evolucao: 553
Solucão valida: Sim
====================================================================================================================


 ===================================================RESULTADOS=========================================================
Melhor fitness final: 1102.2
Melhor fitness possivel: 1053
Tempo de execução: 63
Melhor solução encontrada: 0 26 149 110 56 23 67 25 55 24 29 121 129 79 3 77 76 0 89 147 60 118 5 61 84 83 82 106 52 146 0 27 69 101 70 30 51 103 9 120 81 33 50 111 0 4 139 39 75 133 22 74 72 73 21 53 0 138 12 109 54 130 134 80 150 68 116 28 0 48 124 46 47 36 143 49 64 11 107 19 123 7 0 6 96 99 104 93 85 98 59 94 112 0 102 78 34 135 35 136 65 71 66 128 20 122 1 132 0 18 114 8 125 45 17 113 86 119 14 142 42 57 0 31 10 108 131 32 90 63 126 62 148 88 127 0 13 117 92 37 100 91 16 141 44 140 38 43 15 41 145 115 2 0 105 40 58 137 144 87 97 95 0 
Solução encontrada considerada boa
GAP de 4.67227
Numero maximo de geracoes sem evolucao: 366
Solucão valida: Sim
====================================================================================================================


 ===================================================RESULTADOS=========================================================
Melhor fitness final: 1095.08
Melhor fitness possivel: 1053
Tempo de execução: 63
Melhor solução encontrada: 0 132 1 103 71 65 136 35 135 34 78 129 79 3 77 28 0 106 7 19 107 64 49 143 36 47 124 48 82 0 18 83 114 8 125 45 46 123 108 10 31 127 0 105 26 149 54 130 55 25 67 23 74 73 40 58 0 60 118 5 84 17 113 86 140 38 14 142 42 0 69 101 70 30 51 9 120 81 33 102 50 0 112 94 95 92 59 104 99 96 147 89 0 138 12 109 150 80 134 24 29 121 68 116 76 111 0 53 21 72 145 41 22 133 75 56 39 139 4 110 0 6 93 85 61 16 141 44 119 91 100 37 98 97 0 27 122 20 66 128 131 32 90 63 126 11 62 148 88 52 146 0 13 117 87 144 43 15 57 115 2 137 0 
Solução encontrada considerada boa
GAP de 3.99578
Numero maximo de geracoes sem evolucao: 532
Solucão valida: Sim
====================================================================================================================


 ===================================================RESULTADOS=========================================================
Melhor fitness final: 1121.19
Melhor fitness possivel: 1053
Tempo de execução: 63
Melhor solução encontrada: 0 82 48 47 36 143 49 64 11 107 7 106 52 146 0 83 84 17 113 86 16 61 5 118 60 89 0 13 117 97 92 98 91 141 44 119 140 38 14 142 42 57 115 2 137 0 53 58 40 110 4 130 54 109 149 26 105 0 77 3 79 129 78 34 135 35 71 103 51 102 50 132 0 33 81 120 9 136 65 66 128 20 122 1 69 27 0 139 39 67 23 133 74 72 73 21 0 59 37 100 85 93 99 104 96 6 147 0 112 94 95 87 144 43 15 145 41 22 75 56 25 55 0 28 138 12 80 150 134 24 29 121 68 116 76 111 0 31 148 62 10 108 126 63 90 32 131 30 70 101 0 127 88 123 19 124 46 45 125 8 114 18 0 
Solução encontrada considerada mediana
GAP de 6.47563
Numero maximo de geracoes sem evolucao: 318
Solucão valida: Sim
====================================================================================================================


 ===================================================RESULTADOS=========================================================
Melhor fitness final: 1104.24
Melhor fitness possivel: 1053
Tempo de execução: 70
Melhor solução encontrada: 0 7 11 64 49 143 36 47 46 124 48 82 106 52 146 0 27 132 1 51 103 71 65 136 35 135 81 33 111 0 26 149 109 134 24 29 121 68 150 80 12 138 28 0 13 117 92 98 91 16 141 44 119 14 142 42 144 57 115 2 40 0 53 105 58 137 87 97 37 100 85 93 0 76 116 77 3 79 129 78 34 120 9 102 50 0 61 86 140 38 43 15 145 41 22 133 74 72 73 21 0 127 88 148 62 123 19 107 126 63 90 32 131 70 101 69 0 54 130 55 25 139 39 67 23 75 56 4 110 0 18 83 114 8 125 45 17 113 84 5 118 60 0 89 147 6 96 104 99 59 95 94 112 0 31 10 108 128 66 20 30 122 0 
Solução encontrada considerada boa
GAP de 4.86624
Numero maximo de geracoes sem evolucao: 552
Solucão valida: Sim
====================================================================================================================


 ===================================================RESULTADOS=========================================================
Melhor fitness final: 1104.72
Melhor fitness possivel: 1053
Tempo de execução: 63
Melhor solução encontrada: 0 58 72 75 56 23 67 39 139 25 55 54 0 59 98 119 44 141 61 85 93 99 104 96 0 89 60 118 5 84 17 113 86 16 91 100 37 92 0 69 1 50 102 33 120 34 78 129 79 3 77 116 76 0 48 124 46 47 36 143 49 107 19 123 88 127 0 148 62 11 64 63 126 90 32 131 128 20 108 10 31 0 53 40 21 73 74 133 22 41 145 15 43 38 140 14 142 42 97 117 0 147 6 94 95 87 144 57 115 2 137 13 0 112 18 83 125 45 8 114 82 7 106 52 146 0 81 9 135 35 136 65 71 66 103 51 122 30 70 101 0 12 109 80 150 68 121 29 24 134 130 4 110 149 0 105 26 138 28 111 132 27 0 
Solução encontrada considerada boa
GAP de 4.91182
Numero maximo de geracoes sem evolucao: 571
Solucão valida: Sim
====================================================================================================================


 ===================================================RESULTADOS=========================================================
Melhor fitness final: 1056.06
Melhor fitness possivel: 1053
Tempo de execução: 61
Melhor solução encontrada: 0 146 52 106 82 48 124 46 45 125 8 114 83 18 0 13 117 37 100 44 119 14 38 140 86 141 91 98 92 0 111 50 102 33 81 120 9 51 122 1 132 27 0 116 121 29 24 134 54 130 55 25 67 23 41 145 115 2 0 58 137 87 144 57 15 43 142 42 97 95 59 99 104 96 0 28 138 12 68 80 150 109 149 26 105 53 0 93 85 61 16 113 17 84 5 118 60 0 103 66 71 65 136 35 135 34 78 129 79 3 77 76 0 69 101 70 30 20 128 131 32 90 63 126 108 10 31 127 0 7 123 19 47 36 143 49 64 11 107 62 148 88 0 110 4 139 39 56 75 133 22 74 72 73 21 40 0 112 94 6 147 89 0 
Solução encontrada considerada boa
GAP de 0.290661
Numero maximo de geracoes sem evolucao: 414
Solucão valida: Sim
====================================================================================================================

