
 ===================================================RESULTADOS=========================================================
Melhor fitness final: 855
Melhor fitness possivel: 817
Tempo de execução: 189
Melhor solução encontrada: 0 33 81 9 51 20 66 65 71 35 34 78 79 3 0 52 7 82 48 47 36 49 64 11 19 62 88 0 4 55 25 39 67 23 56 75 72 21 58 0 53 40 73 74 22 41 15 43 38 86 17 45 46 8 83 18 89 0 26 12 54 24 29 80 68 77 76 50 1 28 0 94 95 92 98 37 100 91 85 93 59 99 96 6 0 13 97 87 2 57 42 14 44 16 61 84 5 60 0 31 10 63 90 32 30 70 69 27 0 
Solução encontrada considerada boa
GAP de 4.65116
Numero maximo de geracoes sem evolucao: 1114
Solucão valida: Sim
====================================================================================================================


 ===================================================RESULTADOS=========================================================
Melhor fitness final: 866
Melhor fitness possivel: 817
Tempo de execução: 158
Melhor solução encontrada: 0 10 90 63 64 49 36 47 48 19 11 62 88 0 53 40 21 73 72 4 25 55 54 24 29 68 80 12 0 13 87 42 15 43 38 86 17 45 46 8 82 7 52 0 94 95 97 92 37 98 93 59 96 6 89 0 99 85 91 100 14 44 16 61 84 5 60 83 18 0 58 2 57 41 22 74 75 56 23 67 39 26 0 31 70 30 32 20 66 65 71 35 34 78 9 51 0 28 76 77 3 79 81 33 50 1 69 27 0 
Solução encontrada considerada mediana
GAP de 5.99755
Numero maximo de geracoes sem evolucao: 398
Solucão valida: Sim
====================================================================================================================


 ===================================================RESULTADOS=========================================================
Melhor fitness final: 857
Melhor fitness possivel: 817
Tempo de execução: 102
Melhor solução encontrada: 0 28 26 4 56 75 22 74 72 73 21 40 58 53 0 76 77 3 79 78 34 35 65 66 20 30 70 1 69 27 0 31 88 62 10 63 90 32 71 9 51 81 33 50 0 52 7 48 19 11 64 49 36 47 46 45 8 82 0 12 80 68 29 24 54 55 25 39 67 23 41 2 0 89 18 83 60 5 84 17 86 16 61 91 100 37 98 92 0 13 87 57 15 43 38 44 14 42 97 95 0 94 59 85 93 99 96 6 0 
Solução encontrada considerada boa
GAP de 4.89596
Numero maximo de geracoes sem evolucao: 1222
Solucão valida: Sim
====================================================================================================================


 ===================================================RESULTADOS=========================================================
Melhor fitness final: 856
Melhor fitness possivel: 817
Tempo de execução: 126
Melhor solução encontrada: 0 6 96 99 93 61 16 86 38 14 44 91 100 97 0 13 94 95 87 42 43 15 57 2 73 21 40 58 53 0 31 19 11 64 49 36 47 48 82 7 52 0 72 74 22 41 75 56 23 67 39 25 55 4 0 54 24 29 78 34 35 71 65 66 32 90 63 10 62 88 0 27 69 1 70 30 20 51 9 81 33 79 3 50 0 59 92 37 98 85 5 84 17 45 46 8 83 60 18 89 0 26 12 80 68 77 76 28 0 
Solução encontrada considerada boa
GAP de 4.77356
Numero maximo de geracoes sem evolucao: 467
Solucão valida: Sim
====================================================================================================================


 ===================================================RESULTADOS=========================================================
Melhor fitness final: 896
Melhor fitness possivel: 817
Tempo de execução: 102
Melhor solução encontrada: 0 27 69 1 70 30 51 9 81 33 79 3 77 76 50 0 13 87 42 43 15 57 41 22 74 75 56 72 73 2 58 0 23 67 39 25 55 24 29 78 34 35 71 65 66 20 0 94 93 16 61 84 17 45 8 46 19 11 63 90 32 10 0 31 88 62 64 49 36 47 48 82 7 52 0 53 40 21 4 54 80 68 12 26 28 0 85 91 44 86 38 14 100 37 98 92 97 95 0 89 18 83 60 5 99 59 96 6 0 
Solução encontrada considerada ruim
GAP de 9.66952
Numero maximo de geracoes sem evolucao: 1487
Solucão valida: Sim
====================================================================================================================


 ===================================================RESULTADOS=========================================================
Melhor fitness final: 856
Melhor fitness possivel: 817
Tempo de execução: 105
Melhor solução encontrada: 0 4 56 23 67 39 25 55 80 68 12 0 94 95 59 60 83 82 48 19 62 7 52 0 31 70 30 20 66 65 71 35 34 78 29 24 54 26 0 28 76 77 3 79 33 81 9 51 50 1 69 27 0 5 84 17 61 16 86 38 44 14 42 43 15 57 2 0 89 18 8 45 46 47 36 49 64 11 63 90 32 10 88 0 13 87 97 92 37 98 100 91 85 93 99 96 6 0 58 41 22 75 74 72 73 21 40 53 0 
Solução encontrada considerada boa
GAP de 4.77356
Numero maximo de geracoes sem evolucao: 462
Solucão valida: Sim
====================================================================================================================


 ===================================================RESULTADOS=========================================================
Melhor fitness final: 856
Melhor fitness possivel: 817
Tempo de execução: 106
Melhor solução encontrada: 0 12 80 68 79 78 34 35 9 51 81 33 50 1 0 27 69 70 30 20 71 65 66 32 90 63 10 31 0 94 95 92 37 98 85 93 59 99 96 6 0 52 7 82 48 47 36 49 64 11 19 62 88 0 97 100 91 16 86 61 5 84 17 45 46 8 83 60 18 89 0 53 58 40 21 73 2 57 15 43 38 44 14 42 87 13 0 4 55 25 39 67 23 56 75 41 22 74 72 0 28 76 77 3 29 24 54 26 0 
Solução encontrada considerada boa
GAP de 4.77356
Numero maximo de geracoes sem evolucao: 979
Solucão valida: Sim
====================================================================================================================


 ===================================================RESULTADOS=========================================================
Melhor fitness final: 856
Melhor fitness possivel: 817
Tempo de execução: 121
Melhor solução encontrada: 0 94 59 37 100 91 85 93 99 96 6 0 13 97 87 42 41 22 75 74 72 73 21 40 53 0 68 80 54 55 25 39 67 23 56 4 26 0 1 70 30 51 9 81 33 79 3 77 76 50 28 0 12 24 29 78 34 35 71 65 66 20 32 90 63 88 31 0 58 2 57 15 43 14 44 38 86 16 61 98 92 95 0 7 82 48 47 36 49 64 11 19 62 10 69 0 89 60 5 84 17 45 46 8 83 18 52 27 0 
Solução encontrada considerada boa
GAP de 4.77356
Numero maximo de geracoes sem evolucao: 101
Solucão valida: Sim
====================================================================================================================


 ===================================================RESULTADOS=========================================================
Melhor fitness final: 833
Melhor fitness possivel: 817
Tempo de execução: 105
Melhor solução encontrada: 0 31 88 62 10 63 90 32 66 20 30 70 1 69 27 0 59 92 37 98 100 91 85 5 84 17 45 83 60 89 0 28 12 80 68 29 24 55 25 39 67 23 56 21 0 76 77 3 79 78 34 35 65 71 9 51 81 33 50 0 6 96 99 93 61 16 86 38 44 14 42 43 15 57 2 0 18 8 46 47 36 49 64 11 19 48 82 7 52 0 26 54 4 75 41 22 74 72 73 40 58 53 0 13 87 97 95 94 0 
Solução encontrada considerada boa
GAP de 1.95838
Numero maximo de geracoes sem evolucao: 943
Solucão valida: Sim
====================================================================================================================


 ===================================================RESULTADOS=========================================================
Melhor fitness final: 845
Melhor fitness possivel: 817
Tempo de execução: 101
Melhor solução encontrada: 0 26 4 55 25 39 67 23 56 75 74 22 41 57 2 0 18 83 60 5 84 17 45 8 46 36 47 48 82 7 88 52 0 89 6 96 99 93 61 16 85 98 59 94 0 87 42 15 43 14 38 86 44 91 100 37 92 97 95 0 50 33 81 9 35 71 65 66 20 51 1 27 0 31 10 62 11 19 49 64 63 90 32 30 70 69 0 12 68 80 54 24 29 34 78 79 3 77 76 28 0 53 40 21 72 73 58 13 0 
Solução encontrada considerada boa
GAP de 3.42717
Numero maximo de geracoes sem evolucao: 661
Solucão valida: Sim
====================================================================================================================

