
 ===================================================RESULTADOS=========================================================
Melhor fitness final: 1796
Melhor fitness possivel: 1763
Tempo de execução: 126
Melhor solução encontrada: 0 49 38 66 67 36 42 0 3 74 29 5 44 12 13 0 30 78 61 16 43 68 8 37 2 34 0 76 72 54 9 55 15 41 25 46 64 0 71 14 48 18 79 28 52 0 23 59 17 31 60 39 77 51 0 73 58 32 4 22 45 50 70 0 62 6 24 11 63 10 0 53 33 56 69 65 35 26 47 19 57 75 20 27 0 1 7 21 40 0 
Solução encontrada considerada boa
GAP de 1.87181
Numero maximo de geracoes sem evolucao: 206
Solucão valida: Sim
====================================================================================================================


 ===================================================RESULTADOS=========================================================
Melhor fitness final: 1786
Melhor fitness possivel: 1763
Tempo de execução: 109
Melhor solução encontrada: 0 36 50 45 22 4 32 58 0 42 53 66 67 38 73 49 0 70 76 72 54 9 55 15 41 25 46 0 5 20 75 57 19 47 26 35 65 69 56 33 64 0 13 74 60 39 3 77 51 0 10 34 2 37 8 68 43 16 61 78 0 29 17 31 27 59 30 6 24 0 71 14 48 18 79 28 52 0 12 44 23 11 63 62 0 1 7 21 40 0 
Solução encontrada considerada boa
GAP de 1.30459
Numero maximo de geracoes sem evolucao: 18
Solucão valida: Sim
====================================================================================================================


 ===================================================RESULTADOS=========================================================
Melhor fitness final: 1814
Melhor fitness possivel: 1763
Tempo de execução: 110
Melhor solução encontrada: 0 6 24 34 2 37 8 78 30 5 0 58 32 4 22 45 50 76 70 0 51 77 39 64 33 15 55 9 54 72 38 0 13 29 59 27 17 74 0 19 47 56 69 65 35 26 57 61 16 43 68 0 10 71 63 62 23 44 12 0 14 48 18 79 28 52 11 0 49 73 36 67 66 53 42 0 3 60 46 41 25 75 20 31 0 40 21 7 1 0 
Solução encontrada considerada boa
GAP de 2.8928
Numero maximo de geracoes sem evolucao: 63
Solucão valida: Sim
====================================================================================================================


 ===================================================RESULTADOS=========================================================
Melhor fitness final: 1807
Melhor fitness possivel: 1763
Tempo de execução: 118
Melhor solução encontrada: 0 42 53 70 66 67 36 73 49 0 13 60 46 25 41 15 33 64 39 77 51 0 58 32 4 22 45 50 72 76 0 29 59 27 17 74 3 0 52 28 79 18 48 14 71 0 10 11 34 2 37 8 6 24 0 12 44 5 23 62 63 0 38 54 9 55 56 69 65 35 26 19 47 0 31 20 75 57 61 16 43 68 78 30 0 40 21 7 1 0 
Solução encontrada considerada boa
GAP de 2.49575
Numero maximo de geracoes sem evolucao: 321
Solucão valida: Sim
====================================================================================================================


 ===================================================RESULTADOS=========================================================
Melhor fitness final: 1818
Melhor fitness possivel: 1763
Tempo de execução: 102
Melhor solução encontrada: 0 77 3 60 39 53 66 67 36 0 21 10 63 7 1 0 17 27 59 46 25 41 15 33 64 70 0 76 72 50 45 22 4 32 58 0 11 34 2 37 8 24 6 30 0 38 54 9 55 56 69 65 35 26 19 47 0 5 78 68 43 16 61 57 75 20 31 51 0 40 62 23 12 44 29 74 0 71 14 48 18 79 28 52 0 49 73 42 13 0 
Solução encontrada considerada boa
GAP de 3.11968
Numero maximo de geracoes sem evolucao: 588
Solucão valida: Sim
====================================================================================================================


 ===================================================RESULTADOS=========================================================
Melhor fitness final: 1821
Melhor fitness possivel: 1763
Tempo de execução: 120
Melhor solução encontrada: 0 42 51 77 39 60 3 0 62 23 24 6 30 59 27 0 1 63 7 21 40 0 58 32 4 22 45 50 76 70 0 12 44 5 29 17 74 13 0 10 11 34 2 37 8 78 20 75 31 0 68 43 16 61 57 19 47 26 35 65 69 56 33 0 72 54 9 55 15 41 25 46 64 53 0 71 14 48 18 79 28 52 0 49 73 38 66 67 36 0 
Solução encontrada considerada boa
GAP de 3.28985
Numero maximo de geracoes sem evolucao: 1093
Solucão valida: Sim
====================================================================================================================


 ===================================================RESULTADOS=========================================================
Melhor fitness final: 1811
Melhor fitness possivel: 1763
Tempo de execução: 110
Melhor solução encontrada: 0 71 14 48 18 79 28 52 0 5 20 75 68 8 37 2 34 10 0 36 50 45 22 4 32 73 0 76 72 54 9 55 33 15 41 25 46 64 0 44 78 43 16 61 57 26 35 65 69 56 47 19 31 0 13 12 23 11 63 62 0 74 60 39 3 77 51 0 42 53 66 67 70 58 38 49 0 29 17 27 59 30 6 24 0 40 21 7 1 0 
Solução encontrada considerada boa
GAP de 2.72263
Numero maximo de geracoes sem evolucao: 232
Solucão valida: Sim
====================================================================================================================


 ===================================================RESULTADOS=========================================================
Melhor fitness final: 1790
Melhor fitness possivel: 1763
Tempo de execução: 105
Melhor solução encontrada: 0 14 48 18 79 28 71 10 0 58 32 4 22 45 50 76 70 0 64 33 15 41 25 46 31 17 29 74 0 5 78 68 43 16 61 57 59 27 0 62 63 11 23 44 12 0 49 38 66 67 53 36 73 0 42 51 77 39 60 3 13 0 20 75 19 47 26 35 65 69 56 55 9 54 72 0 52 34 2 37 8 24 6 30 0 1 7 21 40 0 
Solução encontrada considerada boa
GAP de 1.53148
Numero maximo de geracoes sem evolucao: 38
Solucão valida: Sim
====================================================================================================================


 ===================================================RESULTADOS=========================================================
Melhor fitness final: 1807
Melhor fitness possivel: 1763
Tempo de execução: 116
Melhor solução encontrada: 0 71 14 48 18 79 28 52 0 76 72 50 45 22 4 32 58 0 10 11 34 2 37 8 6 24 0 30 78 68 43 16 61 57 75 20 31 0 60 17 27 59 29 74 13 0 38 54 9 55 56 69 65 35 26 19 47 0 70 64 33 15 41 25 46 39 3 77 51 0 42 53 66 67 36 73 49 0 12 44 5 23 62 63 0 1 7 21 40 0 
Solução encontrada considerada boa
GAP de 2.49575
Numero maximo de geracoes sem evolucao: 112
Solucão valida: Sim
====================================================================================================================


 ===================================================RESULTADOS=========================================================
Melhor fitness final: 1807
Melhor fitness possivel: 1763
Tempo de execução: 108
Melhor solução encontrada: 0 12 44 5 23 62 63 0 13 60 46 25 41 15 33 64 39 77 51 0 71 14 48 18 79 28 52 0 42 53 70 66 67 36 73 49 0 30 78 68 43 16 61 57 75 20 31 0 76 72 50 45 22 4 32 58 0 29 59 27 17 74 3 0 38 54 9 55 56 69 65 35 26 19 47 0 24 6 8 37 2 34 11 10 0 1 7 21 40 0 
Solução encontrada considerada boa
GAP de 2.49575
Numero maximo de geracoes sem evolucao: 10
Solucão valida: Sim
====================================================================================================================

