
 ===================================================RESULTADOS=========================================================
Melhor fitness final: 26067
Melhor fitness possivel: 25569
Tempo de execução: 687
Melhor solução encontrada: 0 167 87 147 37 164 15 127 156 0 38 154 172 141 81 66 25 72 0 178 40 177 150 97 34 118 113 0 45 126 48 6 139 120 101 148 0 138 115 31 57 174 123 155 170 0 102 58 80 158 36 128 60 47 0 134 83 39 125 103 74 46 153 0 149 63 85 89 2 26 90 163 0 165 144 124 176 98 88 130 73 0 52 157 122 27 29 95 51 152 0 137 107 20 3 93 161 109 68 0 99 56 100 69 28 119 173 129 0 5 105 64 86 62 135 71 55 0 143 11 19 78 21 8 18 76 0 112 59 133 136 77 13 180 145 0 17 179 24 23 104 67 114 142 0 1 16 50 94 146 166 82 91 0 106 160 168 162 175 110 41 22 0 117 35 151 7 33 53 4 75 0 42 84 116 92 131 169 140 132 0 159 171 96 79 30 9 14 49 0 108 12 121 70 54 111 43 10 0 44 61 65 32 0 
Solução encontrada considerada boa
GAP de 1.94767
Numero maximo de geracoes sem evolucao: 1718
Solucão valida: Sim
====================================================================================================================


 ===================================================RESULTADOS=========================================================
Melhor fitness final: 26185
Melhor fitness possivel: 25569
Tempo de execução: 555
Melhor solução encontrada: 0 173 119 28 69 100 16 1 91 0 114 67 73 176 98 78 88 130 0 145 13 77 136 129 38 154 172 0 134 39 147 87 167 125 103 83 0 180 133 59 139 120 101 112 148 0 140 63 85 89 116 84 42 157 0 9 30 79 96 158 36 14 137 0 156 177 40 150 97 34 4 53 0 45 17 24 179 5 135 71 55 0 113 118 35 151 117 175 110 162 0 153 82 46 74 166 146 94 50 0 132 44 61 65 169 92 131 32 0 152 51 95 163 90 26 2 149 0 102 3 93 20 107 161 109 68 0 7 33 164 37 15 127 62 23 0 121 76 18 70 12 108 165 104 0 56 99 141 81 66 25 72 168 0 174 48 22 41 160 106 6 126 0 21 58 80 171 159 8 124 144 0 138 115 31 75 57 123 155 170 0 10 178 43 111 54 86 64 105 0 142 19 49 128 60 11 143 0 52 29 27 122 47 0 
Solução encontrada considerada boa
GAP de 2.40917
Numero maximo de geracoes sem evolucao: 636
Solucão valida: Sim
====================================================================================================================


 ===================================================RESULTADOS=========================================================
Melhor fitness final: 26487
Melhor fitness possivel: 25569
Tempo de execução: 511
Melhor solução encontrada: 0 14 9 30 79 42 2 140 132 0 94 146 166 103 125 39 83 134 0 178 40 150 177 156 111 43 10 0 35 53 4 34 97 15 127 54 0 108 12 121 70 76 18 8 21 0 72 25 66 91 7 33 151 117 0 22 41 172 141 154 38 160 106 0 81 1 16 50 74 46 82 153 0 13 77 136 173 28 119 56 99 0 47 60 128 137 49 19 11 143 0 138 115 5 105 64 86 62 135 0 61 65 169 116 84 157 122 27 0 44 32 131 92 89 85 63 149 0 102 58 80 159 171 96 158 36 0 57 75 118 113 175 110 162 168 0 129 100 69 167 87 147 37 164 0 68 109 161 107 20 3 93 78 0 67 73 130 88 98 176 124 144 0 104 165 23 55 71 24 179 17 0 112 101 120 139 59 133 180 145 0 52 51 29 26 90 163 95 152 0 170 155 31 48 6 126 174 123 0 148 45 114 142 0 
Solução encontrada considerada boa
GAP de 3.59029
Numero maximo de geracoes sem evolucao: 943
Solucão valida: Sim
====================================================================================================================


 ===================================================RESULTADOS=========================================================
Melhor fitness final: 26158
Melhor fitness possivel: 25569
Tempo de execução: 516
Melhor solução encontrada: 0 132 44 61 65 169 92 131 32 0 39 167 87 147 37 164 15 156 0 165 144 124 8 70 121 12 108 0 158 96 171 159 80 58 21 130 0 73 176 98 102 3 93 78 88 0 62 86 64 54 111 43 178 10 0 11 42 84 116 26 90 163 51 0 67 68 109 161 137 128 49 19 0 113 118 4 53 151 35 117 175 0 168 72 141 81 66 25 162 110 0 52 29 27 122 157 47 143 142 0 145 180 13 77 136 133 59 112 0 107 20 14 9 36 30 79 60 0 149 140 63 85 89 2 95 152 0 56 99 16 100 69 28 119 173 0 129 38 154 172 160 106 41 22 0 138 115 31 75 57 123 155 170 0 71 24 179 105 5 135 23 55 0 174 48 6 126 139 120 101 148 0 82 103 125 83 134 33 7 91 0 18 76 127 177 40 150 97 34 0 1 50 94 146 166 74 46 153 0 45 17 104 114 0 
Solução encontrada considerada boa
GAP de 2.30357
Numero maximo de geracoes sem evolucao: 1341
Solucão valida: Sim
====================================================================================================================


 ===================================================RESULTADOS=========================================================
Melhor fitness final: 26216
Melhor fitness possivel: 25569
Tempo de execução: 510
Melhor solução encontrada: 0 14 9 30 79 96 171 159 8 0 17 24 179 105 5 135 71 55 0 149 163 90 26 29 27 122 157 0 172 141 99 56 100 16 1 81 0 39 167 87 147 37 164 15 127 0 143 11 19 161 109 68 142 0 91 7 134 83 153 66 25 72 0 113 118 34 97 150 40 177 156 0 162 151 53 4 35 117 175 110 0 45 170 155 123 174 31 115 138 0 57 168 41 22 160 106 133 180 0 59 154 38 129 136 77 13 145 0 49 137 107 20 3 93 78 88 0 108 12 121 70 54 111 43 10 0 132 140 63 85 2 89 84 42 0 148 112 139 6 48 126 120 101 0 67 73 130 98 176 124 144 165 0 116 92 131 169 61 65 32 44 0 173 119 28 69 94 146 18 76 0 60 128 36 158 80 58 21 102 0 33 125 103 166 50 74 46 82 0 114 104 23 62 86 64 178 75 0 152 95 51 52 47 0 
Solução encontrada considerada boa
GAP de 2.53041
Numero maximo de geracoes sem evolucao: 609
Solucão valida: Sim
====================================================================================================================


 ===================================================RESULTADOS=========================================================
Melhor fitness final: 25929
Melhor fitness possivel: 25569
Tempo de execução: 582
Melhor solução encontrada: 0 168 91 7 151 35 117 175 110 0 81 153 46 82 83 134 33 162 0 99 56 100 69 28 119 173 133 0 112 120 6 126 174 123 155 170 0 152 52 51 95 163 90 26 149 0 59 106 154 38 129 136 77 13 0 31 40 177 150 97 34 118 113 0 54 127 15 37 164 156 111 43 0 114 67 124 144 165 23 55 17 0 73 176 98 102 93 78 88 130 0 19 68 109 161 3 58 80 21 0 42 84 116 92 131 169 89 2 0 71 135 86 64 105 5 179 24 0 139 160 172 66 25 72 41 22 0 74 166 146 94 50 16 1 141 0 53 4 39 147 87 167 125 103 0 132 44 32 65 61 85 63 140 0 47 27 29 122 157 11 143 142 0 49 137 14 9 30 79 128 60 0 138 115 10 178 75 57 48 101 0 107 20 36 158 96 171 159 8 0 104 108 12 70 18 76 121 62 0 45 148 180 145 0 
Solução encontrada considerada boa
GAP de 1.40795
Numero maximo de geracoes sem evolucao: 451
Solucão valida: Sim
====================================================================================================================


 ===================================================RESULTADOS=========================================================
Melhor fitness final: 26177
Melhor fitness possivel: 25569
Tempo de execução: 504
Melhor solução encontrada: 0 101 120 22 41 160 106 112 148 0 31 75 178 43 111 54 86 62 0 114 124 176 98 88 130 73 67 0 15 164 37 147 87 167 69 28 0 153 82 46 74 166 50 16 1 0 104 108 12 121 64 10 115 138 0 168 72 25 91 162 175 110 57 0 66 81 141 172 154 38 129 133 0 132 44 61 65 169 92 131 32 0 149 63 85 89 2 26 90 163 0 29 27 122 157 42 84 116 140 0 180 59 139 126 6 48 174 123 0 118 34 97 150 40 177 127 156 0 70 76 18 159 171 96 79 30 0 152 95 51 52 47 143 11 142 0 71 24 179 105 5 135 23 55 0 78 93 3 102 21 8 144 165 0 100 94 146 103 125 39 83 134 0 68 109 161 107 137 128 60 49 0 117 35 151 7 33 53 4 113 0 145 13 77 136 173 119 56 99 0 20 58 80 158 36 9 14 19 0 17 155 170 45 0 
Solução encontrada considerada boa
GAP de 2.37788
Numero maximo de geracoes sem evolucao: 285
Solucão valida: Sim
====================================================================================================================


 ===================================================RESULTADOS=========================================================
Melhor fitness final: 25976
Melhor fitness possivel: 25569
Tempo de execução: 561
Melhor solução encontrada: 0 17 24 71 55 23 104 67 114 0 99 56 100 94 69 28 119 173 0 131 92 116 84 42 157 47 143 0 165 144 124 176 98 88 130 73 0 68 109 161 102 21 58 80 8 0 142 11 122 27 29 95 51 52 0 78 93 3 20 107 137 49 19 0 41 72 25 66 91 162 110 57 0 138 115 31 174 123 155 170 45 0 54 127 15 164 37 147 87 167 0 117 35 39 125 83 134 33 151 0 75 113 118 40 156 111 43 10 0 16 50 146 166 103 74 46 82 0 175 53 4 34 97 150 177 178 0 149 140 169 61 65 32 44 132 0 152 163 90 26 2 89 85 63 0 13 77 136 129 38 154 160 106 0 133 59 139 6 48 126 120 101 0 96 171 159 18 76 70 121 12 0 14 36 158 79 30 9 128 60 0 22 172 141 81 1 153 7 168 0 179 135 5 105 64 86 62 108 0 148 112 180 145 0 
Solução encontrada considerada boa
GAP de 1.59177
Numero maximo de geracoes sem evolucao: 354
Solucão valida: Sim
====================================================================================================================


 ===================================================RESULTADOS=========================================================
Melhor fitness final: 26023
Melhor fitness possivel: 25569
Tempo de execução: 496
Melhor solução encontrada: 0 53 4 34 97 150 40 177 156 0 110 162 168 72 25 66 172 160 0 55 23 135 5 105 179 24 71 0 32 131 92 116 84 42 11 142 0 75 113 118 117 35 151 7 91 0 10 178 43 111 54 64 86 62 0 152 51 95 163 90 29 27 52 0 158 96 171 159 80 58 21 124 0 132 44 61 65 169 85 63 140 0 145 180 133 59 139 120 112 148 0 108 12 121 70 76 18 8 144 0 101 126 6 22 41 48 174 123 0 45 170 155 57 31 115 138 17 0 175 33 134 83 125 103 74 46 0 153 82 166 146 94 50 1 81 0 149 2 89 26 122 157 47 143 0 60 79 30 36 9 14 20 107 0 129 173 119 28 69 100 16 141 0 39 167 87 147 37 164 15 127 0 130 88 78 102 3 93 109 68 0 19 49 128 137 161 98 176 73 0 106 38 154 99 56 136 77 13 0 104 165 67 114 0 
Solução encontrada considerada boa
GAP de 1.77559
Numero maximo de geracoes sem evolucao: 304
Solucão valida: Sim
====================================================================================================================


 ===================================================RESULTADOS=========================================================
Melhor fitness final: 26131
Melhor fitness possivel: 25569
Tempo de execução: 525
Melhor solução encontrada: 0 157 122 27 29 163 95 51 52 0 1 50 94 146 166 74 46 82 0 30 79 96 171 159 8 104 114 0 43 111 156 177 150 97 34 118 0 21 58 80 158 36 9 14 128 0 81 153 33 53 4 113 75 57 0 83 103 125 167 87 147 39 134 0 22 41 172 141 66 25 72 168 0 140 63 116 84 42 60 11 143 0 67 130 88 161 109 68 19 142 0 148 112 120 139 59 133 180 145 0 17 71 121 76 18 70 12 108 0 173 119 28 69 100 16 99 56 0 162 91 7 151 35 117 175 110 0 170 123 174 48 6 126 101 0 132 44 61 65 169 92 131 32 0 152 149 85 89 2 26 90 47 0 78 102 3 93 20 107 137 49 0 73 98 176 124 144 165 23 55 0 13 77 136 129 38 154 160 106 0 178 40 164 37 15 127 54 10 0 24 135 62 86 64 105 5 179 0 138 115 31 155 45 0 
Solução encontrada considerada boa
GAP de 2.19797
Numero maximo de geracoes sem evolucao: 344
Solucão valida: Sim
====================================================================================================================

