
 ===================================================RESULTADOS=========================================================
Melhor fitness final: 708
Melhor fitness possivel: 682
Tempo de execução: 87
Melhor solução encontrada: 0 3 24 49 23 56 41 43 42 64 22 1 73 2 68 0 48 47 21 61 69 36 71 60 70 20 37 5 29 45 0 7 53 14 59 11 66 65 38 26 0 67 46 8 35 19 54 13 57 15 27 52 34 0 58 10 31 72 39 9 25 55 18 50 32 44 0 6 51 16 63 33 62 28 74 30 4 75 0 17 40 12 0 
Solução encontrada considerada boa
GAP de 3.81232
Numero maximo de geracoes sem evolucao: 33
Solucão valida: Sim
====================================================================================================================


 ===================================================RESULTADOS=========================================================
Melhor fitness final: 714
Melhor fitness possivel: 682
Tempo de execução: 88
Melhor solução encontrada: 0 51 16 63 33 73 62 28 61 21 48 30 68 0 44 3 24 49 23 56 41 43 42 64 22 1 6 0 17 40 32 50 18 55 25 9 39 72 58 12 0 31 10 38 65 66 11 59 14 0 45 29 5 15 57 37 20 70 60 71 69 36 47 74 2 0 26 7 53 35 8 19 54 13 27 52 46 34 0 67 4 75 0 
Solução encontrada considerada boa
GAP de 4.69208
Numero maximo de geracoes sem evolucao: 1277
Solucão valida: Sim
====================================================================================================================


 ===================================================RESULTADOS=========================================================
Melhor fitness final: 711
Melhor fitness possivel: 682
Tempo de execução: 87
Melhor solução encontrada: 0 6 33 73 62 22 64 42 41 43 1 63 16 51 0 48 47 36 37 20 70 60 71 69 21 61 28 74 0 40 32 50 18 24 56 23 49 3 44 17 0 12 72 39 9 25 55 31 10 38 58 26 0 46 8 19 54 13 57 15 5 29 45 27 52 34 0 67 35 14 59 66 65 11 53 7 0 4 30 2 68 75 0 
Solução encontrada considerada boa
GAP de 4.2522
Numero maximo de geracoes sem evolucao: 27
Solucão valida: Sim
====================================================================================================================


 ===================================================RESULTADOS=========================================================
Melhor fitness final: 713
Melhor fitness possivel: 682
Tempo de execução: 105
Melhor solução encontrada: 0 17 51 16 63 33 73 62 22 61 28 2 6 0 8 35 19 54 13 57 15 37 20 70 60 71 36 69 21 74 0 50 25 55 18 24 49 23 56 41 64 42 43 1 68 0 26 12 72 10 31 39 9 32 44 3 40 0 58 38 65 66 11 59 14 53 7 0 34 46 52 27 45 29 5 47 48 30 75 0 4 67 0 
Solução encontrada considerada boa
GAP de 4.54545
Numero maximo de geracoes sem evolucao: 219
Solucão valida: Sim
====================================================================================================================


 ===================================================RESULTADOS=========================================================
Melhor fitness final: 717
Melhor fitness possivel: 682
Tempo de execução: 109
Melhor solução encontrada: 0 14 59 66 65 38 10 58 72 39 9 0 17 51 16 63 23 56 41 43 42 64 22 2 68 0 6 33 1 73 62 28 61 21 74 30 75 0 4 45 29 5 37 20 70 60 71 69 36 47 48 0 12 31 55 25 50 18 24 49 3 44 32 40 0 52 27 15 57 13 54 19 8 35 53 11 7 26 0 34 46 67 0 
Solução encontrada considerada mediana
GAP de 5.13196
Numero maximo de geracoes sem evolucao: 1258
Solucão valida: Sim
====================================================================================================================


 ===================================================RESULTADOS=========================================================
Melhor fitness final: 692
Melhor fitness possivel: 682
Tempo de execução: 107
Melhor solução encontrada: 0 17 3 44 32 50 18 24 49 56 23 63 16 51 0 6 74 21 61 69 71 60 70 20 37 36 47 48 30 0 40 39 9 25 55 31 10 58 72 12 26 0 7 53 11 38 65 66 59 14 35 0 46 8 19 54 13 57 15 5 29 45 27 52 34 0 68 2 62 28 22 64 42 41 43 1 73 33 0 67 4 75 0 
Solução encontrada considerada boa
GAP de 1.46628
Numero maximo de geracoes sem evolucao: 80
Solucão valida: Sim
====================================================================================================================


 ===================================================RESULTADOS=========================================================
Melhor fitness final: 703
Melhor fitness possivel: 682
Tempo de execução: 106
Melhor solução encontrada: 0 6 73 1 43 23 56 41 42 64 22 62 2 68 0 17 51 3 44 32 9 39 40 12 26 0 38 65 66 11 59 14 53 35 7 0 29 5 37 20 70 60 71 69 36 47 21 61 28 74 0 72 58 10 31 55 25 50 18 24 49 16 63 33 0 34 52 27 15 57 13 54 19 8 46 67 0 4 45 48 30 75 0 
Solução encontrada considerada boa
GAP de 3.07918
Numero maximo de geracoes sem evolucao: 777
Solucão valida: Sim
====================================================================================================================


 ===================================================RESULTADOS=========================================================
Melhor fitness final: 712
Melhor fitness possivel: 682
Tempo de execução: 106
Melhor solução encontrada: 0 68 2 62 73 63 23 56 49 24 18 50 25 55 31 72 0 58 10 38 65 66 11 53 8 46 0 6 51 16 3 44 32 9 39 12 40 17 0 45 29 5 15 57 37 20 70 60 71 36 47 48 30 0 33 1 43 41 42 64 22 28 61 69 21 74 0 26 7 35 14 59 19 54 13 27 52 34 0 67 4 75 0 
Solução encontrada considerada boa
GAP de 4.39883
Numero maximo de geracoes sem evolucao: 132
Solucão valida: Sim
====================================================================================================================


 ===================================================RESULTADOS=========================================================
Melhor fitness final: 717
Melhor fitness possivel: 682
Tempo de execução: 92
Melhor solução encontrada: 0 6 33 63 1 62 28 74 30 2 68 75 0 38 65 66 11 59 14 53 35 7 0 4 52 27 15 57 13 54 19 8 46 34 0 67 26 58 10 31 55 25 9 39 72 12 0 48 47 21 61 69 36 71 60 70 20 37 5 29 45 0 32 50 18 24 49 23 56 41 43 42 64 22 73 0 17 40 44 3 16 51 0 
Solução encontrada considerada mediana
GAP de 5.13196
Numero maximo de geracoes sem evolucao: 30
Solucão valida: Sim
====================================================================================================================


 ===================================================RESULTADOS=========================================================
Melhor fitness final: 713
Melhor fitness possivel: 682
Tempo de execução: 95
Melhor solução encontrada: 0 75 30 48 47 36 69 21 61 28 74 2 68 0 6 33 63 23 56 41 43 42 64 22 62 1 73 0 58 38 66 65 10 39 9 32 44 3 0 45 29 5 37 71 60 70 20 15 57 54 13 27 52 0 34 46 8 19 14 59 11 53 35 7 0 17 40 12 72 31 55 25 50 18 24 49 16 51 0 26 67 4 0 
Solução encontrada considerada boa
GAP de 4.54545
Numero maximo de geracoes sem evolucao: 1364
Solucão valida: Sim
====================================================================================================================

