
 ===================================================RESULTADOS=========================================================
Melhor fitness final: 705
Melhor fitness possivel: 682
Tempo de execução: 56
Melhor solução encontrada: 0 8 19 14 59 66 65 11 53 35 7 0 75 2 62 22 64 42 41 56 23 43 1 73 51 0 30 74 21 47 36 37 20 70 60 71 69 61 28 68 0 45 29 48 5 15 57 54 13 27 52 46 34 0 6 33 63 16 49 24 18 50 32 44 3 17 0 40 39 9 25 55 31 10 38 58 72 12 0 4 67 26 0 
Solução encontrada considerada boa
GAP de 3.37243
Numero maximo de geracoes sem evolucao: 26
Solucão valida: Sim
====================================================================================================================


 ===================================================RESULTADOS=========================================================
Melhor fitness final: 723
Melhor fitness possivel: 682
Tempo de execução: 54
Melhor solução encontrada: 0 44 3 24 49 23 56 41 43 42 64 22 1 6 0 26 58 72 39 9 25 55 18 50 32 40 12 0 17 51 16 63 33 73 62 2 30 4 75 0 14 59 11 66 65 38 10 31 0 68 74 28 61 21 69 71 60 70 20 37 36 47 48 0 7 53 35 8 19 54 13 57 15 5 29 45 27 52 0 34 46 67 0 
Solução encontrada considerada mediana
GAP de 6.01173
Numero maximo de geracoes sem evolucao: 465
Solucão valida: Sim
====================================================================================================================


 ===================================================RESULTADOS=========================================================
Melhor fitness final: 696
Melhor fitness possivel: 682
Tempo de execução: 56
Melhor solução encontrada: 0 45 5 36 69 71 60 70 20 37 15 57 13 54 19 35 8 0 17 40 44 3 24 49 56 23 63 16 51 0 58 10 31 25 55 18 50 32 9 39 72 12 0 6 33 73 1 43 41 42 64 22 62 2 68 0 52 27 29 48 47 21 61 28 74 30 75 0 7 53 14 59 11 66 65 38 26 0 67 46 34 4 0 
Solução encontrada considerada boa
GAP de 2.05279
Numero maximo de geracoes sem evolucao: 21
Solucão valida: Sim
====================================================================================================================


 ===================================================RESULTADOS=========================================================
Melhor fitness final: 701
Melhor fitness possivel: 682
Tempo de execução: 57
Melhor solução encontrada: 0 34 52 27 45 29 5 15 57 13 54 19 8 46 0 26 58 10 39 9 32 44 3 40 17 0 7 53 11 38 65 66 59 14 35 0 2 62 28 22 64 42 43 41 56 23 16 51 0 6 33 73 1 63 49 24 18 50 25 55 31 72 12 0 30 48 47 36 37 20 70 60 71 69 61 21 74 68 0 67 4 75 0 
Solução encontrada considerada boa
GAP de 2.78592
Numero maximo de geracoes sem evolucao: 1271
Solucão valida: Sim
====================================================================================================================


 ===================================================RESULTADOS=========================================================
Melhor fitness final: 718
Melhor fitness possivel: 682
Tempo de execução: 56
Melhor solução encontrada: 0 26 58 72 39 9 32 44 3 40 12 0 4 45 29 5 36 69 71 60 70 20 37 15 57 13 27 0 30 48 47 21 61 22 64 42 41 43 1 0 38 10 31 55 25 50 18 24 49 56 23 6 0 35 53 11 65 66 59 14 19 54 52 0 75 68 2 74 28 62 73 33 63 16 51 17 0 34 46 8 7 67 0 
Solução encontrada considerada mediana
GAP de 5.27859
Numero maximo de geracoes sem evolucao: 44
Solucão valida: Sim
====================================================================================================================


 ===================================================RESULTADOS=========================================================
Melhor fitness final: 707
Melhor fitness possivel: 682
Tempo de execução: 57
Melhor solução encontrada: 0 12 31 55 25 50 18 24 49 3 44 32 40 0 4 45 29 5 47 36 69 71 60 70 20 37 15 57 0 6 33 73 1 43 42 64 41 56 23 63 16 51 0 26 7 8 35 53 14 59 19 54 13 27 52 0 75 30 48 21 61 22 62 28 74 2 68 0 17 9 39 72 58 10 38 65 66 11 0 67 46 34 0 
Solução encontrada considerada boa
GAP de 3.66569
Numero maximo de geracoes sem evolucao: 41
Solucão valida: Sim
====================================================================================================================


 ===================================================RESULTADOS=========================================================
Melhor fitness final: 697
Melhor fitness possivel: 682
Tempo de execução: 56
Melhor solução encontrada: 0 51 3 44 32 50 18 24 49 16 63 33 6 0 30 74 28 62 22 64 42 41 56 23 43 1 73 0 12 72 58 10 31 55 25 9 39 40 17 0 45 29 5 37 20 70 60 71 36 69 61 21 47 48 0 26 38 65 66 11 59 14 53 7 0 34 52 27 15 57 13 54 19 35 8 46 67 0 4 2 68 75 0 
Solução encontrada considerada boa
GAP de 2.19941
Numero maximo de geracoes sem evolucao: 29
Solucão valida: Sim
====================================================================================================================


 ===================================================RESULTADOS=========================================================
Melhor fitness final: 697
Melhor fitness possivel: 682
Tempo de execução: 55
Melhor solução encontrada: 0 34 52 13 54 19 59 14 35 8 46 67 0 6 33 1 73 62 22 64 42 43 41 56 23 63 0 7 53 11 66 65 38 10 58 26 0 51 16 49 24 18 50 25 55 31 9 39 72 12 0 4 45 29 5 36 69 71 60 70 20 37 15 57 27 0 75 30 48 47 21 61 28 74 2 68 0 40 32 44 3 17 0 
Solução encontrada considerada boa
GAP de 2.19941
Numero maximo de geracoes sem evolucao: 92
Solucão valida: Sim
====================================================================================================================


 ===================================================RESULTADOS=========================================================
Melhor fitness final: 698
Melhor fitness possivel: 682
Tempo de execução: 58
Melhor solução encontrada: 0 33 63 23 56 49 24 18 55 25 50 44 3 16 51 0 45 29 5 37 20 70 60 71 36 69 61 21 47 48 0 30 74 28 22 64 42 41 43 1 73 62 2 0 26 38 65 66 11 59 14 53 7 0 67 46 8 35 19 54 13 57 15 27 52 34 0 17 40 32 9 39 31 10 58 72 12 0 75 4 68 6 0 
Solução encontrada considerada boa
GAP de 2.34604
Numero maximo de geracoes sem evolucao: 829
Solucão valida: Sim
====================================================================================================================


 ===================================================RESULTADOS=========================================================
Melhor fitness final: 704
Melhor fitness possivel: 682
Tempo de execução: 57
Melhor solução encontrada: 0 68 2 74 21 61 28 62 73 33 63 16 51 0 4 45 5 37 20 70 60 71 69 36 47 48 30 0 12 72 39 9 32 50 18 55 25 31 10 58 0 3 44 24 49 23 56 41 43 42 64 22 1 6 0 26 38 65 66 11 59 14 53 7 0 67 46 8 35 19 54 13 57 15 29 27 52 34 0 40 17 75 0 
Solução encontrada considerada boa
GAP de 3.22581
Numero maximo de geracoes sem evolucao: 315
Solucão valida: Sim
====================================================================================================================
