
 ===================================================RESULTADOS=========================================================
Melhor fitness final: 704
Melhor fitness possivel: 682
Tempo de execução: 83
Melhor solução encontrada: 0 7 53 11 66 65 38 31 10 58 0 34 52 13 54 19 59 14 35 8 46 67 0 27 57 15 37 20 70 60 71 69 36 5 29 45 4 0 30 48 47 21 61 22 62 28 74 2 68 0 75 6 51 3 44 32 50 18 55 25 9 39 72 0 33 73 1 43 42 64 41 56 23 24 49 63 16 0 17 40 12 26 0 
Solução encontrada considerada boa
GAP de 3.22581
Numero maximo de geracoes sem evolucao: 527
Solucão valida: Sim
====================================================================================================================


 ===================================================RESULTADOS=========================================================
Melhor fitness final: 717
Melhor fitness possivel: 682
Tempo de execução: 82
Melhor solução encontrada: 0 12 72 39 9 25 55 18 50 32 44 40 17 0 52 13 54 19 14 59 66 65 11 7 0 3 24 49 23 56 41 43 42 64 22 1 63 16 51 0 33 73 62 28 61 47 48 5 29 45 4 0 30 74 21 69 36 71 60 70 20 37 15 57 27 34 0 67 46 8 35 53 38 31 10 58 26 0 75 68 2 6 0 
Solução encontrada considerada mediana
GAP de 5.13196
Numero maximo de geracoes sem evolucao: 445
Solucão valida: Sim
====================================================================================================================


 ===================================================RESULTADOS=========================================================
Melhor fitness final: 718
Melhor fitness possivel: 682
Tempo de execução: 80
Melhor solução encontrada: 0 4 45 29 5 36 69 71 60 70 20 37 15 57 27 0 40 3 24 49 56 23 63 73 62 28 74 2 68 0 1 43 41 42 64 22 61 21 47 48 30 0 67 46 8 35 14 59 19 54 13 52 34 0 7 53 11 66 65 38 10 58 26 0 12 72 39 9 31 25 55 18 50 32 44 17 0 75 6 33 16 51 0 
Solução encontrada considerada mediana
GAP de 5.27859
Numero maximo de geracoes sem evolucao: 182
Solucão valida: Sim
====================================================================================================================


 ===================================================RESULTADOS=========================================================
Melhor fitness final: 704
Melhor fitness possivel: 682
Tempo de execução: 81
Melhor solução encontrada: 0 12 72 39 9 31 55 25 50 18 24 49 56 23 0 7 53 11 66 65 38 10 58 26 0 51 16 63 1 43 41 42 64 22 62 73 33 6 0 67 46 8 35 14 59 19 54 13 52 34 0 4 45 29 5 36 69 71 60 70 20 37 15 57 27 0 75 30 48 47 21 61 28 74 2 68 0 40 32 44 3 17 0 
Solução encontrada considerada boa
GAP de 3.22581
Numero maximo de geracoes sem evolucao: 63
Solucão valida: Sim
====================================================================================================================


 ===================================================RESULTADOS=========================================================
Melhor fitness final: 702
Melhor fitness possivel: 682
Tempo de execução: 80
Melhor solução encontrada: 0 30 2 62 22 64 42 41 56 23 43 1 73 51 0 4 45 29 5 15 57 54 13 27 52 46 34 0 8 19 14 59 66 65 11 53 35 7 0 68 74 28 61 21 69 71 60 70 20 37 36 47 48 0 6 33 63 16 49 24 18 55 25 50 32 44 3 0 17 40 9 39 31 10 38 58 72 12 0 26 67 75 0 
Solução encontrada considerada boa
GAP de 2.93255
Numero maximo de geracoes sem evolucao: 194
Solucão valida: Sim
====================================================================================================================


 ===================================================RESULTADOS=========================================================
Melhor fitness final: 720
Melhor fitness possivel: 682
Tempo de execução: 78
Melhor solução encontrada: 0 57 15 37 20 70 60 71 36 69 61 22 64 42 43 1 73 0 58 10 38 65 66 59 11 53 7 0 67 46 8 35 14 19 54 13 27 52 34 0 17 51 16 3 44 32 9 39 40 12 26 0 6 33 63 41 56 23 49 24 18 50 25 55 31 72 0 68 2 62 28 74 21 47 48 5 29 45 0 75 30 4 0 
Solução encontrada considerada mediana
GAP de 5.57185
Numero maximo de geracoes sem evolucao: 2133
Solucão valida: Sim
====================================================================================================================


 ===================================================RESULTADOS=========================================================
Melhor fitness final: 731
Melhor fitness possivel: 682
Tempo de execução: 78
Melhor solução encontrada: 0 63 23 56 49 24 18 55 25 50 32 40 12 0 8 13 54 19 14 59 11 53 35 7 26 0 75 68 2 30 74 28 62 73 33 16 51 17 0 29 48 47 21 61 22 64 42 41 43 1 6 0 3 44 9 39 31 66 65 38 10 58 72 0 4 45 5 36 69 71 60 70 20 37 15 57 27 52 0 34 46 67 0 
Solução encontrada considerada mediana
GAP de 7.18475
Numero maximo de geracoes sem evolucao: 2153
Solucão valida: Sim
====================================================================================================================


 ===================================================RESULTADOS=========================================================
Melhor fitness final: 719
Melhor fitness possivel: 682
Tempo de execução: 81
Melhor solução encontrada: 0 58 38 10 31 55 25 50 18 24 49 16 51 0 6 33 63 23 56 41 43 42 64 22 62 1 73 0 17 40 3 44 32 9 39 72 12 26 67 0 34 46 35 8 52 27 45 29 48 30 74 2 0 28 61 21 47 36 69 71 60 70 20 37 5 15 57 0 7 53 11 65 66 59 14 19 54 13 0 75 68 4 0 
Solução encontrada considerada mediana
GAP de 5.42522
Numero maximo de geracoes sem evolucao: 2776
Solucão valida: Sim
====================================================================================================================


 ===================================================RESULTADOS=========================================================
Melhor fitness final: 716
Melhor fitness possivel: 682
Tempo de execução: 79
Melhor solução encontrada: 0 51 16 63 23 56 49 24 18 50 32 44 3 17 0 6 1 43 41 42 64 22 61 21 47 48 0 45 29 5 36 69 71 60 70 20 37 15 57 13 27 52 0 4 30 74 28 62 73 33 2 68 75 0 35 14 59 11 66 65 38 10 58 0 26 7 53 19 54 8 46 34 67 0 40 39 9 25 55 31 72 12 0 
Solução encontrada considerada boa
GAP de 4.98534
Numero maximo de geracoes sem evolucao: 482
Solucão valida: Sim
====================================================================================================================


 ===================================================RESULTADOS=========================================================
Melhor fitness final: 705
Melhor fitness possivel: 682
Tempo de execução: 81
Melhor solução encontrada: 0 51 16 49 24 18 50 25 55 31 10 38 58 0 8 19 14 59 66 65 11 53 35 7 0 17 40 3 44 32 9 39 72 12 26 67 0 4 45 29 5 15 57 54 13 27 52 46 34 0 48 47 36 37 20 70 60 71 69 21 61 28 74 0 62 73 1 22 64 42 43 41 56 23 63 33 6 0 30 2 68 75 0 
Solução encontrada considerada boa
GAP de 3.37243
Numero maximo de geracoes sem evolucao: 819
Solucão valida: Sim
====================================================================================================================