
 ===================================================RESULTADOS=========================================================
Melhor fitness final: 720
Melhor fitness possivel: 682
Tempo de execução: 60
Melhor solução encontrada: 0 35 53 14 59 19 54 8 46 34 67 0 7 11 66 65 38 10 58 72 39 9 0 3 44 32 31 55 25 50 18 24 49 56 23 16 0 51 63 1 43 41 42 64 22 62 73 33 6 0 4 45 29 36 69 71 60 70 20 37 15 57 13 27 52 0 68 2 74 28 61 21 47 5 48 30 75 0 26 12 40 17 0 
Solução encontrada considerada mediana
GAP de 5.57185
Numero maximo de geracoes sem evolucao: 1192
Solucão valida: Sim
====================================================================================================================


 ===================================================RESULTADOS=========================================================
Melhor fitness final: 696
Melhor fitness possivel: 682
Tempo de execução: 54
Melhor solução encontrada: 0 68 74 28 61 69 71 60 70 20 37 36 47 21 30 0 17 40 9 39 31 10 38 58 72 12 0 6 33 73 1 43 41 42 64 22 62 2 75 0 8 19 14 59 66 65 11 53 35 7 0 51 16 63 23 56 49 24 18 55 25 50 32 44 3 0 4 45 29 48 5 15 57 54 13 27 52 34 0 67 46 26 0 
Solução encontrada considerada boa
GAP de 2.05279
Numero maximo de geracoes sem evolucao: 141
Solucão valida: Sim
====================================================================================================================


 ===================================================RESULTADOS=========================================================
Melhor fitness final: 699
Melhor fitness possivel: 682
Tempo de execução: 57
Melhor solução encontrada: 0 45 5 36 69 71 60 70 20 37 15 57 13 54 19 35 8 0 30 74 28 61 21 47 48 29 27 52 46 0 26 38 65 66 11 59 14 53 7 0 3 44 32 9 39 31 10 58 72 12 0 6 33 73 1 43 41 42 64 22 62 2 68 0 17 40 50 25 55 18 24 49 56 23 63 16 51 0 75 4 34 67 0 
Solução encontrada considerada boa
GAP de 2.49267
Numero maximo de geracoes sem evolucao: 20
Solucão valida: Sim
====================================================================================================================


 ===================================================RESULTADOS=========================================================
Melhor fitness final: 719
Melhor fitness possivel: 682
Tempo de execução: 54
Melhor solução encontrada: 0 75 68 2 30 74 28 62 73 33 16 51 0 67 7 35 14 59 19 54 8 46 34 0 6 63 23 56 49 24 18 55 25 50 32 44 3 0 4 48 47 21 61 22 64 42 41 43 1 0 53 11 66 65 38 10 31 72 58 26 0 45 29 5 36 69 71 60 70 20 37 15 57 13 27 52 0 12 39 9 40 17 0 
Solução encontrada considerada mediana
GAP de 5.42522
Numero maximo de geracoes sem evolucao: 290
Solucão valida: Sim
====================================================================================================================


 ===================================================RESULTADOS=========================================================
Melhor fitness final: 693
Melhor fitness possivel: 682
Tempo de execução: 61
Melhor solução encontrada: 0 6 33 73 1 43 41 42 64 22 61 28 62 0 67 46 8 35 19 54 13 57 15 5 29 45 0 30 48 47 36 37 20 70 60 71 69 21 74 2 68 0 7 53 14 59 11 66 65 38 26 0 17 3 44 32 50 18 24 49 56 23 63 16 51 0 40 39 9 25 55 31 10 58 72 12 0 75 4 27 52 34 0 
Solução encontrada considerada boa
GAP de 1.6129
Numero maximo de geracoes sem evolucao: 107
Solucão valida: Sim
====================================================================================================================


 ===================================================RESULTADOS=========================================================
Melhor fitness final: 711
Melhor fitness possivel: 682
Tempo de execução: 65
Melhor solução encontrada: 0 45 29 5 36 69 71 60 70 20 37 15 57 13 54 19 8 0 12 40 31 55 25 50 18 24 49 63 33 6 0 46 35 14 59 66 65 11 53 7 0 26 58 38 10 72 39 9 32 44 3 17 0 75 68 62 73 1 22 64 42 43 41 56 23 16 51 0 2 74 28 61 21 47 48 30 0 67 34 52 27 4 0 
Solução encontrada considerada boa
GAP de 4.2522
Numero maximo de geracoes sem evolucao: 62
Solucão valida: Sim
====================================================================================================================


 ===================================================RESULTADOS=========================================================
Melhor fitness final: 703
Melhor fitness possivel: 682
Tempo de execução: 62
Melhor solução encontrada: 0 26 58 38 10 31 55 25 9 39 72 12 0 40 32 50 18 24 56 23 49 3 44 17 0 8 19 14 59 66 65 11 53 35 7 0 45 29 5 37 71 60 70 20 15 57 54 13 27 52 0 6 33 73 62 22 64 42 41 43 1 63 16 51 0 75 30 48 47 36 69 21 61 28 74 2 68 0 67 46 34 4 0 
Solução encontrada considerada boa
GAP de 3.07918
Numero maximo de geracoes sem evolucao: 43
Solucão valida: Sim
====================================================================================================================


 ===================================================RESULTADOS=========================================================
Melhor fitness final: 690
Melhor fitness possivel: 682
Tempo de execução: 50
Melhor solução encontrada: 0 62 28 61 22 64 42 41 43 1 73 33 6 0 26 58 10 31 25 55 18 50 9 39 72 12 0 34 52 27 45 29 5 15 57 13 54 19 8 46 0 51 16 63 23 56 49 24 3 44 32 40 17 0 30 48 47 36 37 20 70 60 71 69 21 74 2 68 0 7 53 11 38 65 66 59 14 35 0 67 4 75 0 
Solução encontrada considerada boa
GAP de 1.17302
Numero maximo de geracoes sem evolucao: 310
Solucão valida: Sim
====================================================================================================================


 ===================================================RESULTADOS=========================================================
Melhor fitness final: 699
Melhor fitness possivel: 682
Tempo de execução: 60
Melhor solução encontrada: 0 6 33 63 23 56 41 64 42 43 1 73 75 0 30 48 47 21 61 22 62 28 74 2 68 0 7 53 11 66 65 38 10 58 26 0 67 46 8 35 14 59 19 54 13 52 34 0 12 72 39 9 31 55 25 50 18 24 49 16 51 0 27 57 15 37 20 70 60 71 69 36 5 29 45 4 0 17 3 44 32 40 0 
Solução encontrada considerada boa
GAP de 2.49267
Numero maximo de geracoes sem evolucao: 61
Solucão valida: Sim
====================================================================================================================


 ===================================================RESULTADOS=========================================================
Melhor fitness final: 699
Melhor fitness possivel: 682
Tempo de execução: 55
Melhor solução encontrada: 0 17 40 3 44 32 50 18 24 49 16 51 0 12 72 39 9 25 55 31 65 38 10 58 26 0 4 30 48 21 61 28 74 2 68 75 0 33 63 23 56 41 43 42 64 22 62 1 73 6 0 52 27 57 15 37 20 70 60 71 69 36 47 5 29 45 0 13 54 19 14 59 66 11 53 35 7 0 67 8 46 34 0 
Solução encontrada considerada boa
GAP de 2.49267
Numero maximo de geracoes sem evolucao: 431
Solucão valida: Sim
====================================================================================================================

