
 ===================================================RESULTADOS=========================================================
Melhor fitness final: 697
Melhor fitness possivel: 682
Tempo de execução: 63
Melhor solução encontrada: 0 6 33 63 23 56 41 43 42 64 22 62 1 73 0 26 58 10 38 65 66 11 53 7 0 75 30 48 47 21 61 28 74 2 68 0 4 45 29 5 36 69 71 60 70 20 37 15 57 27 0 34 52 13 54 19 59 14 35 8 46 67 0 12 72 39 9 31 55 25 50 18 24 49 16 51 0 17 3 44 32 40 0 
Solução encontrada considerada boa
GAP de 2.19941
Numero maximo de geracoes sem evolucao: 1595
Solucão valida: Sim
====================================================================================================================


 ===================================================RESULTADOS=========================================================
Melhor fitness final: 726
Melhor fitness possivel: 682
Tempo de execução: 58
Melhor solução encontrada: 0 67 34 4 30 74 28 62 73 2 68 75 0 1 43 41 42 64 22 61 21 47 5 29 45 0 48 36 69 71 60 70 20 37 15 57 54 13 27 52 46 0 8 19 14 59 66 65 11 53 35 7 0 12 58 38 10 72 39 9 32 44 3 16 51 0 6 33 63 23 56 49 24 18 50 25 55 31 26 0 40 17 0 
Solução encontrada considerada mediana
GAP de 6.45161
Numero maximo de geracoes sem evolucao: 294
Solucão valida: Sim
====================================================================================================================


 ===================================================RESULTADOS=========================================================
Melhor fitness final: 702
Melhor fitness possivel: 682
Tempo de execução: 57
Melhor solução encontrada: 0 8 35 19 54 13 57 15 37 20 70 60 71 69 36 48 30 0 7 53 14 59 11 66 65 38 26 0 52 27 45 29 5 47 21 74 2 68 75 0 6 33 73 1 43 41 42 64 22 61 28 62 0 17 3 44 32 9 39 31 10 58 72 12 0 51 16 63 23 56 49 24 18 55 25 50 40 0 4 34 46 67 0 
Solução encontrada considerada boa
GAP de 2.93255
Numero maximo de geracoes sem evolucao: 398
Solucão valida: Sim
====================================================================================================================


 ===================================================RESULTADOS=========================================================
Melhor fitness final: 701
Melhor fitness possivel: 682
Tempo de execução: 54
Melhor solução encontrada: 0 8 19 54 13 57 15 37 20 70 60 71 36 5 27 52 0 17 40 3 44 32 9 39 72 58 12 26 0 7 53 11 38 65 66 59 14 35 0 51 16 63 23 56 49 24 18 50 25 55 31 10 0 45 29 48 47 21 69 61 28 74 30 75 0 68 2 62 22 64 42 41 43 1 73 33 6 0 4 34 46 67 0 
Solução encontrada considerada boa
GAP de 2.78592
Numero maximo de geracoes sem evolucao: 50
Solucão valida: Sim
====================================================================================================================


 ===================================================RESULTADOS=========================================================
Melhor fitness final: 698
Melhor fitness possivel: 682
Tempo de execução: 53
Melhor solução encontrada: 0 26 72 10 31 55 25 50 18 24 49 3 44 17 0 48 47 36 69 71 60 70 20 37 5 29 45 4 0 58 38 65 66 11 59 14 53 7 0 6 33 73 1 43 42 64 41 56 23 63 16 51 0 67 46 8 35 19 54 13 57 15 27 52 34 0 30 74 21 61 28 22 62 2 68 75 0 40 32 9 39 12 0 
Solução encontrada considerada boa
GAP de 2.34604
Numero maximo de geracoes sem evolucao: 87
Solucão valida: Sim
====================================================================================================================


 ===================================================RESULTADOS=========================================================
Melhor fitness final: 710
Melhor fitness possivel: 682
Tempo de execução: 57
Melhor solução encontrada: 0 74 21 61 22 64 42 43 41 56 23 49 24 3 0 35 14 59 66 65 38 11 53 7 0 30 48 47 36 69 71 60 70 20 37 5 45 4 0 34 52 27 29 15 57 13 54 19 8 46 67 0 75 68 2 28 62 73 1 33 63 16 51 6 0 26 58 10 31 25 55 18 50 32 44 17 0 12 72 39 9 40 0 
Solução encontrada considerada boa
GAP de 4.10557
Numero maximo de geracoes sem evolucao: 807
Solucão valida: Sim
====================================================================================================================


 ===================================================RESULTADOS=========================================================
Melhor fitness final: 707
Melhor fitness possivel: 682
Tempo de execução: 58
Melhor solução encontrada: 0 30 48 47 36 69 21 61 28 74 2 68 75 0 51 16 63 1 43 41 42 64 22 62 73 33 6 0 12 72 39 9 25 55 31 10 38 58 26 0 67 35 14 59 66 65 11 53 7 0 8 19 54 13 57 15 20 70 60 71 37 5 29 45 0 40 32 50 18 24 56 23 49 3 44 17 0 4 27 52 46 34 0 
Solução encontrada considerada boa
GAP de 3.66569
Numero maximo de geracoes sem evolucao: 43
Solucão valida: Sim
====================================================================================================================


 ===================================================RESULTADOS=========================================================
Melhor fitness final: 733
Melhor fitness possivel: 682
Tempo de execução: 65
Melhor solução encontrada: 0 57 15 37 20 70 60 71 69 36 47 5 29 45 4 0 30 74 28 22 42 41 43 1 73 62 2 68 75 0 51 44 50 18 24 49 23 56 64 61 21 48 0 7 35 14 59 19 54 13 27 52 34 67 0 46 8 53 11 66 65 38 10 58 0 6 33 63 16 3 32 9 25 55 31 39 72 0 17 40 12 26 0 
Solução encontrada considerada mediana
GAP de 7.47801
Numero maximo de geracoes sem evolucao: 22
Solucão valida: Sim
====================================================================================================================


 ===================================================RESULTADOS=========================================================
Melhor fitness final: 710
Melhor fitness possivel: 682
Tempo de execução: 66
Melhor solução encontrada: 0 33 23 56 49 24 18 50 25 55 31 10 58 0 35 19 14 59 66 65 38 11 53 0 30 48 36 69 71 60 70 20 37 15 57 54 13 27 52 0 17 40 3 44 32 9 39 72 12 26 0 51 16 63 1 43 41 42 64 22 62 73 6 68 75 0 4 45 29 5 47 21 61 28 74 2 0 7 8 46 34 67 0 
Solução encontrada considerada boa
GAP de 4.10557
Numero maximo de geracoes sem evolucao: 72
Solucão valida: Sim
====================================================================================================================


 ===================================================RESULTADOS=========================================================
Melhor fitness final: 706
Melhor fitness possivel: 682
Tempo de execução: 72
Melhor solução encontrada: 0 46 8 35 53 14 59 19 54 13 52 34 0 68 2 62 22 64 42 41 43 1 73 33 6 0 45 29 5 36 69 71 60 70 20 37 15 57 27 67 0 7 11 66 65 38 10 58 72 12 26 0 75 30 74 28 61 21 47 48 4 0 9 39 31 55 25 50 18 24 49 56 23 63 16 0 51 3 44 32 40 17 0 
Solução encontrada considerada boa
GAP de 3.51906
Numero maximo de geracoes sem evolucao: 130
Solucão valida: Sim
====================================================================================================================

