
 ===================================================RESULTADOS=========================================================
Melhor fitness final: 705
Melhor fitness possivel: 682
Tempo de execução: 112
Melhor solução encontrada: 0 75 68 2 62 73 33 63 23 56 24 49 16 51 0 4 30 74 28 22 64 42 41 43 1 6 0 45 29 5 37 20 70 60 71 36 69 61 21 47 48 0 53 11 66 65 38 10 31 39 72 58 0 26 7 8 35 14 59 19 54 13 57 15 27 52 0 12 40 9 25 55 18 50 32 44 3 17 0 67 46 34 0 
Solução encontrada considerada boa
GAP de 3.37243
Numero maximo de geracoes sem evolucao: 379
Solucão valida: Sim
====================================================================================================================


 ===================================================RESULTADOS=========================================================
Melhor fitness final: 713
Melhor fitness possivel: 682
Tempo de execução: 110
Melhor solução encontrada: 0 26 34 46 8 52 27 57 15 5 48 29 45 0 40 31 55 25 50 18 24 49 56 23 63 16 51 0 13 54 19 14 59 66 11 53 35 7 0 17 3 44 32 9 39 72 10 65 38 58 12 0 30 74 21 47 36 37 20 70 60 71 69 61 28 68 0 6 33 73 1 43 41 42 64 22 62 2 75 0 4 67 0 
Solução encontrada considerada boa
GAP de 4.54545
Numero maximo de geracoes sem evolucao: 29
Solucão valida: Sim
====================================================================================================================


 ===================================================RESULTADOS=========================================================
Melhor fitness final: 730
Melhor fitness possivel: 682
Tempo de execução: 93
Melhor solução encontrada: 0 3 44 32 9 39 72 31 10 38 58 26 0 75 68 2 74 21 28 62 73 33 63 16 51 0 1 43 42 64 41 56 23 49 24 18 55 25 50 0 4 30 48 47 15 57 13 54 19 8 46 34 0 67 35 14 59 66 65 11 53 7 0 6 22 61 69 36 71 60 70 20 37 5 29 45 27 52 0 17 40 12 0 
Solução encontrada considerada mediana
GAP de 7.03812
Numero maximo de geracoes sem evolucao: 465
Solucão valida: Sim
====================================================================================================================


 ===================================================RESULTADOS=========================================================
Melhor fitness final: 717
Melhor fitness possivel: 682
Tempo de execução: 118
Melhor solução encontrada: 0 68 2 73 62 28 22 42 64 61 21 74 30 0 75 48 47 36 69 71 60 70 20 37 57 15 5 29 45 0 53 11 59 66 65 38 10 58 72 12 0 26 7 8 35 14 19 54 13 27 52 46 34 0 17 32 9 39 31 55 25 50 18 24 49 51 0 40 44 3 16 63 23 56 41 43 1 33 6 0 4 67 0 
Solução encontrada considerada mediana
GAP de 5.13196
Numero maximo de geracoes sem evolucao: 1479
Solucão valida: Sim
====================================================================================================================


 ===================================================RESULTADOS=========================================================
Melhor fitness final: 702
Melhor fitness possivel: 682
Tempo de execução: 105
Melhor solução encontrada: 0 6 33 63 23 56 41 43 42 64 22 62 1 73 0 17 3 44 32 50 25 55 18 24 49 16 51 0 46 8 35 14 59 66 11 53 7 0 19 54 13 57 15 20 70 60 71 37 5 29 45 4 0 30 48 47 36 69 21 61 28 74 2 68 75 0 40 9 39 31 65 38 10 58 72 12 26 0 27 52 34 67 0 
Solução encontrada considerada boa
GAP de 2.93255
Numero maximo de geracoes sem evolucao: 31
Solucão valida: Sim
====================================================================================================================


 ===================================================RESULTADOS=========================================================
Melhor fitness final: 710
Melhor fitness possivel: 682
Tempo de execução: 105
Melhor solução encontrada: 0 30 48 47 21 69 36 71 60 70 20 37 5 29 0 12 72 39 9 25 55 31 10 38 58 26 0 33 63 23 56 49 24 18 50 32 44 3 16 0 7 35 53 11 65 66 59 14 19 8 0 67 34 46 52 27 13 54 57 15 45 4 0 74 28 61 22 64 42 41 43 1 73 62 2 68 0 75 6 51 40 17 0 
Solução encontrada considerada boa
GAP de 4.10557
Numero maximo de geracoes sem evolucao: 2566
Solucão valida: Sim
====================================================================================================================


 ===================================================RESULTADOS=========================================================
Melhor fitness final: 726
Melhor fitness possivel: 682
Tempo de execução: 106
Melhor solução encontrada: 0 30 74 62 73 1 43 42 64 41 56 23 63 33 0 12 58 10 72 39 9 32 44 3 40 17 0 6 2 28 22 61 69 36 71 60 70 20 37 27 52 0 26 7 53 11 59 14 35 8 46 34 0 51 16 49 24 18 50 25 55 31 66 65 38 0 67 19 54 13 57 15 5 47 21 48 29 45 0 75 68 4 0 
Solução encontrada considerada mediana
GAP de 6.45161
Numero maximo de geracoes sem evolucao: 45
Solucão valida: Sim
====================================================================================================================


 ===================================================RESULTADOS=========================================================
Melhor fitness final: 706
Melhor fitness possivel: 682
Tempo de execução: 103
Melhor solução encontrada: 0 7 53 11 38 65 66 59 14 35 0 6 33 63 1 43 41 42 64 22 62 73 2 68 0 46 8 19 54 13 57 15 5 48 29 45 27 52 0 16 23 56 49 24 18 50 25 55 31 10 58 72 0 17 51 3 44 32 9 39 40 12 26 0 28 61 69 71 60 70 20 37 36 47 21 74 30 0 67 34 4 75 0 
Solução encontrada considerada boa
GAP de 3.51906
Numero maximo de geracoes sem evolucao: 108
Solucão valida: Sim
====================================================================================================================


 ===================================================RESULTADOS=========================================================
Melhor fitness final: 708
Melhor fitness possivel: 682
Tempo de execução: 109
Melhor solução encontrada: 0 48 47 21 61 22 64 42 41 43 1 2 68 0 45 29 5 36 69 71 60 70 20 37 15 57 13 27 52 0 11 66 65 38 10 31 39 72 58 12 0 30 74 28 62 73 33 63 23 56 24 49 16 51 0 34 46 8 54 19 59 14 53 35 7 26 0 17 40 9 25 55 18 50 32 44 3 6 0 75 4 67 0 
Solução encontrada considerada boa
GAP de 3.81232
Numero maximo de geracoes sem evolucao: 913
Solucão valida: Sim
====================================================================================================================


 ===================================================RESULTADOS=========================================================
Melhor fitness final: 718
Melhor fitness possivel: 682
Tempo de execução: 107
Melhor solução encontrada: 0 38 65 66 31 55 25 50 18 24 49 56 23 0 34 46 8 35 14 59 11 53 7 26 0 27 52 19 54 13 57 15 20 70 60 71 37 5 29 45 0 12 58 10 72 39 9 32 44 3 40 17 0 6 33 73 62 22 64 42 41 43 1 63 16 51 0 75 30 48 47 36 69 21 61 28 74 2 68 0 4 67 0 
Solução encontrada considerada mediana
GAP de 5.27859
Numero maximo de geracoes sem evolucao: 1523
Solucão valida: Sim
====================================================================================================================

