
 ===================================================RESULTADOS=========================================================
Melhor fitness final: 703
Melhor fitness possivel: 682
Tempo de execução: 58
Melhor solução encontrada: 0 33 63 16 49 24 18 55 25 50 32 44 3 51 0 17 40 9 39 31 10 38 58 72 12 0 68 2 62 22 64 42 41 56 23 43 1 73 6 0 28 61 69 71 60 70 20 37 36 47 21 74 30 0 45 29 48 5 15 57 54 13 27 52 46 34 0 8 19 14 59 66 65 11 53 35 7 0 75 4 67 26 0 
Solução encontrada considerada boa
GAP de 3.07918
Numero maximo de geracoes sem evolucao: 258
Solucão valida: Sim
====================================================================================================================


 ===================================================RESULTADOS=========================================================
Melhor fitness final: 700
Melhor fitness possivel: 682
Tempo de execução: 56
Melhor solução encontrada: 0 2 73 1 43 42 64 41 56 23 63 33 6 0 45 29 5 47 21 61 22 62 28 74 30 68 0 46 8 19 14 59 66 11 53 35 0 34 52 27 13 54 57 15 37 20 70 60 71 69 36 48 0 26 12 58 72 39 9 32 44 3 40 17 0 51 16 49 24 18 50 25 55 31 10 38 65 7 0 67 4 75 0 
Solução encontrada considerada boa
GAP de 2.6393
Numero maximo de geracoes sem evolucao: 316
Solucão valida: Sim
====================================================================================================================


 ===================================================RESULTADOS=========================================================
Melhor fitness final: 693
Melhor fitness possivel: 682
Tempo de execução: 57
Melhor solução encontrada: 0 68 30 74 28 61 21 47 48 29 45 4 0 3 44 32 50 25 55 18 24 49 56 23 63 16 51 0 26 12 72 58 10 31 39 9 40 17 0 52 27 5 37 36 69 71 60 70 20 15 57 13 54 19 35 0 8 14 59 66 65 38 11 53 7 0 6 33 73 1 43 41 42 64 22 62 2 75 0 34 46 67 0 
Solução encontrada considerada boa
GAP de 1.6129
Numero maximo de geracoes sem evolucao: 193
Solucão valida: Sim
====================================================================================================================


 ===================================================RESULTADOS=========================================================
Melhor fitness final: 702
Melhor fitness possivel: 682
Tempo de execução: 56
Melhor solução encontrada: 0 45 29 5 47 36 69 71 60 70 20 37 15 57 27 52 0 12 58 72 31 10 38 65 66 11 53 0 34 46 8 13 54 19 59 14 35 7 26 0 17 3 44 32 50 18 55 25 9 39 40 0 51 16 63 49 24 23 56 41 42 43 1 73 33 6 0 30 48 21 61 64 22 62 28 74 2 68 0 67 4 75 0 
Solução encontrada considerada boa
GAP de 2.93255
Numero maximo de geracoes sem evolucao: 969
Solucão valida: Sim
====================================================================================================================


 ===================================================RESULTADOS=========================================================
Melhor fitness final: 712
Melhor fitness possivel: 682
Tempo de execução: 56
Melhor solução encontrada: 0 33 73 62 22 61 28 74 21 47 5 29 45 0 40 39 9 25 55 18 50 32 44 3 17 0 51 16 49 24 23 56 41 64 42 43 1 63 6 0 53 11 66 65 38 31 10 58 72 12 0 67 46 8 54 19 59 14 35 7 26 0 30 48 36 69 71 60 70 20 37 15 57 13 27 52 34 0 75 68 2 4 0 
Solução encontrada considerada boa
GAP de 4.39883
Numero maximo de geracoes sem evolucao: 198
Solucão valida: Sim
====================================================================================================================


 ===================================================RESULTADOS=========================================================
Melhor fitness final: 708
Melhor fitness possivel: 682
Tempo de execução: 56
Melhor solução encontrada: 0 17 3 44 32 50 18 24 49 56 23 63 16 51 0 4 45 29 5 20 70 60 71 69 61 28 74 75 0 68 2 62 22 64 42 41 43 1 73 33 6 0 30 48 21 47 36 37 15 57 54 13 27 52 34 0 7 53 11 38 10 31 55 25 9 39 72 0 58 65 66 59 14 19 35 8 46 67 0 26 12 40 0 
Solução encontrada considerada boa
GAP de 3.81232
Numero maximo de geracoes sem evolucao: 271
Solucão valida: Sim
====================================================================================================================


 ===================================================RESULTADOS=========================================================
Melhor fitness final: 740
Melhor fitness possivel: 682
Tempo de execução: 54
Melhor solução encontrada: 0 6 1 22 61 69 36 71 60 70 20 37 5 15 57 13 54 0 3 44 32 9 39 10 65 66 38 58 0 34 52 27 45 29 48 47 21 28 74 30 0 75 68 2 62 73 33 63 16 51 17 40 12 0 43 42 64 41 56 23 49 24 18 50 25 55 31 72 0 46 8 19 14 59 11 53 35 7 26 0 4 67 0 
Solução encontrada considerada ruim
GAP de 8.5044
Numero maximo de geracoes sem evolucao: 78
Solucão valida: Sim
====================================================================================================================


 ===================================================RESULTADOS=========================================================
Melhor fitness final: 714
Melhor fitness possivel: 682
Tempo de execução: 51
Melhor solução encontrada: 0 12 72 58 10 38 65 66 11 53 26 0 7 35 14 59 19 54 8 46 34 67 0 40 9 39 31 25 55 18 50 32 17 0 6 1 22 64 42 43 41 56 23 49 24 44 3 0 48 47 21 61 28 62 73 33 63 16 51 0 45 29 5 36 69 71 60 70 20 37 15 57 13 27 52 0 4 30 74 2 68 75 0 
Solução encontrada considerada boa
GAP de 4.69208
Numero maximo de geracoes sem evolucao: 1021
Solucão valida: Sim
====================================================================================================================


 ===================================================RESULTADOS=========================================================
Melhor fitness final: 711
Melhor fitness possivel: 682
Tempo de execução: 48
Melhor solução encontrada: 0 7 53 11 38 65 66 59 14 35 0 30 74 21 69 71 60 70 20 37 36 47 48 4 0 16 63 23 56 49 24 18 50 32 44 3 40 0 67 26 58 10 31 55 25 9 39 72 12 0 46 8 19 54 13 57 15 5 29 45 27 52 34 0 73 1 43 41 42 64 22 61 28 62 2 68 0 75 6 33 51 17 0 
Solução encontrada considerada boa
GAP de 4.2522
Numero maximo de geracoes sem evolucao: 304
Solucão valida: Sim
====================================================================================================================


 ===================================================RESULTADOS=========================================================
Melhor fitness final: 705
Melhor fitness possivel: 682
Tempo de execução: 57
Melhor solução encontrada: 0 6 33 63 23 56 41 43 42 64 22 62 1 73 0 48 47 36 37 20 70 60 71 69 21 61 28 74 0 46 8 19 54 13 57 15 5 29 45 27 52 34 0 7 53 11 65 66 59 14 35 67 0 51 16 49 24 18 55 25 50 32 44 3 17 0 40 9 39 31 10 38 58 72 12 26 0 4 30 2 68 75 0 
Solução encontrada considerada boa
GAP de 3.37243
Numero maximo de geracoes sem evolucao: 187
Solucão valida: Sim
====================================================================================================================

