
 ===================================================RESULTADOS=========================================================
Melhor fitness final: 715
Melhor fitness possivel: 682
Tempo de execução: 83
Melhor solução encontrada: 0 51 33 73 62 28 74 21 47 48 30 2 0 46 8 19 54 13 57 15 5 29 45 27 52 34 0 6 1 43 41 42 64 22 61 69 36 71 60 70 20 37 0 40 3 44 32 50 18 24 49 56 23 63 16 0 67 35 14 59 66 65 11 53 7 0 26 58 38 10 31 55 25 9 39 72 12 17 0 75 68 4 0 
Solução encontrada considerada boa
GAP de 4.83871
Numero maximo de geracoes sem evolucao: 44
Solucão valida: Sim
====================================================================================================================


 ===================================================RESULTADOS=========================================================
Melhor fitness final: 734
Melhor fitness possivel: 682
Tempo de execução: 79
Melhor solução encontrada: 0 75 68 2 74 28 62 73 33 63 16 51 17 0 6 1 43 41 42 64 22 61 21 48 30 0 67 46 8 35 19 54 13 27 52 34 0 4 45 29 5 47 36 69 71 60 70 20 37 15 57 0 58 10 38 65 31 72 39 9 32 44 3 0 26 12 40 50 25 55 18 24 49 56 23 0 11 66 59 14 53 7 0 
Solução encontrada considerada mediana
GAP de 7.62463
Numero maximo de geracoes sem evolucao: 47
Solucão valida: Sim
====================================================================================================================


 ===================================================RESULTADOS=========================================================
Melhor fitness final: 707
Melhor fitness possivel: 682
Tempo de execução: 81
Melhor solução encontrada: 0 68 6 33 63 23 56 49 24 18 50 40 17 0 2 62 73 1 43 41 42 64 22 28 74 30 0 35 14 59 11 66 65 38 10 58 0 26 12 72 39 31 55 25 9 32 44 3 16 51 0 45 29 5 37 20 70 60 71 36 69 61 21 47 48 0 34 52 27 15 57 13 54 19 53 7 8 46 0 67 4 75 0 
Solução encontrada considerada boa
GAP de 3.66569
Numero maximo de geracoes sem evolucao: 93
Solucão valida: Sim
====================================================================================================================


 ===================================================RESULTADOS=========================================================
Melhor fitness final: 706
Melhor fitness possivel: 682
Tempo de execução: 81
Melhor solução encontrada: 0 51 16 63 23 56 49 24 18 50 32 44 3 0 67 8 54 19 14 59 11 53 35 7 0 4 45 29 5 47 21 61 28 74 30 68 0 58 10 38 65 66 31 55 25 9 39 72 0 6 33 73 1 43 41 42 64 22 62 2 75 0 34 46 52 27 13 57 15 37 20 70 60 71 69 36 48 0 26 12 40 17 0 
Solução encontrada considerada boa
GAP de 3.51906
Numero maximo de geracoes sem evolucao: 88
Solucão valida: Sim
====================================================================================================================


 ===================================================RESULTADOS=========================================================
Melhor fitness final: 711
Melhor fitness possivel: 682
Tempo de execução: 82
Melhor solução encontrada: 0 35 14 59 66 65 38 11 53 7 0 4 68 6 33 63 23 56 24 49 16 51 0 67 46 8 19 54 13 57 15 45 27 52 34 0 75 2 62 28 61 22 64 42 41 43 1 73 0 30 74 21 47 36 69 71 60 70 20 37 5 48 29 0 26 58 10 31 25 55 18 50 32 44 3 0 17 40 9 39 72 12 0 
Solução encontrada considerada boa
GAP de 4.2522
Numero maximo de geracoes sem evolucao: 1082
Solucão valida: Sim
====================================================================================================================


 ===================================================RESULTADOS=========================================================
Melhor fitness final: 703
Melhor fitness possivel: 682
Tempo de execução: 76
Melhor solução encontrada: 0 67 35 14 59 66 65 11 53 7 0 62 73 1 22 64 42 43 41 56 23 63 33 6 0 68 2 28 61 69 71 60 70 20 37 36 47 21 74 0 51 16 49 24 18 55 25 50 32 44 3 17 0 40 9 39 31 10 38 58 72 12 26 0 46 8 19 54 13 57 15 5 29 48 30 75 0 4 45 27 52 34 0 
Solução encontrada considerada boa
GAP de 3.07918
Numero maximo de geracoes sem evolucao: 227
Solucão valida: Sim
====================================================================================================================


 ===================================================RESULTADOS=========================================================
Melhor fitness final: 711
Melhor fitness possivel: 682
Tempo de execução: 78
Melhor solução encontrada: 0 68 2 74 21 47 36 37 5 48 30 75 0 6 33 63 23 56 41 43 42 64 22 1 73 0 4 45 29 15 57 20 70 60 71 69 61 28 62 0 58 10 38 65 66 59 11 53 7 0 67 46 8 35 14 19 54 13 27 52 34 0 16 49 24 18 50 25 55 31 9 39 72 12 26 0 17 40 32 44 3 51 0 
Solução encontrada considerada boa
GAP de 4.2522
Numero maximo de geracoes sem evolucao: 910
Solucão valida: Sim
====================================================================================================================


 ===================================================RESULTADOS=========================================================
Melhor fitness final: 697
Melhor fitness possivel: 682
Tempo de execução: 79
Melhor solução encontrada: 0 72 10 31 55 25 50 18 24 49 56 23 63 16 51 0 17 3 44 32 9 39 40 12 26 0 7 53 14 59 11 66 65 38 58 0 6 33 73 1 43 41 42 64 22 61 28 62 0 30 48 36 69 71 60 70 20 37 15 57 13 54 19 35 8 0 52 27 45 29 5 47 21 74 2 68 75 0 4 34 46 67 0 
Solução encontrada considerada boa
GAP de 2.19941
Numero maximo de geracoes sem evolucao: 301
Solucão valida: Sim
====================================================================================================================


 ===================================================RESULTADOS=========================================================
Melhor fitness final: 704
Melhor fitness possivel: 682
Tempo de execução: 78
Melhor solução encontrada: 0 49 24 18 50 25 55 31 72 39 9 32 44 3 0 51 16 63 23 56 41 64 42 43 1 73 33 6 0 34 52 27 13 54 19 14 35 8 46 67 0 4 57 15 37 20 70 60 71 69 36 5 29 45 75 0 30 48 47 21 61 22 62 28 74 2 68 0 7 53 11 59 66 65 38 10 58 0 26 12 40 17 0 
Solução encontrada considerada boa
GAP de 3.22581
Numero maximo de geracoes sem evolucao: 194
Solucão valida: Sim
====================================================================================================================


 ===================================================RESULTADOS=========================================================
Melhor fitness final: 709
Melhor fitness possivel: 682
Tempo de execução: 79
Melhor solução encontrada: 0 34 46 52 27 13 54 57 15 5 29 45 4 0 51 16 49 24 18 50 25 55 31 10 38 58 0 67 26 12 72 39 9 32 44 3 40 17 0 8 19 14 59 66 65 11 53 35 7 0 30 48 47 36 37 20 70 60 71 69 21 61 22 73 0 33 63 23 56 41 64 42 43 1 62 28 74 0 6 2 68 75 0 
Solução encontrada considerada boa
GAP de 3.95894
Numero maximo de geracoes sem evolucao: 2159
Solucão valida: Sim
====================================================================================================================

