
 ===================================================RESULTADOS=========================================================
Melhor fitness final: 1431
Melhor fitness possivel: 1373
Tempo de execução: 250
Melhor solução encontrada: 0 53 180 72 171 41 145 57 144 178 115 2 137 0 184 116 77 185 135 35 136 65 71 161 103 51 1 0 40 73 74 22 133 75 23 67 186 56 197 21 0 58 152 13 94 183 6 147 112 156 0 52 7 123 19 107 175 11 62 159 189 10 108 70 0 151 92 100 192 119 44 191 141 16 61 5 60 166 0 88 148 181 64 49 143 36 47 168 48 82 0 117 87 172 42 15 43 142 14 38 140 86 46 124 182 146 0 83 199 114 8 174 125 45 17 113 173 84 118 0 132 101 122 30 20 188 66 128 160 131 32 90 63 126 0 150 80 68 121 29 169 129 81 33 157 102 50 0 26 195 109 12 154 138 111 176 27 0 95 97 37 98 193 91 85 93 59 104 99 96 0 28 76 196 3 158 79 78 34 164 120 9 0 177 163 24 134 54 130 165 55 25 170 39 187 139 0 167 69 162 31 190 127 194 106 153 18 89 0 149 179 155 4 110 198 105 0 
Solução encontrada considerada boa
GAP de 4.22433
Numero maximo de geracoes sem evolucao: 698
Solucão valida: Sim
====================================================================================================================


 ===================================================RESULTADOS=========================================================
Melhor fitness final: 1439
Melhor fitness possivel: 1373
Tempo de execução: 249
Melhor solução encontrada: 0 198 110 4 155 139 187 39 56 197 72 73 21 0 123 19 107 36 143 49 64 63 126 90 32 131 30 122 70 0 10 189 108 160 128 20 188 103 51 157 102 0 12 109 177 80 150 158 3 77 116 196 76 184 28 0 161 71 135 35 136 65 66 181 11 175 88 0 50 33 81 9 120 164 34 78 169 129 79 185 0 2 115 178 57 144 172 42 142 14 192 119 44 141 191 91 0 60 118 5 84 125 45 174 8 114 199 83 0 27 132 176 1 101 162 31 190 127 167 146 0 13 95 94 183 6 112 156 0 59 99 104 93 85 193 100 98 37 92 151 97 117 0 153 106 194 7 48 168 47 124 46 82 18 166 89 0 152 58 40 180 149 179 195 26 105 53 0 171 74 75 186 23 67 170 25 55 165 130 54 0 52 182 148 62 159 69 111 138 154 0 68 121 29 24 163 134 133 22 41 145 15 43 87 137 0 147 173 17 113 86 140 38 16 61 96 0 
Solução encontrada considerada boa
GAP de 4.80699
Numero maximo de geracoes sem evolucao: 517
Solucão valida: Sim
====================================================================================================================


 ===================================================RESULTADOS=========================================================
Melhor fitness final: 1405
Melhor fitness possivel: 1373
Tempo de execução: 243
Melhor solução encontrada: 0 167 127 162 101 70 30 122 1 69 132 111 154 138 28 0 7 123 19 107 175 11 126 63 90 131 160 128 20 188 51 0 184 196 116 77 158 3 185 81 33 157 102 0 18 82 124 47 168 48 182 194 106 153 52 0 180 73 171 41 145 115 178 2 144 87 97 117 95 0 5 173 61 16 141 191 44 119 192 14 142 42 172 0 166 114 8 174 45 125 199 83 60 118 89 0 198 110 4 155 139 187 39 197 72 21 40 0 53 152 58 149 195 109 177 150 80 68 12 0 96 104 99 93 85 91 193 100 37 98 92 151 59 0 76 79 129 169 78 34 164 135 35 71 161 103 0 27 176 50 121 29 24 163 134 54 179 26 105 0 120 9 136 65 66 32 181 64 49 143 36 46 0 130 165 55 25 170 67 23 186 56 75 133 22 74 0 13 94 183 6 147 112 156 0 190 31 189 10 108 159 62 148 88 146 0 137 57 15 43 38 140 86 113 17 84 0 
Solução encontrada considerada boa
GAP de 2.33066
Numero maximo de geracoes sem evolucao: 612
Solucão valida: Sim
====================================================================================================================


 ===================================================RESULTADOS=========================================================
Melhor fitness final: 1429
Melhor fitness possivel: 1373
Tempo de execução: 244
Melhor solução encontrada: 0 195 54 130 165 55 25 170 67 39 187 139 186 56 0 72 197 75 23 41 15 43 38 140 113 17 45 46 82 0 48 124 168 47 36 143 49 175 107 19 123 0 167 189 108 126 63 181 64 11 159 62 148 88 0 127 190 31 162 101 70 30 122 1 176 132 27 0 156 89 166 18 153 106 194 7 182 52 146 0 147 6 96 104 99 59 151 92 97 95 94 183 0 12 109 177 150 80 68 158 3 77 116 196 76 0 102 157 33 81 185 79 129 169 121 29 24 163 134 0 86 119 192 14 142 42 172 87 144 57 178 115 2 0 120 9 161 71 65 136 35 135 164 34 78 0 93 85 16 141 44 191 91 193 100 98 37 117 0 53 145 22 133 74 171 73 21 198 110 155 4 179 0 69 10 90 32 131 160 128 20 188 66 103 51 50 0 105 26 149 180 40 58 152 137 13 112 0 118 60 83 199 114 8 174 125 84 173 61 5 0 28 138 154 184 111 0 
Solução encontrada considerada boa
GAP de 4.07866
Numero maximo de geracoes sem evolucao: 649
Solucão valida: Sim
====================================================================================================================


 ===================================================RESULTADOS=========================================================
Melhor fitness final: 1410
Melhor fitness possivel: 1373
Tempo de execução: 246
Melhor solução encontrada: 0 137 57 145 41 133 75 23 67 186 56 197 72 21 0 50 102 157 33 81 185 158 3 77 196 76 0 184 116 68 80 150 134 130 54 177 109 12 0 179 165 55 25 170 39 187 139 155 4 110 198 53 0 156 112 89 52 127 190 31 167 27 0 160 128 20 188 66 65 9 120 78 121 29 24 163 0 83 199 114 8 174 45 125 84 5 118 60 0 144 172 42 15 43 142 14 119 44 191 141 16 113 17 173 0 189 10 108 90 181 64 49 143 36 47 168 124 46 0 166 18 153 106 194 7 182 62 159 148 88 146 0 105 26 195 149 180 40 58 152 0 183 94 95 97 151 92 59 104 99 96 6 147 0 132 69 162 101 30 122 1 176 111 138 154 28 0 79 129 169 34 164 135 35 136 71 161 103 51 0 82 48 123 19 107 175 11 126 63 32 131 70 0 93 85 61 86 140 38 192 91 193 100 37 98 0 13 117 87 2 178 115 171 22 74 73 0 
Solução encontrada considerada boa
GAP de 2.69483
Numero maximo de geracoes sem evolucao: 831
Solucão valida: Sim
====================================================================================================================


 ===================================================RESULTADOS=========================================================
Melhor fitness final: 1424
Melhor fitness possivel: 1373
Tempo de execução: 248
Melhor solução encontrada: 0 176 103 161 71 135 35 136 65 66 20 1 132 0 154 138 12 109 80 150 68 116 184 111 0 59 151 92 98 37 100 193 91 85 93 99 104 96 6 0 110 155 4 139 187 39 170 67 23 186 56 0 127 190 31 162 101 70 30 122 51 9 120 185 0 172 42 14 38 140 86 16 141 191 44 119 192 117 0 10 189 108 181 63 126 159 62 148 182 88 0 28 196 77 3 158 121 29 24 163 134 177 105 53 0 76 79 129 169 78 34 164 81 33 157 102 50 0 198 197 75 133 22 41 145 171 74 72 73 21 0 61 113 17 46 36 143 49 47 168 124 48 82 146 0 147 183 94 95 97 87 144 178 115 2 0 58 152 40 180 149 179 25 55 165 130 54 195 26 0 83 199 114 8 174 45 125 84 173 5 118 60 0 69 188 128 160 131 32 90 64 11 175 107 19 123 7 0 27 167 52 194 106 153 18 166 89 112 156 0 13 142 43 15 57 137 0 
Solução encontrada considerada boa
GAP de 3.71449
Numero maximo de geracoes sem evolucao: 220
Solucão valida: Sim
====================================================================================================================


 ===================================================RESULTADOS=========================================================
Melhor fitness final: 1386
Melhor fitness possivel: 1373
Tempo de execução: 244
Melhor solução encontrada: 0 82 124 46 36 143 49 64 189 159 62 148 182 88 0 89 147 6 96 99 104 59 151 92 94 183 156 0 138 154 12 109 177 80 150 68 116 184 28 0 145 41 22 133 23 186 56 75 74 171 72 73 40 0 50 102 157 33 185 81 120 9 103 51 122 101 69 0 70 30 20 188 66 128 160 131 32 108 10 0 130 165 55 25 170 67 39 187 139 4 155 197 0 166 83 199 114 8 174 125 45 17 113 173 84 5 0 167 127 190 31 162 1 176 132 27 0 48 47 168 123 19 107 175 11 126 63 181 90 0 58 152 137 87 172 42 142 14 97 117 13 112 0 93 61 16 86 140 38 43 15 57 144 178 115 2 0 195 54 134 163 24 29 121 3 158 77 196 76 111 0 79 129 169 78 34 164 135 35 136 65 71 161 0 98 85 193 91 191 141 44 119 192 100 37 95 0 53 105 180 21 198 110 179 149 26 0 118 60 18 153 106 194 7 52 146 0 
Solução encontrada considerada boa
GAP de 0.946832
Numero maximo de geracoes sem evolucao: 755
Solucão valida: Sim
====================================================================================================================


 ===================================================RESULTADOS=========================================================
Melhor fitness final: 1426
Melhor fitness possivel: 1373
Tempo de execução: 255
Melhor solução encontrada: 0 87 100 193 91 191 141 16 61 85 98 37 117 0 93 173 17 113 86 140 38 44 119 192 14 142 42 172 0 13 58 152 40 180 149 195 26 105 53 0 188 66 65 136 35 71 161 103 102 50 0 83 199 114 8 174 45 125 84 5 118 60 0 123 19 49 143 36 46 124 47 168 48 82 153 0 162 31 190 127 52 18 166 89 112 0 72 56 186 23 41 145 15 43 57 144 178 115 2 137 0 12 54 130 165 55 25 170 67 39 187 139 179 0 106 194 7 182 148 62 159 108 10 189 88 146 0 101 70 30 51 9 120 81 129 79 185 33 157 76 0 184 196 116 77 3 158 68 150 80 177 109 0 107 175 11 64 181 63 126 90 32 131 160 128 20 122 0 28 154 138 111 176 1 132 69 167 27 156 0 198 110 155 4 197 75 133 22 74 171 73 21 0 147 6 96 104 99 59 151 92 97 95 94 183 0 134 163 24 29 121 169 78 34 164 135 0 
Solução encontrada considerada boa
GAP de 3.86016
Numero maximo de geracoes sem evolucao: 1063
Solucão valida: Sim
====================================================================================================================


 ===================================================RESULTADOS=========================================================
Melhor fitness final: 1371
Melhor fitness possivel: 1373
Tempo de execução: 243
Melhor solução encontrada: 0 6 96 99 59 98 192 119 44 140 38 14 100 37 151 92 97 0 18 199 125 45 174 124 47 168 48 82 52 0 193 91 191 141 16 86 113 17 173 84 83 166 89 0 110 155 139 39 67 23 186 56 75 197 198 0 176 1 122 30 20 188 128 160 131 32 181 90 70 0 147 60 118 5 61 85 93 104 156 0 12 109 54 130 165 55 25 170 187 4 179 195 149 0 114 8 46 36 143 49 64 63 126 11 175 107 19 123 88 0 189 10 108 159 62 148 182 7 194 106 153 0 137 2 178 115 145 41 22 133 171 74 72 73 21 0 185 79 129 169 78 34 164 120 9 81 33 157 0 183 94 95 117 87 172 42 142 43 15 57 144 13 0 27 132 69 101 162 31 190 127 167 146 112 0 66 65 136 35 135 71 161 103 51 102 50 0 138 154 26 180 40 58 152 105 53 0 68 150 80 177 134 163 24 29 121 158 3 77 116 0 28 184 196 76 111 0 
Solução encontrada considerada ruim
GAP de -0.145666
Numero maximo de geracoes sem evolucao: 339
Solucão valida: Sim
====================================================================================================================


 ===================================================RESULTADOS=========================================================
Melhor fitness final: 1428
Melhor fitness possivel: 1373
Tempo de execução: 255
Melhor solução encontrada: 0 2 115 178 57 144 172 42 142 14 192 119 44 141 191 0 111 50 102 157 51 30 70 101 31 190 127 0 195 179 197 75 133 22 171 74 72 73 21 0 106 194 7 182 123 168 47 124 48 82 153 0 1 103 161 71 35 135 9 120 81 33 185 0 122 20 188 128 160 131 32 63 126 11 175 107 19 146 0 27 176 132 69 162 189 10 159 62 148 88 52 0 198 56 186 23 67 39 4 155 149 26 0 180 145 41 15 43 38 140 86 113 17 173 84 5 89 0 76 196 77 3 158 79 129 68 150 80 116 184 0 96 99 104 93 85 61 16 91 193 100 98 37 117 0 59 92 151 97 87 137 152 58 40 105 53 0 13 95 94 183 6 147 112 156 0 154 138 12 177 54 130 165 55 25 170 187 139 110 0 118 60 83 199 125 45 8 114 166 0 66 65 136 164 34 78 169 121 29 24 163 134 109 28 0 18 174 46 36 143 49 64 181 90 108 167 0 
Solução encontrada considerada boa
GAP de 4.00583
Numero maximo de geracoes sem evolucao: 826
Solucão valida: Sim
====================================================================================================================

