GAP médio ≈ 6.79
 ===================================================RESULTADOS=========================================================
Melhor fitness final: 1140
Melhor fitness possivel: 1053
Tempo de execução: 83
Melhor solução encontrada: 0 79 129 78 34 135 35 136 65 71 66 103 122 101 1 69 132 0 27 70 30 20 128 131 32 90 63 126 108 10 31 52 146 0 112 147 6 94 95 97 87 144 57 115 2 58 0 150 80 68 121 29 24 134 54 130 55 25 67 23 0 21 73 72 74 22 41 133 75 56 39 139 4 110 0 48 124 47 36 143 49 64 11 107 19 123 0 76 116 77 3 33 81 120 9 51 102 50 0 13 137 92 91 38 140 86 61 125 45 46 8 114 83 60 0 145 15 43 142 42 100 37 98 85 93 59 99 104 96 0 105 53 40 26 149 109 12 138 111 28 0 118 5 84 17 113 16 141 44 119 14 117 0 127 88 148 62 7 106 82 18 89 0 
Solução encontrada considerada ruim
GAP de 8.26211
Numero maximo de geracoes sem evolucao: 316
Solucão valida: Sim
====================================================================================================================


 ===================================================RESULTADOS=========================================================
Melhor fitness final: 1148
Melhor fitness possivel: 1053
Tempo de execução: 82
Melhor solução encontrada: 0 130 55 25 67 23 39 139 56 75 133 22 74 0 89 60 118 5 61 16 141 91 93 99 104 96 6 0 10 108 126 63 90 32 131 128 20 66 65 136 35 121 29 24 0 127 106 7 48 47 143 36 124 82 114 18 52 146 0 31 88 148 62 123 19 107 11 64 49 46 8 83 0 111 50 102 33 9 120 81 3 77 116 76 0 79 129 78 34 135 71 103 51 122 30 70 101 1 69 132 27 0 13 117 92 37 100 42 142 14 119 44 85 98 59 0 112 94 95 97 87 144 57 2 137 58 0 68 150 80 134 54 4 110 72 73 21 40 53 0 147 84 125 45 17 113 86 140 38 43 15 41 145 115 0 28 138 12 109 149 26 105 0 
Solução encontrada considerada ruim
GAP de 9.02184
Numero maximo de geracoes sem evolucao: 518
Solucão valida: Sim
====================================================================================================================


 ===================================================RESULTADOS=========================================================
Melhor fitness final: 1115
Melhor fitness possivel: 1053
Tempo de execução: 83
Melhor solução encontrada: 0 37 100 91 61 86 140 38 14 142 42 43 15 145 41 149 26 0 110 4 139 39 56 75 133 22 74 72 73 21 40 0 112 18 83 125 45 46 8 114 82 106 52 146 0 48 124 47 36 143 49 64 11 107 19 123 7 0 28 138 12 109 116 81 33 102 50 111 0 120 9 71 65 136 35 135 34 78 129 79 3 77 76 0 94 59 98 85 93 104 99 96 6 147 0 27 69 101 70 30 131 32 90 63 126 108 10 62 148 88 0 89 60 118 5 84 17 113 16 141 44 119 92 117 0 53 105 58 137 2 115 57 144 87 97 95 13 0 23 67 25 55 130 54 134 24 29 121 68 80 150 0 127 31 122 20 128 66 103 51 1 132 0 
Solução encontrada considerada mediana
GAP de 5.88794
Numero maximo de geracoes sem evolucao: 485
Solucão valida: Sim
====================================================================================================================


 ===================================================RESULTADOS=========================================================
Melhor fitness final: 1143
Melhor fitness possivel: 1053
Tempo de execução: 84
Melhor solução encontrada: 0 52 106 7 36 143 49 64 11 107 19 123 88 31 127 0 60 83 125 45 46 124 47 48 82 8 114 18 146 0 112 94 95 97 87 144 57 115 2 40 58 0 120 9 71 65 136 35 135 34 78 129 79 3 77 76 0 101 70 30 122 51 81 33 102 50 116 68 150 80 0 54 130 134 121 29 24 55 25 67 23 145 15 43 142 42 137 0 21 73 72 74 22 41 133 75 56 39 139 4 110 0 148 62 10 108 126 63 90 32 131 128 20 66 103 69 0 53 105 26 149 109 12 138 28 111 1 132 27 0 147 6 96 104 99 93 85 98 59 0 118 5 84 17 113 16 141 44 119 91 100 37 92 0 89 61 86 140 38 14 117 13 0 
Solução encontrada considerada ruim
GAP de 8.54701
Numero maximo de geracoes sem evolucao: 435
Solucão valida: Sim
====================================================================================================================


 ===================================================RESULTADOS=========================================================
Melhor fitness final: 1139
Melhor fitness possivel: 1053
Tempo de execução: 83
Melhor solução encontrada: 0 138 12 109 80 150 68 121 29 24 134 130 54 149 0 50 102 33 81 120 34 78 129 79 3 77 116 0 94 59 37 98 85 93 99 104 96 6 147 0 105 40 2 115 57 144 87 97 95 117 13 137 58 53 0 27 127 31 88 148 62 10 108 30 122 1 111 0 26 4 139 39 67 133 22 74 72 73 21 0 110 55 25 23 56 75 41 145 15 43 142 38 140 86 61 91 100 92 0 42 14 119 44 141 16 113 17 84 5 118 60 0 146 52 106 82 114 45 125 83 89 112 0 48 124 47 19 107 11 126 63 90 32 131 70 101 69 0 28 76 9 103 71 135 35 136 65 66 128 20 51 132 0 18 8 46 36 143 49 64 123 7 0 
Solução encontrada considerada ruim
GAP de 8.16714
Numero maximo de geracoes sem evolucao: 416
Solucão valida: Sim
====================================================================================================================


 ===================================================RESULTADOS=========================================================
Melhor fitness final: 1122
Melhor fitness possivel: 1053
Tempo de execução: 87
Melhor solução encontrada: 0 127 148 62 10 108 126 63 90 32 131 30 70 101 69 0 58 2 115 145 41 22 133 23 56 75 74 72 73 53 0 105 26 149 130 55 25 67 39 139 4 110 21 40 0 52 106 82 7 88 31 76 121 29 24 134 54 109 138 0 13 87 42 142 14 119 44 140 38 43 15 57 144 137 0 93 85 61 16 86 141 91 100 37 98 0 9 120 81 33 102 50 111 0 48 124 46 47 36 143 49 64 11 107 19 123 146 0 60 118 5 84 113 17 45 125 8 114 83 18 0 28 116 77 3 79 129 78 135 35 34 68 150 80 12 0 112 94 95 117 97 92 59 104 99 96 6 147 89 0 1 51 103 71 136 65 66 128 20 122 132 27 0 
Solução encontrada considerada mediana
GAP de 6.55271
Numero maximo de geracoes sem evolucao: 1166
Solucão valida: Sim
====================================================================================================================


 ===================================================RESULTADOS=========================================================
Melhor fitness final: 1115
Melhor fitness possivel: 1053
Tempo de execução: 86
Melhor solução encontrada: 0 27 132 69 1 101 70 30 122 81 33 102 50 111 0 75 23 67 39 25 55 130 54 134 24 29 121 0 18 60 118 5 84 17 113 86 91 100 98 99 104 0 93 85 61 16 141 44 119 14 142 42 137 0 120 9 71 65 136 35 135 34 78 129 79 3 77 76 0 83 114 8 125 45 46 124 47 48 82 106 0 53 105 26 149 109 150 80 68 116 12 138 28 0 146 52 7 123 19 36 143 49 64 11 107 62 148 88 127 0 37 140 38 43 15 145 41 22 133 74 72 56 139 4 110 73 21 0 58 40 2 115 57 144 87 97 95 94 6 147 89 0 31 10 108 126 63 90 32 131 128 20 66 103 51 0 112 96 59 92 117 13 0 
Solução encontrada considerada mediana
GAP de 5.88794
Numero maximo de geracoes sem evolucao: 637
Solucão valida: Sim
====================================================================================================================


 ===================================================RESULTADOS=========================================================
Melhor fitness final: 1118
Melhor fitness possivel: 1053
Tempo de execução: 85
Melhor solução encontrada: 0 61 86 140 38 14 142 42 43 15 57 144 87 137 58 0 97 119 44 141 16 113 17 84 5 118 60 0 94 59 92 37 98 100 91 85 93 99 104 96 6 0 146 127 31 88 10 108 66 20 51 1 27 0 132 69 101 70 122 30 128 131 32 90 63 126 11 107 19 123 52 0 50 79 129 78 34 121 29 24 134 109 149 26 105 53 0 106 7 82 48 124 47 36 143 49 64 62 148 0 28 138 12 80 150 68 3 77 116 76 111 0 102 33 81 120 135 35 136 65 71 103 9 0 40 21 73 72 74 22 133 75 56 39 139 4 110 0 13 95 117 2 115 145 41 23 67 25 55 130 54 0 112 147 83 125 45 46 8 114 18 89 0 
Solução encontrada considerada mediana
GAP de 6.17284
Numero maximo de geracoes sem evolucao: 680
Solucão valida: Sim
====================================================================================================================


 ===================================================RESULTADOS=========================================================
Melhor fitness final: 1096
Melhor fitness possivel: 1053
Tempo de execução: 83
Melhor solução encontrada: 0 111 50 102 33 120 136 65 66 51 122 1 132 0 88 148 62 10 108 126 63 90 32 131 128 20 30 70 101 69 0 81 9 103 71 35 135 34 78 129 79 3 77 116 76 0 26 149 110 4 55 25 67 39 139 56 72 21 105 0 18 114 8 82 48 124 47 19 123 7 106 52 146 0 28 109 54 130 134 24 29 121 68 80 150 12 138 0 83 125 45 46 36 143 49 64 11 107 31 127 27 0 89 60 118 5 84 17 113 16 141 91 97 117 0 112 6 99 104 59 93 85 98 92 95 94 0 147 96 61 86 140 38 14 119 44 100 37 0 137 115 145 41 22 133 23 75 74 73 40 53 0 58 2 57 15 43 142 42 144 87 13 0 
Solução encontrada considerada boa
GAP de 4.08357
Numero maximo de geracoes sem evolucao: 229
Solucão valida: Sim
====================================================================================================================


 ===================================================RESULTADOS=========================================================
Melhor fitness final: 1109
Melhor fitness possivel: 1053
Tempo de execução: 84
Melhor solução encontrada: 0 1 51 120 34 135 35 136 65 66 20 30 122 70 101 132 0 53 40 73 145 41 22 133 23 67 25 55 130 54 109 0 127 31 88 148 62 10 108 126 63 90 32 131 128 69 0 134 24 29 121 78 71 103 9 81 33 102 50 111 0 118 60 83 125 45 17 113 16 141 98 92 97 117 0 26 149 110 4 139 39 56 75 74 72 21 105 0 89 18 114 8 46 36 143 49 64 11 107 19 123 7 27 0 13 95 37 100 42 142 43 15 57 115 2 144 87 137 58 0 138 12 150 80 68 129 79 3 77 116 76 28 0 147 6 96 99 104 93 59 94 112 0 85 91 44 119 14 38 140 86 61 84 5 0 82 124 47 48 106 52 146 0 
Solução encontrada considerada mediana
GAP de 5.31814
Numero maximo de geracoes sem evolucao: 269
Solucão valida: Sim
====================================================================================================================

