
 ===================================================RESULTADOS=========================================================
Melhor fitness final: 25869
Melhor fitness possivel: 25569
Tempo de execução: 131
Melhor solução encontrada: 0 7 134 83 125 103 166 16 1 0 168 72 25 66 91 162 110 57 0 169 131 92 116 84 42 157 47 0 95 163 90 26 2 89 85 63 0 17 138 115 31 123 155 170 45 0 38 99 56 100 69 94 146 50 0 156 177 40 150 97 34 118 75 0 148 112 101 120 126 6 48 174 0 153 82 74 46 81 141 172 154 0 23 135 5 105 179 24 71 55 0 52 51 29 27 122 11 143 142 0 30 79 96 171 159 80 58 21 0 152 149 140 61 65 32 44 132 0 139 22 41 160 106 59 180 145 0 39 167 87 147 37 164 15 127 0 73 130 88 68 109 98 176 124 0 60 128 9 36 158 14 137 49 0 10 178 43 111 54 64 86 62 0 19 161 107 20 93 3 102 78 0 113 4 53 33 151 35 117 175 0 13 77 136 28 119 173 129 133 0 108 12 121 70 76 18 8 144 0 114 67 165 104 0 
Solução encontrada considerada boa
GAP de 1.1733
Numero maximo de geracoes sem evolucao: 838
Solucão valida: Sim
====================================================================================================================


 ===================================================RESULTADOS=========================================================
Melhor fitness final: 25814
Melhor fitness possivel: 25569
Tempo de execução: 131
Melhor solução encontrada: 0 135 5 105 62 86 64 10 31 0 152 95 163 90 26 89 2 149 0 57 110 175 4 53 35 117 162 0 114 67 73 176 124 144 165 104 0 156 127 15 164 37 147 87 167 0 148 112 101 174 123 155 170 45 0 81 1 16 100 119 173 129 133 0 75 118 40 177 150 97 34 113 0 30 79 96 171 159 18 76 8 0 136 28 69 94 146 50 46 153 0 52 51 29 27 122 157 47 143 0 19 161 20 107 137 128 60 49 0 132 44 61 65 169 85 63 140 0 72 25 66 7 33 151 91 168 0 142 11 42 84 116 92 131 32 0 108 12 121 70 54 111 43 178 0 120 139 106 41 22 48 6 126 0 138 115 179 24 71 23 55 17 0 98 21 58 80 158 36 9 14 0 134 83 39 125 103 166 74 82 0 59 38 154 56 99 141 172 160 0 68 109 93 3 102 78 88 130 0 145 77 13 180 0 
Solução encontrada considerada boa
GAP de 0.958192
Numero maximo de geracoes sem evolucao: 303
Solucão valida: Sim
====================================================================================================================


 ===================================================RESULTADOS=========================================================
Melhor fitness final: 25820
Melhor fitness possivel: 25569
Tempo de execução: 131
Melhor solução encontrada: 0 156 177 40 150 97 34 118 75 0 49 60 128 137 107 20 161 19 0 106 160 38 154 141 172 41 22 0 23 62 64 86 121 70 12 108 0 39 103 166 146 94 50 16 1 0 145 180 59 139 120 101 112 148 0 99 56 100 69 28 119 173 129 0 168 72 25 66 91 162 175 57 0 89 85 63 61 65 32 44 132 0 104 165 144 124 176 73 67 114 0 152 51 95 163 90 26 2 149 0 55 71 135 5 105 179 24 17 0 113 4 53 33 151 35 117 110 0 14 9 36 158 80 58 21 98 0 8 76 18 159 171 96 79 30 0 52 29 27 122 157 47 143 142 0 140 169 131 92 116 84 42 11 0 7 134 83 74 46 82 153 81 0 130 88 78 102 3 93 109 68 0 126 6 48 174 123 155 170 45 0 127 15 164 37 147 87 167 125 0 138 115 10 54 111 43 178 31 0 133 136 77 13 0 
Solução encontrada considerada boa
GAP de 0.981657
Numero maximo de geracoes sem evolucao: 893
Solucão valida: Sim
====================================================================================================================


 ===================================================RESULTADOS=========================================================
Melhor fitness final: 26099
Melhor fitness possivel: 25569
Tempo de execução: 131
Melhor solução encontrada: 0 50 94 146 167 87 147 37 164 0 81 1 16 46 153 66 25 72 0 104 165 23 55 71 24 179 17 0 152 95 163 90 26 29 51 52 0 88 78 102 3 93 161 109 68 0 84 116 92 131 169 61 65 32 0 145 180 59 139 6 120 101 112 0 10 43 54 111 177 40 118 75 0 47 27 122 157 42 60 49 19 0 13 77 136 129 172 154 38 133 0 149 2 89 85 63 140 44 132 0 117 35 151 53 4 33 7 91 0 106 160 168 162 175 110 41 22 0 30 79 96 171 159 80 58 21 0 170 155 31 57 48 126 174 123 0 135 62 86 64 105 5 115 138 0 137 107 20 158 36 9 14 128 0 141 99 56 100 69 28 119 173 0 134 83 39 125 103 166 74 82 0 178 156 127 15 150 97 34 113 0 143 11 130 73 98 176 124 67 0 108 12 121 70 76 18 8 144 0 148 45 114 142 0 
Solução encontrada considerada boa
GAP de 2.07282
Numero maximo de geracoes sem evolucao: 1107
Solucão valida: Sim
====================================================================================================================


 ===================================================RESULTADOS=========================================================
Melhor fitness final: 25962
Melhor fitness possivel: 25569
Tempo de execução: 132
Melhor solução encontrada: 0 83 103 125 167 87 147 39 134 0 151 33 82 46 153 7 91 168 0 137 107 20 158 36 9 14 128 0 71 135 5 105 86 62 23 55 0 68 109 161 93 3 102 78 88 0 148 101 174 123 115 138 17 45 0 142 143 157 122 29 27 47 0 57 110 162 175 75 31 155 170 0 112 120 126 48 6 139 59 180 0 108 12 121 70 76 18 8 73 0 2 89 169 131 92 116 84 42 0 21 58 80 159 171 96 79 30 0 10 178 43 111 54 64 179 24 0 140 63 85 61 65 32 44 132 0 22 41 72 25 66 172 160 106 0 67 130 98 176 124 144 165 104 0 156 127 15 37 164 150 177 40 0 152 52 51 95 163 90 26 149 0 74 166 146 94 50 16 1 81 0 145 13 77 136 129 38 154 133 0 141 99 56 100 69 28 119 173 0 113 118 34 97 4 53 35 117 0 11 60 49 19 114 0 
Solução encontrada considerada boa
GAP de 1.53702
Numero maximo de geracoes sem evolucao: 530
Solucão valida: Sim
====================================================================================================================


 ===================================================RESULTADOS=========================================================
Melhor fitness final: 26084
Melhor fitness possivel: 25569
Tempo de execução: 131
Melhor solução encontrada: 0 121 70 76 18 159 171 80 8 0 142 19 49 128 60 11 143 47 0 152 95 163 90 29 51 52 0 141 1 16 50 94 146 166 103 0 137 14 36 158 96 79 30 9 0 104 165 144 108 12 124 67 114 0 145 13 77 136 129 38 154 133 0 75 113 118 34 97 4 53 57 0 33 134 83 74 46 82 153 81 0 39 125 167 87 147 37 164 15 0 148 101 174 123 155 170 17 45 0 25 66 91 7 151 35 117 175 0 106 160 72 162 110 168 41 22 0 68 109 93 3 102 78 88 130 0 27 122 157 42 84 89 2 149 0 55 23 62 86 64 105 179 24 0 138 115 31 178 10 5 135 71 0 161 107 20 58 21 98 176 73 0 172 99 56 100 69 28 119 173 0 132 44 61 65 169 85 63 140 0 54 127 150 40 177 156 111 43 0 112 120 126 48 6 139 59 180 0 26 116 92 131 32 0 
Solução encontrada considerada boa
GAP de 2.01416
Numero maximo de geracoes sem evolucao: 801
Solucão valida: Sim
====================================================================================================================


 ===================================================RESULTADOS=========================================================
Melhor fitness final: 25842
Melhor fitness possivel: 25569
Tempo de execução: 131
Melhor solução encontrada: 0 60 128 137 107 20 161 109 19 0 104 165 144 124 176 98 73 67 0 173 119 28 69 94 100 56 99 0 17 138 115 31 75 57 155 170 0 152 163 90 26 2 89 85 149 0 30 79 96 171 159 18 76 8 0 47 157 122 27 29 95 51 52 0 180 59 139 126 6 48 174 123 0 21 58 80 158 36 9 14 49 0 140 63 116 84 42 11 143 142 0 68 93 3 102 78 88 130 114 0 83 125 103 166 74 46 82 153 0 39 167 147 87 146 50 16 1 0 108 12 121 70 54 64 86 62 0 72 25 66 81 141 172 160 106 0 178 40 150 177 156 111 43 10 0 113 118 34 97 164 37 15 127 0 7 33 134 4 53 151 35 117 0 110 175 91 162 168 41 22 120 0 32 131 92 169 65 61 44 132 0 23 135 5 105 179 24 71 55 0 133 154 38 129 136 77 13 145 0 148 112 101 45 0 
Solução encontrada considerada boa
GAP de 1.0677
Numero maximo de geracoes sem evolucao: 556
Solucão valida: Sim
====================================================================================================================


 ===================================================RESULTADOS=========================================================
Melhor fitness final: 25867
Melhor fitness possivel: 25569
Tempo de execução: 131
Melhor solução encontrada: 0 142 19 68 109 161 49 11 143 0 180 133 59 139 120 101 112 148 0 145 13 77 136 129 38 154 106 0 51 29 84 42 157 122 27 52 0 81 1 16 50 94 146 166 82 0 14 9 36 158 96 80 58 8 0 34 97 150 40 177 156 111 43 0 153 46 74 103 125 39 83 134 0 178 10 64 86 62 105 5 135 0 30 79 171 159 18 76 70 121 0 132 140 63 85 89 2 26 90 0 130 88 78 102 21 98 176 73 0 44 32 65 61 169 131 92 116 0 138 115 179 24 71 23 55 17 0 22 41 168 72 25 66 172 160 0 93 3 20 107 137 128 60 47 0 31 75 118 113 175 162 110 57 0 173 119 28 69 100 56 99 141 0 104 165 144 108 12 124 67 114 0 91 7 33 4 53 151 35 117 0 126 6 48 174 123 155 170 45 0 167 87 147 37 164 15 127 54 0 152 95 163 149 0 
Solução encontrada considerada boa
GAP de 1.16547
Numero maximo de geracoes sem evolucao: 250
Solucão valida: Sim
====================================================================================================================


 ===================================================RESULTADOS=========================================================
Melhor fitness final: 25843
Melhor fitness possivel: 25569
Tempo de execução: 132
Melhor solução encontrada: 0 104 165 144 124 73 130 67 114 0 136 173 119 28 69 100 16 1 0 142 143 47 157 122 27 29 52 0 178 43 111 54 70 121 12 108 0 55 71 5 105 179 24 17 45 0 133 129 56 99 141 172 154 38 0 88 78 93 3 102 21 98 176 0 39 167 87 147 37 164 15 127 0 113 118 34 97 150 40 177 156 0 132 44 32 131 92 89 85 63 0 7 33 4 53 151 35 117 175 0 148 112 59 139 6 126 120 101 0 140 61 65 169 116 84 42 11 0 60 128 9 30 79 158 36 14 0 152 51 95 163 90 26 2 149 0 170 155 57 41 22 48 174 123 0 23 135 62 86 64 10 115 138 0 19 68 109 161 20 107 137 49 0 50 94 146 166 103 125 83 134 0 58 80 96 171 159 18 76 8 0 25 66 81 46 74 82 153 91 0 106 160 72 168 162 110 75 31 0 145 77 13 180 0 
Solução encontrada considerada boa
GAP de 1.07161
Numero maximo de geracoes sem evolucao: 1911
Solucão valida: Sim
====================================================================================================================


 ===================================================RESULTADOS=========================================================
Melhor fitness final: 25707
Melhor fitness possivel: 25569
Tempo de execução: 132
Melhor solução encontrada: 0 32 131 92 169 65 61 44 132 0 93 3 20 107 161 109 68 19 0 47 157 122 27 29 51 52 152 0 95 163 90 26 2 89 85 149 0 141 99 56 100 69 28 119 173 0 110 175 117 151 33 7 91 162 0 21 58 80 159 171 96 79 30 0 49 137 14 158 36 9 128 60 0 81 1 16 50 94 146 166 82 0 13 77 136 129 38 154 133 59 0 178 40 150 177 156 111 43 10 0 24 135 62 86 64 105 5 179 0 67 73 176 98 102 78 88 130 0 106 160 172 66 25 72 168 48 0 75 113 118 34 97 4 53 35 0 140 63 116 84 42 11 143 142 0 101 120 6 126 174 123 155 170 0 112 139 22 41 57 31 115 138 0 108 12 121 70 76 18 8 124 0 114 104 165 144 23 71 55 17 0 153 46 74 103 125 39 83 134 0 167 87 147 37 164 15 127 54 0 45 148 180 145 0 
Solução encontrada considerada boa
GAP de 0.539716
Numero maximo de geracoes sem evolucao: 518
Solucão valida: Sim
====================================================================================================================

