
 ===================================================RESULTADOS=========================================================
Melhor fitness final: 25939
Melhor fitness possivel: 25569
Tempo de execução: 247
Melhor solução encontrada: 0 120 139 22 41 160 106 133 59 0 149 2 26 90 163 95 51 152 0 148 112 101 174 123 155 170 45 0 104 165 144 124 176 73 67 114 0 130 102 158 36 9 14 128 60 0 153 82 46 1 16 99 56 129 0 62 86 64 54 70 121 12 108 0 91 7 151 53 4 35 117 175 0 19 68 109 161 93 3 78 88 0 50 94 69 100 119 28 173 136 0 132 32 131 92 116 84 42 11 0 52 29 27 122 157 47 143 142 0 72 25 66 81 141 172 154 38 0 34 97 150 40 177 156 111 43 0 17 24 5 105 135 23 71 55 0 98 21 80 58 20 107 137 49 0 140 63 85 89 169 65 61 44 0 33 134 83 39 164 37 15 127 0 179 10 178 118 113 75 115 138 0 8 76 18 159 171 96 79 30 0 126 6 48 168 162 110 57 31 0 74 166 146 87 147 167 125 103 0 180 13 77 145 0 
Solução encontrada considerada boa
GAP de 1.44706
Numero maximo de geracoes sem evolucao: 660
Solucão valida: Sim
====================================================================================================================


 ===================================================RESULTADOS=========================================================
Melhor fitness final: 26080
Melhor fitness possivel: 25569
Tempo de execução: 213
Melhor solução encontrada: 0 128 79 96 171 159 18 76 8 0 153 82 46 1 16 99 56 129 0 47 157 122 27 29 163 51 52 0 68 109 161 93 3 78 88 130 0 34 97 150 40 177 156 111 43 0 73 176 98 102 58 80 21 124 0 152 149 116 84 42 143 142 0 33 134 83 39 125 103 166 74 0 132 44 61 65 169 92 131 32 0 168 91 7 151 53 4 35 117 0 167 87 147 37 164 15 127 54 0 126 48 22 41 160 106 6 120 0 23 62 86 64 10 178 31 138 0 38 154 172 141 81 66 25 72 0 57 110 162 175 113 118 75 115 0 114 144 70 121 12 108 165 104 0 107 20 158 36 30 9 14 137 0 17 24 179 105 5 135 71 55 0 173 28 119 100 69 94 146 50 0 145 180 13 77 136 133 59 139 0 45 170 155 123 174 101 112 148 0 95 90 26 2 89 85 63 140 0 67 19 49 60 11 0 
Solução encontrada considerada boa
GAP de 1.99851
Numero maximo de geracoes sem evolucao: 1221
Solucão valida: Sim
====================================================================================================================


 ===================================================RESULTADOS=========================================================
Melhor fitness final: 25926
Melhor fitness possivel: 25569
Tempo de execução: 211
Melhor solução encontrada: 0 162 91 25 66 81 141 172 160 0 126 6 22 41 72 168 48 174 0 75 34 97 4 53 35 175 110 0 135 5 105 62 86 64 10 31 0 60 30 79 171 159 96 158 137 0 88 78 102 3 93 109 68 19 0 57 113 118 40 150 177 127 156 0 44 32 65 61 169 131 92 116 0 49 128 9 36 14 20 107 161 0 39 125 167 87 147 37 164 15 0 178 43 111 54 121 12 108 104 0 180 133 59 139 120 101 112 148 0 138 115 179 24 71 23 55 17 0 106 154 38 129 136 77 13 145 0 90 26 2 89 85 63 140 132 0 1 16 50 146 166 103 83 7 0 117 151 33 134 82 74 46 153 0 130 21 58 80 8 18 76 70 0 114 67 73 98 176 124 144 165 0 52 27 122 29 163 95 51 152 0 149 84 42 157 47 143 11 142 0 173 119 28 69 94 100 56 99 0 123 155 170 45 0 
Solução encontrada considerada boa
GAP de 1.39622
Numero maximo de geracoes sem evolucao: 1989
Solucão valida: Sim
====================================================================================================================


 ===================================================RESULTADOS=========================================================
Melhor fitness final: 25973
Melhor fitness possivel: 25569
Tempo de execução: 212
Melhor solução encontrada: 0 114 67 73 176 124 144 165 104 0 132 44 61 65 169 92 131 32 0 163 90 26 2 89 85 63 149 0 101 120 126 6 139 59 112 148 0 82 166 146 87 147 167 83 134 0 142 11 143 47 52 51 95 152 0 55 71 135 5 105 179 24 17 0 107 20 158 36 9 14 128 60 0 140 116 84 42 157 122 27 29 0 13 77 136 129 173 56 99 38 0 174 57 110 162 175 113 118 75 0 98 58 80 159 171 96 79 30 0 40 177 150 164 37 15 127 156 0 108 12 8 21 102 3 93 78 0 178 43 111 54 76 18 70 121 0 145 180 133 106 160 41 22 48 0 19 49 137 161 109 68 88 130 0 23 62 86 64 10 31 115 138 0 34 97 39 125 103 74 46 153 0 100 119 28 69 94 50 16 1 0 91 7 33 4 53 151 35 117 0 168 72 25 66 81 141 172 154 0 45 170 155 123 0 
Solução encontrada considerada boa
GAP de 1.58004
Numero maximo de geracoes sem evolucao: 1019
Solucão valida: Sim
====================================================================================================================


 ===================================================RESULTADOS=========================================================
Melhor fitness final: 26125
Melhor fitness possivel: 25569
Tempo de execução: 212
Melhor solução encontrada: 0 173 28 119 100 69 94 146 103 0 152 149 2 89 85 63 140 132 0 6 22 41 168 162 175 110 57 0 51 95 163 90 26 29 27 52 0 117 35 53 4 34 97 40 178 0 33 134 39 167 147 87 125 83 0 124 21 80 58 102 3 93 19 0 47 157 122 84 42 60 11 143 0 115 10 43 111 118 113 75 31 0 54 127 15 37 164 150 177 156 0 72 25 66 172 154 38 160 106 0 101 120 126 48 174 123 155 170 0 128 9 30 79 96 171 159 8 0 130 88 68 109 78 98 176 73 0 1 16 50 166 74 46 82 153 0 135 62 86 64 105 5 179 138 0 165 144 108 12 70 18 76 121 0 17 24 71 55 23 104 67 114 0 44 32 65 61 169 131 92 116 0 129 56 99 141 81 7 151 91 0 49 137 14 36 158 20 107 161 0 112 139 59 133 136 77 13 180 0 145 148 45 142 0 
Solução encontrada considerada boa
GAP de 2.17451
Numero maximo de geracoes sem evolucao: 731
Solucão valida: Sim
====================================================================================================================


 ===================================================RESULTADOS=========================================================
Melhor fitness final: 25929
Melhor fitness possivel: 25569
Tempo de execução: 215
Melhor solução encontrada: 0 118 34 97 164 37 15 127 111 0 6 22 41 168 162 175 110 57 0 104 165 144 124 176 98 73 142 0 83 103 146 94 69 28 119 173 0 128 9 30 79 96 158 36 14 0 115 178 156 177 150 40 75 31 0 113 39 147 87 167 125 134 33 0 130 88 78 102 21 58 80 8 0 172 99 56 100 1 81 66 25 0 23 62 86 64 54 43 10 138 0 13 77 136 129 38 154 160 106 0 143 11 60 49 19 67 114 0 101 126 48 174 123 155 170 45 0 55 71 135 5 105 179 24 17 0 171 159 18 76 70 121 12 108 0 132 44 61 140 63 85 89 2 0 153 82 46 74 166 50 16 141 0 32 65 169 131 92 116 84 42 0 145 180 133 59 139 120 112 148 0 157 122 27 29 26 90 163 149 0 137 107 20 3 93 161 109 68 0 117 35 4 53 151 7 91 72 0 47 52 51 95 152 0 
Solução encontrada considerada boa
GAP de 1.40795
Numero maximo de geracoes sem evolucao: 446
Solucão valida: Sim
====================================================================================================================


 ===================================================RESULTADOS=========================================================
Melhor fitness final: 26078
Melhor fitness possivel: 25569
Tempo de execução: 211
Melhor solução encontrada: 0 173 119 28 69 100 56 99 141 0 140 63 85 169 65 61 44 132 0 102 21 58 80 158 36 14 137 0 114 104 23 55 71 24 17 45 0 143 42 60 128 49 19 11 142 0 179 54 76 18 70 121 12 108 0 152 95 163 90 26 29 51 0 153 82 103 83 134 33 7 91 0 138 115 5 105 64 86 62 135 0 67 130 88 98 176 124 144 165 0 151 39 125 167 147 87 146 94 0 25 172 154 38 129 136 77 13 0 66 46 74 166 50 16 1 81 0 145 180 59 139 120 101 112 148 0 133 106 160 41 22 48 6 126 0 170 155 57 110 162 72 168 174 0 78 93 3 20 107 161 109 68 0 10 43 111 127 15 37 164 40 0 178 156 177 150 97 34 118 31 0 123 175 117 35 53 4 113 75 0 32 131 92 116 84 89 2 149 0 9 30 79 96 171 159 8 73 0 52 27 122 157 47 0 
Solução encontrada considerada boa
GAP de 1.99069
Numero maximo de geracoes sem evolucao: 653
Solucão valida: Sim
====================================================================================================================


 ===================================================RESULTADOS=========================================================
Melhor fitness final: 25987
Melhor fitness possivel: 25569
Tempo de execução: 212
Melhor solução encontrada: 0 153 46 82 83 134 33 151 117 0 1 16 50 103 125 39 53 35 0 179 5 105 64 86 62 135 23 0 132 32 131 92 116 84 42 157 0 10 43 54 111 156 178 75 57 0 108 12 121 70 76 18 8 98 0 154 172 141 81 99 56 173 38 0 104 165 144 124 176 73 67 114 0 140 63 85 89 169 65 61 44 0 155 31 115 138 24 71 55 17 0 45 170 123 174 48 126 101 148 0 107 14 9 36 158 20 102 130 0 127 15 164 37 147 87 167 7 0 30 79 96 171 159 80 58 21 0 113 118 40 177 150 97 34 4 0 142 68 109 161 93 3 78 88 0 47 60 128 137 49 19 11 143 0 168 72 25 66 91 162 175 110 0 100 119 28 69 94 146 166 74 0 152 51 95 29 122 27 52 0 180 59 133 129 136 77 13 145 0 120 6 22 41 160 106 139 112 0 163 90 26 2 149 0 
Solução encontrada considerada boa
GAP de 1.63479
Numero maximo de geracoes sem evolucao: 1062
Solucão valida: Sim
====================================================================================================================


 ===================================================RESULTADOS=========================================================
Melhor fitness final: 25903
Melhor fitness possivel: 25569
Tempo de execução: 212
Melhor solução encontrada: 0 106 154 38 129 136 77 13 145 0 148 112 139 6 48 126 120 101 0 156 127 15 37 164 150 177 40 0 76 18 159 171 96 158 36 49 0 115 43 111 54 70 121 12 108 0 114 67 130 73 124 144 165 104 0 95 163 90 26 42 11 143 142 0 88 78 102 3 93 161 109 68 0 39 125 167 147 87 146 94 50 0 107 20 58 80 8 21 98 176 0 134 83 103 166 74 46 82 153 0 47 157 122 27 29 51 52 152 0 19 137 14 9 30 79 128 60 0 133 173 119 28 69 100 56 99 0 7 33 53 4 97 34 118 113 0 57 110 175 117 35 151 91 162 0 71 24 179 105 5 135 23 55 0 160 172 141 16 1 81 66 25 0 84 116 92 131 169 61 65 32 0 132 44 140 63 85 89 2 149 0 123 174 168 72 41 22 59 180 0 138 31 75 178 10 64 86 62 0 17 155 170 45 0 
Solução encontrada considerada boa
GAP de 1.30627
Numero maximo de geracoes sem evolucao: 343
Solucão valida: Sim
====================================================================================================================


 ===================================================RESULTADOS=========================================================
Melhor fitness final: 25951
Melhor fitness possivel: 25569
Tempo de execução: 214
Melhor solução encontrada: 0 149 63 85 89 169 65 61 140 0 132 44 32 131 92 116 84 2 0 8 76 18 159 171 96 79 30 0 20 14 9 36 158 80 58 21 0 67 73 98 176 124 144 165 104 0 108 12 121 70 54 111 43 10 0 178 40 177 150 97 34 118 113 0 7 83 134 33 151 35 117 175 0 120 126 6 48 41 22 139 59 0 133 136 129 38 154 172 160 106 0 81 1 16 50 94 146 166 74 0 173 119 28 69 100 56 99 141 0 47 27 122 157 42 11 143 142 0 152 95 163 90 26 29 51 52 0 148 112 101 174 123 155 170 45 0 168 72 25 66 91 162 110 75 0 114 130 88 107 137 128 60 49 0 78 102 3 93 161 109 68 19 0 125 167 147 87 103 82 46 153 0 179 5 105 64 86 62 135 23 0 57 31 115 138 24 71 55 17 0 156 127 15 37 164 39 4 53 0 145 77 13 180 0 
Solução encontrada considerada boa
GAP de 1.494
Numero maximo de geracoes sem evolucao: 568
Solucão valida: Sim
====================================================================================================================

