
 ===================================================RESULTADOS=========================================================
Melhor fitness final: 26018
Melhor fitness possivel: 25569
Tempo de execução: 267
Melhor solução encontrada: 0 145 180 133 59 139 120 112 148 0 153 82 46 74 166 16 1 81 0 31 178 10 64 86 105 5 71 0 52 27 122 29 163 95 51 152 0 160 172 154 38 129 136 77 13 0 104 165 108 12 62 135 23 55 0 173 119 28 69 100 56 99 141 0 123 174 48 41 22 6 126 101 0 107 20 14 36 158 80 58 21 0 118 40 177 150 97 34 4 53 0 140 61 65 169 116 84 42 157 0 88 78 102 3 93 161 109 68 0 17 24 179 115 138 155 170 45 0 144 124 176 98 130 73 67 114 0 149 63 85 92 131 32 44 132 0 137 9 30 79 96 171 159 8 0 117 35 151 7 91 66 25 72 0 142 19 49 128 60 11 143 0 57 75 113 175 110 162 168 106 0 121 70 18 76 127 111 54 43 0 33 134 83 39 164 37 15 156 0 103 125 167 147 87 146 94 50 0 2 89 26 90 47 0 
Solução encontrada considerada boa
GAP de 1.75603
Numero maximo de geracoes sem evolucao: 622
Solucão valida: Sim
====================================================================================================================


 ===================================================RESULTADOS=========================================================
Melhor fitness final: 25926
Melhor fitness possivel: 25569
Tempo de execução: 268
Melhor solução encontrada: 0 178 156 177 127 121 12 108 104 0 45 170 155 123 174 48 6 126 0 53 4 39 147 87 167 125 134 0 118 34 97 164 37 15 150 40 0 68 109 93 3 102 78 88 130 0 21 158 96 79 30 36 9 14 0 49 60 128 137 107 20 161 19 0 17 24 179 105 5 135 71 55 0 100 119 28 69 94 146 103 83 0 95 163 90 26 2 85 63 140 0 70 76 18 159 171 80 58 8 0 160 172 141 81 66 25 72 41 0 57 110 175 113 75 31 115 138 0 114 67 73 98 176 124 144 165 0 133 38 154 99 56 173 129 136 0 1 16 50 166 74 46 82 153 0 168 91 7 33 151 35 117 162 0 101 120 139 22 106 59 112 148 0 132 44 61 65 169 92 131 32 0 23 62 86 64 54 111 43 10 0 52 51 29 27 122 157 47 143 0 142 11 42 84 116 89 149 152 0 180 13 77 145 0 
Solução encontrada considerada boa
GAP de 1.39622
Numero maximo de geracoes sem evolucao: 925
Solucão valida: Sim
====================================================================================================================


 ===================================================RESULTADOS=========================================================
Melhor fitness final: 25963
Melhor fitness possivel: 25569
Tempo de execução: 268
Melhor solução encontrada: 0 82 74 166 103 125 39 83 134 0 138 115 10 43 54 111 178 31 0 149 2 89 84 116 92 131 32 0 1 16 69 94 146 50 46 153 0 120 172 141 81 66 25 72 48 0 91 7 33 4 53 151 35 117 0 148 112 59 133 136 77 13 145 0 167 87 147 37 164 15 127 156 0 132 44 61 65 169 85 63 140 0 99 56 100 119 28 173 129 180 0 98 21 58 80 159 171 96 158 0 174 57 110 175 162 168 41 126 0 152 95 163 90 26 29 51 52 0 137 14 36 30 79 9 128 49 0 47 27 122 157 42 60 11 143 0 114 67 73 130 68 109 19 142 0 124 176 8 18 76 70 121 12 0 104 165 144 108 23 71 55 17 0 161 107 20 93 3 102 78 88 0 6 22 160 154 38 106 139 101 0 75 118 40 177 150 97 34 113 0 24 135 62 86 64 105 5 179 0 45 170 155 123 0 
Solução encontrada considerada boa
GAP de 1.54093
Numero maximo de geracoes sem evolucao: 561
Solucão valida: Sim
====================================================================================================================


 ===================================================RESULTADOS=========================================================
Melhor fitness final: 26064
Melhor fitness possivel: 25569
Tempo de execução: 269
Melhor solução encontrada: 0 8 171 159 18 76 127 177 118 0 143 47 157 122 27 29 51 52 0 136 129 38 154 160 106 41 22 0 134 39 147 87 167 125 103 83 0 19 68 109 161 93 3 102 78 0 49 137 14 9 30 79 128 60 0 168 72 25 66 81 1 16 141 0 178 10 64 86 62 105 5 135 0 40 150 15 37 164 97 34 113 0 138 115 31 75 175 162 110 57 0 140 63 85 116 84 42 11 142 0 108 12 121 70 54 111 156 43 0 152 95 163 90 26 89 2 149 0 107 20 36 158 96 80 58 21 0 114 67 104 23 55 71 24 179 0 153 82 46 74 166 146 94 50 0 91 7 33 4 53 151 35 117 0 165 144 124 176 98 88 130 73 0 17 170 155 123 174 48 6 126 0 45 101 120 139 133 59 112 148 0 173 119 28 69 100 56 99 172 0 132 44 61 65 169 92 131 32 0 180 13 77 145 0 
Solução encontrada considerada boa
GAP de 1.93594
Numero maximo de geracoes sem evolucao: 945
Solucão valida: Sim
====================================================================================================================


 ===================================================RESULTADOS=========================================================
Melhor fitness final: 25910
Melhor fitness possivel: 25569
Tempo de execução: 264
Melhor solução encontrada: 0 178 177 150 164 37 15 127 54 0 14 36 158 79 30 9 128 60 0 173 119 28 69 100 56 99 141 0 179 5 105 64 86 62 135 24 0 114 124 176 98 88 130 73 67 0 152 95 163 90 26 2 85 63 0 19 68 109 161 20 107 137 49 0 16 50 94 146 87 147 167 166 0 57 53 4 34 97 40 115 138 0 96 171 159 18 76 70 121 12 0 162 33 134 39 125 103 83 72 0 31 75 113 118 156 111 43 10 0 104 165 144 108 23 71 55 17 0 133 136 129 38 154 172 160 106 0 52 51 29 27 122 157 47 143 0 78 93 3 102 21 58 80 8 0 142 11 42 84 169 65 61 140 0 45 170 155 123 174 101 112 148 0 110 175 117 35 151 7 91 168 0 25 66 153 82 74 46 1 81 0 132 44 32 131 92 116 89 149 0 59 139 22 41 48 6 126 120 0 180 13 77 145 0 
Solução encontrada considerada boa
GAP de 1.33365
Numero maximo de geracoes sem evolucao: 429
Solucão valida: Sim
====================================================================================================================


 ===================================================RESULTADOS=========================================================
Melhor fitness final: 26000
Melhor fitness possivel: 25569
Tempo de execução: 257
Melhor solução encontrada: 0 45 170 155 123 174 31 115 138 0 106 160 25 66 141 172 154 38 0 19 109 161 20 107 137 128 60 0 133 129 99 56 119 28 173 136 0 100 69 94 146 50 16 1 81 0 156 177 40 150 97 34 118 113 0 83 125 103 166 74 46 82 153 0 114 104 165 144 108 12 121 23 0 49 9 30 79 96 171 159 80 0 48 57 75 178 10 64 86 62 0 7 33 134 4 53 151 35 117 0 22 41 72 91 175 110 162 168 0 127 15 164 37 147 87 167 39 0 157 122 27 29 163 95 51 52 0 44 61 65 169 89 85 63 140 0 14 36 158 58 21 98 176 73 0 142 143 47 90 26 2 149 152 0 55 71 135 5 105 179 24 17 0 124 8 18 76 70 54 111 43 0 101 120 126 6 139 59 112 148 0 68 93 3 102 78 88 130 67 0 11 42 84 116 92 131 32 132 0 180 13 77 145 0 
Solução encontrada considerada boa
GAP de 1.68563
Numero maximo de geracoes sem evolucao: 827
Solucão valida: Sim
====================================================================================================================


 ===================================================RESULTADOS=========================================================
Melhor fitness final: 25909
Melhor fitness possivel: 25569
Tempo de execução: 269
Melhor solução encontrada: 0 7 134 125 167 87 147 39 33 0 58 80 159 171 96 79 30 137 0 107 20 158 36 9 14 128 60 0 71 135 62 86 105 5 179 24 0 83 103 146 94 69 28 119 100 0 178 40 150 177 156 111 43 10 0 1 16 50 166 74 46 82 153 0 113 118 4 53 151 35 117 175 0 106 172 141 81 99 56 173 136 0 148 112 139 6 48 126 120 101 0 170 155 123 174 57 31 115 138 0 11 42 84 116 92 131 32 132 0 19 49 161 109 68 88 130 73 0 64 54 127 15 37 164 97 34 0 78 93 3 102 21 98 176 124 0 152 149 2 26 122 157 143 142 0 52 51 95 163 90 29 27 47 0 168 72 25 66 91 162 110 75 0 140 63 85 89 169 65 61 44 0 144 8 18 76 70 121 12 108 0 114 67 104 165 23 55 17 45 0 22 41 160 154 38 129 133 59 0 180 13 77 145 0 
Solução encontrada considerada boa
GAP de 1.32974
Numero maximo de geracoes sem evolucao: 653
Solucão valida: Sim
====================================================================================================================


 ===================================================RESULTADOS=========================================================
Melhor fitness final: 25907
Melhor fitness possivel: 25569
Tempo de execução: 328
Melhor solução encontrada: 0 104 165 144 124 73 130 67 114 0 148 112 59 139 6 126 120 101 0 178 156 177 150 97 34 118 113 0 140 63 85 169 65 61 44 132 0 52 51 29 27 122 11 143 142 0 23 121 70 18 76 127 111 10 0 170 155 31 75 57 48 174 123 0 133 129 38 154 160 106 41 22 0 175 117 35 151 53 4 33 7 0 99 56 100 69 28 119 173 136 0 60 128 9 36 158 14 137 49 0 46 74 166 146 94 50 16 1 0 68 109 161 93 3 102 78 88 0 168 91 134 83 125 103 82 153 0 108 12 8 159 171 96 79 30 0 149 2 89 26 90 163 95 152 0 19 107 20 58 80 21 98 176 0 40 15 164 37 147 87 167 39 0 172 141 81 66 25 72 162 110 0 32 131 92 116 84 42 157 47 0 45 138 115 179 24 71 55 17 0 135 62 86 54 43 64 105 5 0 145 77 13 180 0 
Solução encontrada considerada boa
GAP de 1.32191
Numero maximo de geracoes sem evolucao: 444
Solucão valida: Sim
====================================================================================================================


 ===================================================RESULTADOS=========================================================
Melhor fitness final: 26193
Melhor fitness possivel: 25569
Tempo de execução: 275
Melhor solução encontrada: 0 165 144 124 176 98 88 130 73 0 68 109 161 107 20 3 93 78 0 135 62 86 64 10 105 5 179 0 95 163 90 26 2 85 63 149 0 110 175 117 151 7 91 72 168 0 136 28 119 69 100 16 66 25 0 75 178 43 54 70 121 12 108 0 81 1 50 94 146 166 74 46 0 24 71 55 23 104 67 114 142 0 111 127 15 37 76 18 8 21 0 162 33 134 83 39 4 53 35 0 113 118 34 97 150 40 177 156 0 170 155 123 57 31 115 138 17 0 132 44 32 65 131 92 116 89 0 102 58 80 159 171 96 158 36 0 126 6 106 160 41 22 48 174 0 143 47 122 27 29 51 52 152 0 153 82 103 125 167 87 147 164 0 45 101 120 139 133 59 112 148 0 38 154 172 141 99 56 173 129 0 49 137 14 9 30 79 128 60 0 140 61 169 84 42 157 19 11 0 180 13 77 145 0 
Solução encontrada considerada boa
GAP de 2.44046
Numero maximo de geracoes sem evolucao: 1054
Solucão valida: Sim
====================================================================================================================


 ===================================================RESULTADOS=========================================================
Melhor fitness final: 25976
Melhor fitness possivel: 25569
Tempo de execução: 282
Melhor solução encontrada: 0 136 28 119 69 100 16 1 153 0 53 4 164 37 15 127 70 23 0 72 25 66 91 7 151 35 117 0 134 83 125 103 166 74 46 82 0 88 78 93 3 102 21 98 176 0 59 133 38 154 160 106 139 112 0 113 118 34 97 150 40 177 156 0 20 36 158 79 30 9 14 49 0 8 76 18 159 171 96 80 58 0 108 12 121 54 111 43 86 62 0 41 168 162 175 110 57 155 170 0 132 140 63 85 89 84 42 11 0 17 24 179 105 5 135 71 55 0 138 115 64 10 178 75 31 45 0 116 92 131 169 61 65 32 44 0 104 165 144 124 73 130 67 114 0 22 172 141 81 99 56 173 129 0 148 101 120 126 6 48 174 123 0 149 2 26 90 29 27 122 157 0 19 68 109 161 107 137 128 60 0 142 143 47 52 51 163 95 152 0 33 39 167 147 87 146 94 50 0 145 77 13 180 0 
Solução encontrada considerada boa
GAP de 1.59177
Numero maximo de geracoes sem evolucao: 334
Solucão valida: Sim
====================================================================================================================

