
 ===================================================RESULTADOS=========================================================
Melhor fitness final: 25783
Melhor fitness possivel: 25569
Tempo de execução: 159
Melhor solução encontrada: 0 19 137 14 9 30 79 128 60 0 7 83 103 166 146 94 50 16 0 152 95 163 90 26 29 51 52 0 124 8 18 76 70 121 12 108 0 126 6 22 41 160 106 139 120 0 118 34 97 164 37 15 127 54 0 149 2 89 85 63 140 44 132 0 48 172 154 38 129 136 133 59 0 25 66 153 82 74 46 1 81 0 67 73 176 98 21 102 78 130 0 168 72 91 117 35 53 4 113 0 32 65 61 169 131 92 116 84 0 68 109 161 107 20 3 93 88 0 17 55 71 23 144 165 104 114 0 58 80 159 171 96 158 36 49 0 24 135 62 86 64 105 5 179 0 47 27 122 157 42 11 143 142 0 10 43 111 156 177 150 40 178 0 45 170 155 123 174 101 112 148 0 141 99 56 100 69 28 119 173 0 57 110 162 175 75 31 115 138 0 151 39 147 87 167 125 134 33 0 145 77 13 180 0 
Solução encontrada considerada boa
GAP de 0.836951
Numero maximo de geracoes sem evolucao: 1026
Solucão valida: Sim
====================================================================================================================


 ===================================================RESULTADOS=========================================================
Melhor fitness final: 26003
Melhor fitness possivel: 25569
Tempo de execução: 158
Melhor solução encontrada: 0 52 27 122 29 163 95 51 152 0 57 31 115 138 179 24 71 17 0 180 133 38 129 136 77 13 145 0 176 8 18 76 70 121 12 108 0 106 160 172 141 81 66 25 72 0 142 114 67 73 124 144 165 104 0 168 91 7 83 134 33 151 162 0 148 112 101 174 123 155 170 45 0 75 113 4 53 35 117 175 110 0 23 62 86 64 105 5 135 55 0 19 68 109 161 137 49 11 143 0 44 61 65 169 116 84 42 157 0 140 63 85 89 2 26 90 0 59 139 22 41 48 6 126 120 0 47 60 128 14 107 20 3 93 0 130 98 21 80 58 102 78 88 0 54 127 15 37 164 97 34 118 0 1 16 50 94 146 166 74 46 0 154 99 56 100 69 28 119 173 0 178 40 150 177 156 111 43 10 0 9 30 79 171 159 96 158 36 0 153 82 103 125 87 147 167 39 0 132 32 131 92 149 0 
Solução encontrada considerada boa
GAP de 1.69737
Numero maximo de geracoes sem evolucao: 1459
Solucão valida: Sim
====================================================================================================================


 ===================================================RESULTADOS=========================================================
Melhor fitness final: 25792
Melhor fitness possivel: 25569
Tempo de execução: 161
Melhor solução encontrada: 0 34 97 164 37 15 127 111 54 0 55 71 135 5 105 179 24 17 0 19 49 137 161 109 68 88 130 0 167 147 87 146 94 50 16 99 0 8 80 58 21 102 3 93 78 0 60 128 79 30 9 14 20 107 0 149 2 26 90 163 95 51 152 0 81 153 82 46 74 166 1 141 0 140 63 85 89 169 65 61 44 0 132 32 131 92 116 84 42 11 0 162 91 7 151 35 117 175 110 0 123 174 48 6 126 120 101 148 0 33 134 83 103 125 39 4 53 0 165 144 124 176 98 73 67 114 0 104 108 12 121 86 64 62 23 0 136 173 119 28 69 100 56 129 0 52 29 27 122 157 47 143 142 0 113 118 40 150 177 156 43 10 0 38 154 172 66 25 72 168 57 0 36 158 96 171 159 18 76 70 0 59 133 106 160 41 22 139 112 0 45 170 155 31 75 178 115 138 0 145 77 13 180 0 
Solução encontrada considerada boa
GAP de 0.87215
Numero maximo de geracoes sem evolucao: 1327
Solucão valida: Sim
====================================================================================================================


 ===================================================RESULTADOS=========================================================
Melhor fitness final: 25744
Melhor fitness possivel: 25569
Tempo de execução: 161
Melhor solução encontrada: 0 138 115 31 174 123 155 170 45 0 110 151 33 134 82 46 153 81 0 148 112 59 139 6 126 120 101 0 132 140 169 131 92 116 84 42 0 10 43 111 156 177 150 40 178 0 118 34 97 164 37 15 127 54 0 2 89 85 63 61 65 32 44 0 21 8 18 76 70 121 12 108 0 48 168 162 91 66 25 72 41 0 93 3 20 107 161 109 68 19 0 136 173 119 28 69 100 56 99 0 102 58 80 159 171 96 79 30 0 24 135 62 86 64 105 5 179 0 39 147 87 167 125 103 83 7 0 124 176 98 78 88 130 73 67 0 152 52 51 95 163 90 26 149 0 142 143 11 157 122 29 27 47 0 60 128 9 36 158 14 137 49 0 22 106 160 172 154 38 129 133 0 141 1 16 50 94 146 166 74 0 114 104 165 144 23 71 55 17 0 75 113 4 53 35 117 175 57 0 180 13 77 145 0 
Solução encontrada considerada boa
GAP de 0.684423
Numero maximo de geracoes sem evolucao: 1377
Solucão valida: Sim
====================================================================================================================


 ===================================================RESULTADOS=========================================================
Melhor fitness final: 25918
Melhor fitness possivel: 25569
Tempo de execução: 162
Melhor solução encontrada: 0 68 93 3 102 21 78 88 130 0 70 76 18 159 171 96 79 30 0 165 144 124 176 98 73 67 114 0 7 33 134 83 103 39 4 53 0 120 126 6 48 41 22 139 112 0 149 2 89 26 90 163 95 152 0 113 34 97 164 37 15 127 54 0 125 167 147 87 146 94 50 16 0 52 51 29 27 122 157 47 143 0 57 110 175 117 35 151 91 162 0 8 58 80 158 36 9 14 49 0 60 128 137 107 20 161 109 19 0 173 119 28 69 100 56 99 141 0 71 24 179 105 5 135 23 55 0 168 72 25 172 154 160 106 59 0 45 170 155 123 174 101 148 0 145 13 77 136 129 38 133 180 0 66 153 82 46 74 166 1 81 0 62 86 64 10 178 31 115 138 0 32 131 92 116 84 42 11 142 0 43 111 156 177 150 40 118 75 0 140 63 85 169 65 61 44 132 0 17 121 12 108 104 0 
Solução encontrada considerada boa
GAP de 1.36493
Numero maximo de geracoes sem evolucao: 534
Solucão valida: Sim
====================================================================================================================


 ===================================================RESULTADOS=========================================================
Melhor fitness final: 26196
Melhor fitness possivel: 25569
Tempo de execução: 163
Melhor solução encontrada: 0 139 38 154 172 81 141 129 180 0 104 108 12 70 18 76 121 23 0 149 63 85 89 2 26 90 51 0 10 43 54 111 156 118 113 75 0 48 72 91 7 151 35 117 175 0 125 167 87 147 37 164 15 127 0 25 66 153 82 46 74 83 134 0 142 55 24 115 138 155 170 45 0 152 95 163 29 27 122 157 52 0 1 16 50 146 166 103 39 33 0 132 44 61 65 169 116 84 42 0 71 135 62 86 64 105 5 179 0 101 120 106 160 41 22 6 126 0 165 144 124 176 98 88 130 73 0 178 40 177 150 97 34 4 53 0 114 67 19 49 60 11 143 47 0 148 112 59 133 136 77 13 145 0 78 93 3 20 107 161 109 68 0 17 31 57 110 162 168 174 123 0 173 119 28 69 94 100 56 99 0 8 159 171 96 79 30 9 128 0 137 14 36 158 80 58 21 102 0 140 92 131 32 0 
Solução encontrada considerada boa
GAP de 2.45219
Numero maximo de geracoes sem evolucao: 120
Solucão valida: Sim
====================================================================================================================


 ===================================================RESULTADOS=========================================================
Melhor fitness final: 25982
Melhor fitness possivel: 25569
Tempo de execução: 163
Melhor solução encontrada: 0 20 158 96 171 159 80 58 102 0 49 14 36 30 79 9 128 60 0 99 56 100 94 69 28 119 173 0 114 67 104 55 71 24 179 17 0 142 143 11 42 84 116 63 140 0 165 144 124 176 98 88 130 73 0 152 163 90 26 2 89 85 149 0 40 177 150 164 37 15 127 156 0 113 118 34 97 4 53 35 110 0 78 21 8 18 76 70 12 108 0 22 41 168 72 154 38 129 136 0 39 125 167 147 87 146 103 83 0 19 137 107 3 93 161 109 68 0 23 121 54 111 43 10 178 75 0 170 155 31 48 6 126 174 123 0 138 115 5 105 64 86 62 135 0 32 131 92 169 65 61 44 132 0 106 160 172 141 81 66 25 162 0 57 175 117 151 33 134 7 91 0 47 157 122 27 29 95 51 52 0 148 112 59 133 139 120 101 45 0 153 82 46 74 166 50 16 1 0 145 77 13 180 0 
Solução encontrada considerada boa
GAP de 1.61524
Numero maximo de geracoes sem evolucao: 499
Solucão valida: Sim
====================================================================================================================


 ===================================================RESULTADOS=========================================================
Melhor fitness final: 26015
Melhor fitness possivel: 25569
Tempo de execução: 163
Melhor solução encontrada: 0 34 97 164 37 15 150 177 40 0 139 106 160 41 22 6 120 101 0 126 48 168 72 25 154 38 180 0 1 16 50 94 146 166 74 66 0 142 11 143 47 52 51 95 152 0 118 4 53 33 151 35 117 162 0 17 24 179 115 138 155 170 45 0 19 68 109 161 93 3 102 130 0 27 122 157 42 84 29 90 163 0 88 78 20 107 137 128 60 49 0 132 140 63 85 89 2 26 149 0 123 174 57 110 175 113 75 31 0 43 111 156 127 54 121 12 108 0 44 32 65 61 169 131 92 116 0 14 9 36 158 80 58 8 21 0 178 10 64 86 62 105 5 135 0 172 141 81 46 82 153 7 91 0 134 39 147 87 167 125 103 83 0 145 13 77 136 133 59 112 148 0 70 76 18 159 171 96 79 30 0 129 173 119 28 69 100 56 99 0 165 144 124 176 98 73 67 114 0 104 23 71 55 0 
Solução encontrada considerada boa
GAP de 1.7443
Numero maximo de geracoes sem evolucao: 1028
Solucão valida: Sim
====================================================================================================================


 ===================================================RESULTADOS=========================================================
Melhor fitness final: 26015
Melhor fitness possivel: 25569
Tempo de execução: 163
Melhor solução encontrada: 0 39 147 87 167 125 134 33 162 0 45 170 155 123 174 101 112 148 0 17 55 104 67 11 143 47 152 0 149 2 89 85 63 140 44 132 0 107 20 14 36 158 80 58 21 0 114 73 130 98 176 124 144 165 0 56 99 16 50 100 119 173 129 0 168 72 25 172 154 38 133 59 0 110 117 35 4 53 151 7 91 0 141 81 1 46 74 82 153 66 0 126 6 22 41 160 106 139 120 0 108 12 70 18 76 121 62 23 0 84 116 92 131 169 61 65 32 0 48 57 75 178 10 31 115 138 0 51 27 122 29 26 90 163 95 0 43 111 156 177 150 40 118 113 0 88 78 102 3 93 161 109 68 0 54 127 15 37 164 97 34 175 0 136 28 69 94 146 166 103 83 0 137 9 30 79 96 171 159 8 0 142 19 49 128 60 42 157 52 0 24 179 5 105 64 86 135 71 0 145 77 13 180 0 
Solução encontrada considerada boa
GAP de 1.7443
Numero maximo de geracoes sem evolucao: 717
Solucão valida: Sim
====================================================================================================================


 ===================================================RESULTADOS=========================================================
Melhor fitness final: 25963
Melhor fitness possivel: 25569
Tempo de execução: 164
Melhor solução encontrada: 0 138 179 5 105 62 23 71 55 0 45 101 120 139 133 59 112 148 0 22 41 106 160 154 38 129 136 0 68 109 161 93 3 102 78 88 0 24 135 64 86 121 12 108 104 0 47 157 122 27 29 51 52 152 0 32 131 92 169 65 61 44 132 0 167 87 147 37 164 15 127 54 0 10 43 111 156 40 118 75 31 0 70 76 18 8 80 58 21 130 0 114 67 73 98 176 124 144 165 0 49 60 128 14 20 107 137 19 0 9 30 79 171 159 96 158 36 0 57 113 34 97 150 177 178 115 0 56 99 16 100 69 28 119 173 0 172 141 1 46 74 82 153 81 0 110 175 162 91 66 25 72 168 0 142 143 11 42 84 116 89 149 0 50 94 146 166 103 125 39 83 0 140 63 85 2 26 90 163 95 0 17 170 155 123 174 48 6 126 0 7 33 134 4 53 151 35 117 0 180 13 77 145 0 
Solução encontrada considerada boa
GAP de 1.54093
Numero maximo de geracoes sem evolucao: 1875
Solucão valida: Sim
====================================================================================================================

