
 ===================================================RESULTADOS=========================================================
Melhor fitness final: 1814
Melhor fitness possivel: 1763
Tempo de execução: 63
Melhor solução encontrada: 0 46 25 41 47 19 26 35 65 69 56 55 15 33 64 0 71 14 48 18 79 28 52 0 30 78 68 43 16 61 57 75 20 31 0 10 11 34 2 37 8 6 24 0 12 44 5 23 62 63 0 49 38 58 76 70 66 67 73 0 42 74 17 27 59 29 0 36 53 39 60 3 77 51 13 0 50 32 4 45 22 9 54 72 0 1 7 21 40 0 
Solução encontrada considerada boa
GAP de 2.8928
Numero maximo de geracoes sem evolucao: 54
Solucão valida: Sim
====================================================================================================================


 ===================================================RESULTADOS=========================================================
Melhor fitness final: 1811
Melhor fitness possivel: 1763
Tempo de execução: 53
Melhor solução encontrada: 0 27 20 75 57 61 16 43 68 8 78 0 58 32 4 22 45 50 76 70 0 13 12 44 5 29 74 42 0 62 11 34 37 2 52 63 0 71 28 79 18 48 14 10 0 3 60 46 41 15 33 64 39 77 51 0 23 24 6 30 59 31 17 0 25 47 19 26 35 65 69 56 55 9 54 72 0 49 38 66 67 53 36 73 0 1 7 21 40 0 
Solução encontrada considerada boa
GAP de 2.72263
Numero maximo de geracoes sem evolucao: 548
Solucão valida: Sim
====================================================================================================================


 ===================================================RESULTADOS=========================================================
Melhor fitness final: 1803
Melhor fitness possivel: 1763
Tempo de execução: 49
Melhor solução encontrada: 0 52 28 79 18 48 14 71 0 24 6 8 37 2 34 11 10 0 31 20 75 57 61 16 43 68 78 30 0 12 44 5 23 62 63 0 42 53 67 66 38 73 49 0 36 70 72 54 9 55 56 69 65 35 26 19 47 15 33 0 3 39 46 25 41 64 77 51 0 60 17 27 59 29 74 13 0 76 50 45 22 4 32 58 0 1 7 21 40 0 
Solução encontrada considerada boa
GAP de 2.26886
Numero maximo de geracoes sem evolucao: 43
Solucão valida: Sim
====================================================================================================================


 ===================================================RESULTADOS=========================================================
Melhor fitness final: 1810
Melhor fitness possivel: 1763
Tempo de execução: 64
Melhor solução encontrada: 0 27 59 75 20 78 8 37 2 34 0 58 32 4 22 45 50 76 70 0 53 64 46 25 41 15 55 9 54 72 0 71 14 48 18 79 28 52 0 68 43 16 61 57 19 26 35 65 69 56 47 33 0 42 51 77 39 60 3 13 0 62 23 12 44 5 29 74 0 1 7 10 21 40 0 17 31 30 6 24 11 63 0 49 38 66 67 36 73 0 
Solução encontrada considerada boa
GAP de 2.66591
Numero maximo de geracoes sem evolucao: 1192
Solucão valida: Sim
====================================================================================================================


 ===================================================RESULTADOS=========================================================
Melhor fitness final: 1816
Melhor fitness possivel: 1763
Tempo de execução: 59
Melhor solução encontrada: 0 10 11 34 2 37 8 6 24 0 71 14 48 18 79 28 52 0 60 39 64 46 59 27 31 17 0 9 55 56 69 65 35 26 19 47 41 25 0 72 54 33 15 75 20 57 61 16 43 68 78 30 0 63 62 23 12 44 5 29 0 58 32 4 22 45 50 76 70 0 36 53 67 66 38 73 49 0 42 51 77 3 74 13 0 1 7 21 40 0 
Solução encontrada considerada boa
GAP de 3.00624
Numero maximo de geracoes sem evolucao: 25
Solucão valida: Sim
====================================================================================================================


 ===================================================RESULTADOS=========================================================
Melhor fitness final: 1801
Melhor fitness possivel: 1763
Tempo de execução: 57
Melhor solução encontrada: 0 42 53 67 66 38 73 49 0 68 43 16 61 57 19 47 26 35 65 69 56 33 0 36 72 54 9 55 15 41 25 46 64 77 0 74 60 39 3 51 0 63 11 24 6 30 23 0 10 71 28 79 18 48 14 0 17 31 75 20 78 8 37 2 34 52 0 70 76 50 45 22 4 32 58 0 62 12 44 5 59 27 29 13 0 1 7 21 40 0 
Solução encontrada considerada boa
GAP de 2.15542
Numero maximo de geracoes sem evolucao: 333
Solucão valida: Sim
====================================================================================================================


 ===================================================RESULTADOS=========================================================
Melhor fitness final: 1797
Melhor fitness possivel: 1763
Tempo de execução: 56
Melhor solução encontrada: 0 70 76 50 45 22 4 32 58 0 63 52 34 2 37 8 78 20 75 31 0 68 43 16 61 57 19 47 26 35 65 69 56 33 0 49 73 38 67 66 53 42 0 13 74 60 39 3 51 0 36 72 54 9 55 15 41 25 46 64 77 0 29 17 27 59 5 44 12 0 71 28 79 18 48 14 10 0 11 24 6 30 23 62 0 40 21 7 1 0 
Solução encontrada considerada boa
GAP de 1.92853
Numero maximo de geracoes sem evolucao: 1399
Solucão valida: Sim
====================================================================================================================


 ===================================================RESULTADOS=========================================================
Melhor fitness final: 1800
Melhor fitness possivel: 1763
Tempo de execução: 56
Melhor solução encontrada: 0 3 74 29 27 59 5 44 0 58 32 4 22 45 50 76 70 0 13 12 23 62 63 10 0 42 53 67 66 36 73 49 0 11 34 2 37 8 24 6 30 0 71 14 48 18 79 28 52 0 38 72 54 9 55 56 69 65 35 26 47 15 33 64 0 51 77 39 60 41 25 46 31 17 0 20 75 19 57 61 16 43 68 78 0 40 21 7 1 0 
Solução encontrada considerada boa
GAP de 2.0987
Numero maximo de geracoes sem evolucao: 973
Solucão valida: Sim
====================================================================================================================


 ===================================================RESULTADOS=========================================================
Melhor fitness final: 1810
Melhor fitness possivel: 1763
Tempo de execução: 57
Melhor solução encontrada: 0 63 11 24 6 30 31 17 0 27 59 75 20 78 8 37 2 34 0 68 43 16 61 57 19 26 35 65 69 56 47 33 0 58 32 4 22 45 50 76 70 0 40 21 10 7 1 0 62 23 12 44 5 29 74 0 53 64 46 25 41 15 55 9 54 72 0 42 51 77 39 60 3 13 0 52 28 79 18 48 14 71 0 73 36 67 66 38 49 0 
Solução encontrada considerada boa
GAP de 2.66591
Numero maximo de geracoes sem evolucao: 379
Solucão valida: Sim
====================================================================================================================


 ===================================================RESULTADOS=========================================================
Melhor fitness final: 1798
Melhor fitness possivel: 1763
Tempo de execução: 58
Melhor solução encontrada: 0 14 48 18 79 28 71 10 0 51 77 3 39 60 74 13 0 63 52 34 2 37 8 78 20 75 31 0 29 17 27 59 5 44 12 0 42 36 67 66 38 73 49 0 68 43 16 61 57 19 26 35 65 69 56 47 33 0 58 32 4 22 45 50 76 70 0 72 54 9 55 15 41 25 46 64 53 0 62 23 30 6 24 11 0 1 7 21 40 0 
Solução encontrada considerada boa
GAP de 1.98525
Numero maximo de geracoes sem evolucao: 624
Solucão valida: Sim
====================================================================================================================

