
 ===================================================RESULTADOS=========================================================
Melhor fitness final: 1849
Melhor fitness possivel: 1763
Tempo de execução: 119
Melhor solução encontrada: 0 39 60 17 5 29 74 0 30 78 68 43 16 61 57 26 35 65 69 56 47 31 0 36 53 3 51 42 13 0 12 44 23 62 63 71 10 0 59 8 37 2 34 24 6 0 27 20 75 19 25 46 41 15 55 33 64 77 0 50 32 4 45 22 9 54 72 0 11 52 28 79 18 48 14 0 49 38 58 76 70 66 67 73 0 40 21 7 1 0 
Solução encontrada considerada boa
GAP de 4.87805
Numero maximo de geracoes sem evolucao: 1343
Solucão valida: Sim
====================================================================================================================


 ===================================================RESULTADOS=========================================================
Melhor fitness final: 1796
Melhor fitness possivel: 1763
Tempo de execução: 102
Melhor solução encontrada: 0 12 23 11 63 62 0 38 72 54 9 55 15 33 64 39 77 51 0 58 32 4 22 45 50 76 70 0 52 28 79 18 48 14 71 0 10 34 2 37 8 78 30 6 24 0 19 47 56 69 65 35 26 57 61 16 43 68 0 42 53 66 67 36 73 49 0 13 74 29 17 31 60 3 0 46 41 25 75 20 59 27 5 44 0 40 21 7 1 0 
Solução encontrada considerada boa
GAP de 1.87181
Numero maximo de geracoes sem evolucao: 523
Solucão valida: Sim
====================================================================================================================


 ===================================================RESULTADOS=========================================================
Melhor fitness final: 1768
Melhor fitness possivel: 1763
Tempo de execução: 107
Melhor solução encontrada: 0 38 72 54 9 55 41 25 46 0 14 48 18 79 28 52 11 0 31 20 75 57 19 26 35 65 69 56 47 15 33 64 77 51 0 24 6 30 59 27 17 29 0 12 44 23 62 63 71 10 0 58 32 4 22 45 50 76 70 0 5 78 61 16 43 68 8 37 2 34 0 49 73 36 66 67 53 42 0 3 39 60 74 13 0 1 7 21 40 0 
Solução encontrada considerada boa
GAP de 0.283607
Numero maximo de geracoes sem evolucao: 1012
Solucão valida: Sim
====================================================================================================================


 ===================================================RESULTADOS=========================================================
Melhor fitness final: 1798
Melhor fitness possivel: 1763
Tempo de execução: 109
Melhor solução encontrada: 0 36 70 50 45 22 4 32 58 0 49 73 38 67 66 53 42 0 10 11 34 2 37 8 6 24 0 33 56 69 65 35 26 47 19 75 20 59 27 29 0 13 74 60 39 3 77 51 0 71 14 48 18 79 28 52 0 17 31 57 61 16 43 68 78 30 0 76 72 54 9 55 15 41 25 46 64 0 63 62 23 5 44 12 0 1 7 21 40 0 
Solução encontrada considerada boa
GAP de 1.98525
Numero maximo de geracoes sem evolucao: 1709
Solucão valida: Sim
====================================================================================================================


 ===================================================RESULTADOS=========================================================
Melhor fitness final: 1806
Melhor fitness possivel: 1763
Tempo de execução: 113
Melhor solução encontrada: 0 59 19 47 26 35 65 69 56 55 9 54 0 73 36 53 67 66 70 38 49 0 42 64 33 15 41 25 46 39 77 51 0 3 60 31 17 29 74 13 0 76 72 50 45 22 4 32 58 0 63 62 23 5 44 12 0 71 14 48 18 79 28 52 0 24 6 8 37 2 34 11 10 0 27 20 75 57 61 16 43 68 78 30 0 1 7 21 40 0 
Solução encontrada considerada boa
GAP de 2.43902
Numero maximo de geracoes sem evolucao: 206
Solucão valida: Sim
====================================================================================================================


 ===================================================RESULTADOS=========================================================
Melhor fitness final: 1794
Melhor fitness possivel: 1763
Tempo de execução: 104
Melhor solução encontrada: 0 70 50 45 22 4 32 58 49 0 24 6 8 37 2 34 11 10 0 64 15 56 69 65 35 26 19 47 41 25 46 60 77 51 0 31 20 75 57 61 16 43 68 78 30 0 3 74 17 27 59 29 0 71 14 48 18 79 28 52 0 12 44 5 23 62 63 0 39 33 55 9 54 72 76 38 0 13 42 53 67 66 36 73 0 1 7 21 40 0 
Solução encontrada considerada boa
GAP de 1.75837
Numero maximo de geracoes sem evolucao: 182
Solucão valida: Sim
====================================================================================================================


 ===================================================RESULTADOS=========================================================
Melhor fitness final: 1815
Melhor fitness possivel: 1763
Tempo de execução: 111
Melhor solução encontrada: 0 10 63 11 34 2 37 8 24 0 71 14 48 18 79 28 52 0 73 58 32 4 22 45 50 70 0 20 75 19 26 35 65 69 56 47 41 25 46 77 51 0 31 57 61 16 43 68 78 30 6 0 5 59 27 17 60 3 0 36 76 72 54 9 55 15 33 64 39 0 62 23 12 44 29 74 13 0 49 38 67 66 53 42 0 1 7 21 40 0 
Solução encontrada considerada boa
GAP de 2.94952
Numero maximo de geracoes sem evolucao: 1652
Solucão valida: Sim
====================================================================================================================


 ===================================================RESULTADOS=========================================================
Melhor fitness final: 1804
Melhor fitness possivel: 1763
Tempo de execução: 103
Melhor solução encontrada: 0 36 76 72 54 9 55 33 15 41 46 64 0 31 20 75 57 26 35 65 69 56 47 19 25 77 51 0 52 28 79 18 48 14 71 0 29 17 27 59 61 16 43 68 78 0 70 50 45 22 4 32 58 73 0 24 8 37 2 34 11 63 10 0 42 53 66 67 38 49 0 3 39 60 74 13 0 62 23 6 30 5 44 12 0 1 7 21 40 0 
Solução encontrada considerada boa
GAP de 2.32558
Numero maximo de geracoes sem evolucao: 1384
Solucão valida: Sim
====================================================================================================================


 ===================================================RESULTADOS=========================================================
Melhor fitness final: 1805
Melhor fitness possivel: 1763
Tempo de execução: 112
Melhor solução encontrada: 0 10 11 34 2 37 8 6 24 0 3 74 17 27 59 29 0 49 73 36 66 67 53 42 0 12 44 5 23 62 63 0 71 14 48 18 79 28 52 0 70 76 50 45 22 4 32 58 0 38 72 54 33 15 41 46 64 39 77 51 13 0 30 78 68 43 16 61 57 75 20 31 0 9 55 56 69 65 35 26 19 47 25 60 0 40 21 7 1 0 
Solução encontrada considerada boa
GAP de 2.3823
Numero maximo de geracoes sem evolucao: 129
Solucão valida: Sim
====================================================================================================================


 ===================================================RESULTADOS=========================================================
Melhor fitness final: 1797
Melhor fitness possivel: 1763
Tempo de execução: 104
Melhor solução encontrada: 0 31 20 75 57 61 16 43 68 78 30 0 29 17 27 59 46 25 41 64 0 76 72 54 9 55 56 69 65 35 26 19 47 15 33 0 10 11 34 2 37 8 6 24 0 42 53 67 66 70 58 38 73 0 71 14 48 18 79 28 52 0 36 50 45 22 4 32 49 0 13 74 60 39 3 77 51 0 12 44 5 23 62 63 0 1 7 21 40 0 
Solução encontrada considerada boa
GAP de 1.92853
Numero maximo de geracoes sem evolucao: 345
Solucão valida: Sim
====================================================================================================================

