
 ===================================================RESULTADOS=========================================================
Melhor fitness final: 705
Melhor fitness possivel: 682
Tempo de execução: 255
Melhor solução encontrada: 0 27 13 57 15 37 20 70 60 71 69 36 5 29 45 4 0 51 16 63 23 56 41 64 42 43 1 73 33 6 0 12 58 10 72 39 9 32 44 3 40 17 0 46 8 35 7 53 14 59 19 54 52 34 0 11 66 65 38 31 55 25 50 18 24 49 0 30 48 47 21 61 22 62 28 74 2 68 0 75 67 26 0 
Solução encontrada considerada boa
GAP de 3.37243
Numero maximo de geracoes sem evolucao: 15
Solucão valida: Sim
====================================================================================================================


 ===================================================RESULTADOS=========================================================
Melhor fitness final: 698
Melhor fitness possivel: 682
Tempo de execução: 192
Melhor solução encontrada: 0 12 39 9 25 55 18 50 32 44 40 17 0 3 24 49 23 56 41 43 42 64 22 1 63 16 51 0 75 68 2 74 21 69 61 28 62 73 33 6 0 58 72 31 10 38 65 66 11 53 7 0 34 52 27 13 54 19 59 14 35 8 46 0 30 48 47 36 71 60 70 20 37 57 15 5 29 45 0 4 67 26 0 
Solução encontrada considerada boa
GAP de 2.34604
Numero maximo de geracoes sem evolucao: 1672
Solucão valida: Sim
====================================================================================================================


 ===================================================RESULTADOS=========================================================
Melhor fitness final: 724
Melhor fitness possivel: 682
Tempo de execução: 188
Melhor solução encontrada: 0 8 54 19 14 59 66 53 35 7 26 0 17 40 12 31 55 25 50 18 24 49 56 23 0 48 36 69 71 60 70 20 37 15 57 13 27 52 46 34 0 6 33 73 62 22 64 42 41 43 1 63 16 51 0 45 29 5 47 21 61 28 74 30 2 68 0 11 65 38 10 58 72 39 9 32 44 3 0 67 4 75 0 
Solução encontrada considerada mediana
GAP de 6.15836
Numero maximo de geracoes sem evolucao: 347
Solucão valida: Sim
====================================================================================================================


 ===================================================RESULTADOS=========================================================
Melhor fitness final: 708
Melhor fitness possivel: 682
Tempo de execução: 188
Melhor solução encontrada: 0 38 65 66 31 55 25 50 18 24 49 16 51 0 75 68 2 74 28 61 21 47 5 29 45 0 34 46 8 19 14 59 11 53 35 7 0 6 33 63 23 56 41 43 42 64 22 62 1 73 0 30 48 36 69 71 60 70 20 37 15 57 54 13 27 52 0 12 58 10 72 39 9 32 44 3 40 17 0 4 67 26 0 
Solução encontrada considerada boa
GAP de 3.81232
Numero maximo de geracoes sem evolucao: 729
Solucão valida: Sim
====================================================================================================================


 ===================================================RESULTADOS=========================================================
Melhor fitness final: 719
Melhor fitness possivel: 682
Tempo de execução: 187
Melhor solução encontrada: 0 51 16 63 33 73 62 28 74 30 2 68 75 0 6 23 56 49 24 18 55 25 50 32 40 12 0 1 43 41 42 64 22 61 21 47 48 29 45 0 17 3 44 9 39 72 31 10 38 58 26 0 8 19 14 59 66 65 11 53 35 7 0 52 27 13 54 57 15 37 20 70 60 71 69 36 5 4 0 67 46 34 0 
Solução encontrada considerada mediana
GAP de 5.42522
Numero maximo de geracoes sem evolucao: 610
Solucão valida: Sim
====================================================================================================================


 ===================================================RESULTADOS=========================================================
Melhor fitness final: 719
Melhor fitness possivel: 682
Tempo de execução: 195
Melhor solução encontrada: 0 4 30 48 47 21 69 61 28 74 2 68 0 11 65 38 10 58 72 39 9 32 44 3 0 7 35 53 66 59 14 19 54 8 46 0 51 16 63 1 43 41 42 64 22 62 73 33 6 0 45 29 5 36 71 60 70 20 37 15 57 13 27 52 34 0 17 40 12 31 55 25 50 18 24 49 56 23 0 26 67 75 0 
Solução encontrada considerada mediana
GAP de 5.42522
Numero maximo de geracoes sem evolucao: 32
Solucão valida: Sim
====================================================================================================================


 ===================================================RESULTADOS=========================================================
Melhor fitness final: 718
Melhor fitness possivel: 682
Tempo de execução: 202
Melhor solução encontrada: 0 58 10 38 65 66 11 59 14 35 0 16 3 44 32 50 18 55 25 31 9 39 72 12 0 33 63 1 22 64 42 43 41 56 23 49 24 51 0 34 52 27 13 54 19 53 7 8 46 67 0 57 15 5 37 20 70 60 71 36 69 61 28 62 73 6 0 75 68 2 30 74 21 47 48 29 45 4 0 17 40 26 0 
Solução encontrada considerada mediana
GAP de 5.27859
Numero maximo de geracoes sem evolucao: 306
Solucão valida: Sim
====================================================================================================================


 ===================================================RESULTADOS=========================================================
Melhor fitness final: 703
Melhor fitness possivel: 682
Tempo de execução: 189
Melhor solução encontrada: 0 30 48 47 21 61 28 74 2 68 75 0 46 35 14 59 66 65 11 53 7 0 8 19 54 13 57 15 37 20 70 60 71 69 36 5 29 45 0 17 51 33 1 43 41 42 64 22 62 73 6 0 16 63 23 56 49 24 18 50 32 44 3 40 0 12 72 39 9 25 55 31 10 38 58 26 0 67 34 52 27 4 0 
Solução encontrada considerada boa
GAP de 3.07918
Numero maximo de geracoes sem evolucao: 914
Solucão valida: Sim
====================================================================================================================


 ===================================================RESULTADOS=========================================================
Melhor fitness final: 699
Melhor fitness possivel: 682
Tempo de execução: 205
Melhor solução encontrada: 0 10 31 55 25 50 18 24 49 56 23 63 16 51 0 34 46 52 27 45 29 5 47 21 74 2 0 6 33 73 1 43 41 42 64 22 61 28 62 0 7 53 11 38 65 66 59 14 35 0 26 12 58 72 39 9 32 44 3 40 17 0 8 19 54 13 57 15 37 20 70 60 71 69 36 48 30 68 0 67 4 75 0 
Solução encontrada considerada boa
GAP de 2.49267
Numero maximo de geracoes sem evolucao: 26
Solucão valida: Sim
====================================================================================================================


 ===================================================RESULTADOS=========================================================
Melhor fitness final: 716
Melhor fitness possivel: 682
Tempo de execução: 175
Melhor solução encontrada: 0 26 12 40 31 55 25 50 18 24 49 16 51 0 30 48 36 69 71 60 70 20 37 15 57 13 27 52 34 0 46 8 54 19 14 59 66 53 35 7 0 45 29 5 47 21 61 28 62 74 2 68 0 11 65 38 10 58 72 39 9 32 44 3 0 6 33 73 1 22 64 42 43 41 56 23 63 17 0 67 4 75 0 
Solução encontrada considerada boa
GAP de 4.98534
Numero maximo de geracoes sem evolucao: 173
Solucão valida: Sim
====================================================================================================================

