
 ===================================================RESULTADOS=========================================================
Melhor fitness final: 1395
Melhor fitness possivel: 1373
Tempo de execução: 144
Melhor solução encontrada: 0 53 40 198 110 4 155 74 41 145 15 57 144 178 115 2 0 54 130 165 55 25 170 67 39 187 139 179 26 0 157 33 120 9 135 35 136 65 71 161 103 51 0 137 87 172 42 142 43 14 38 140 86 61 59 0 127 190 159 11 64 181 160 30 70 101 162 0 189 10 108 126 63 90 32 131 128 66 188 20 122 1 0 102 81 164 34 78 169 121 29 24 163 134 12 0 76 196 116 77 3 158 129 79 185 50 176 27 0 48 168 47 124 46 36 143 49 175 107 19 123 0 117 97 92 151 98 193 91 85 93 99 104 96 147 0 95 37 100 192 119 44 191 141 16 113 17 173 89 0 166 18 153 106 194 82 7 182 62 148 88 31 0 21 72 197 56 186 23 75 133 22 171 73 0 184 68 150 80 177 109 195 149 180 105 0 152 58 13 94 183 112 156 0 118 60 83 199 114 8 174 45 125 84 5 6 0 28 138 154 111 132 69 167 52 146 0 
Solução encontrada considerada boa
GAP de 1.60233
Numero maximo de geracoes sem evolucao: 337
Solucão valida: Sim
====================================================================================================================


 ===================================================RESULTADOS=========================================================
Melhor fitness final: 1405
Melhor fitness possivel: 1373
Tempo de execução: 144
Melhor solução encontrada: 0 184 76 196 116 77 3 158 68 150 80 177 109 0 166 18 82 124 168 47 36 143 49 7 194 106 153 52 0 69 70 160 131 32 90 126 63 181 64 11 62 148 88 0 30 20 188 103 71 161 9 51 111 0 118 60 83 199 114 8 174 125 84 173 5 96 0 167 10 189 108 159 175 107 19 123 182 0 152 144 57 15 43 142 119 44 141 191 192 42 172 13 0 104 99 93 85 61 16 91 193 100 37 98 59 0 40 21 72 197 56 39 187 139 4 155 110 198 0 89 147 6 183 94 95 151 92 97 117 112 156 0 157 78 34 164 120 135 35 136 65 66 128 122 0 149 179 54 130 165 55 25 170 67 23 186 75 74 0 48 46 45 17 113 86 140 38 14 87 137 0 27 132 176 1 101 162 31 190 127 146 0 134 163 24 29 121 169 129 79 185 81 33 102 50 0 58 2 178 115 145 41 22 133 171 73 180 53 0 28 138 154 12 195 26 105 0 
Solução encontrada considerada boa
GAP de 2.33066
Numero maximo de geracoes sem evolucao: 388
Solucão valida: Sim
====================================================================================================================


 ===================================================RESULTADOS=========================================================
Melhor fitness final: 1398
Melhor fitness possivel: 1373
Tempo de execução: 140
Melhor solução encontrada: 0 153 106 194 7 182 148 62 159 108 189 10 0 88 64 49 143 36 46 124 47 168 48 82 18 166 0 156 89 147 6 13 137 152 58 53 0 118 5 61 16 173 84 83 199 174 8 114 0 87 144 57 178 2 115 145 41 22 133 74 171 73 0 122 20 128 131 32 181 90 63 126 11 175 107 19 123 52 0 76 196 77 158 3 79 129 68 80 150 116 184 0 60 125 45 17 113 86 140 38 14 142 43 15 42 172 117 0 98 37 100 192 119 44 141 191 91 193 85 93 0 157 81 78 169 121 29 24 163 134 130 54 177 109 0 105 26 149 179 195 12 138 154 28 27 0 111 176 132 69 101 162 31 190 127 167 146 0 183 96 104 99 59 151 92 97 95 94 112 0 185 34 164 135 35 136 65 71 66 160 30 70 0 21 75 56 186 23 67 39 139 187 170 25 55 165 0 50 102 33 120 9 161 103 188 51 1 0 180 198 110 155 4 197 72 40 0 
Solução encontrada considerada boa
GAP de 1.82083
Numero maximo de geracoes sem evolucao: 1398
Solucão valida: Sim
====================================================================================================================


 ===================================================RESULTADOS=========================================================
Melhor fitness final: 1410
Melhor fitness possivel: 1373
Tempo de execução: 137
Melhor solução encontrada: 0 59 151 92 37 98 100 193 85 93 104 99 96 6 0 179 25 170 67 186 56 75 133 22 74 171 73 21 0 162 31 189 10 159 62 148 88 127 167 0 79 129 185 81 9 135 35 136 65 71 161 103 0 157 33 120 164 34 78 169 121 29 24 163 134 109 0 156 112 147 166 18 153 106 194 52 0 180 198 110 4 155 55 165 130 54 195 149 26 0 27 132 176 50 102 158 3 77 196 76 111 0 83 114 8 174 45 17 113 86 140 38 44 192 91 0 40 72 197 139 187 39 23 41 145 152 58 0 7 107 64 49 143 36 46 124 47 168 48 82 0 190 108 90 181 63 126 11 175 19 123 182 146 0 172 42 15 43 142 14 119 191 141 16 61 173 84 125 199 0 1 51 20 188 66 128 160 131 32 30 122 70 101 69 0 154 138 12 177 150 80 68 116 184 28 0 13 117 95 97 87 144 57 178 115 2 137 105 53 0 183 94 5 118 60 89 0 
Solução encontrada considerada boa
GAP de 2.69483
Numero maximo de geracoes sem evolucao: 393
Solucão valida: Sim
====================================================================================================================


 ===================================================RESULTADOS=========================================================
Melhor fitness final: 1389
Melhor fitness possivel: 1373
Tempo de execução: 134
Melhor solução encontrada: 0 76 196 77 158 3 79 129 68 150 80 116 184 0 86 140 38 43 15 145 41 22 133 75 74 171 21 0 183 94 95 97 87 144 57 178 115 2 137 0 127 190 31 88 7 82 124 46 174 8 114 18 0 176 51 103 161 71 66 65 136 35 135 33 157 0 167 90 126 63 64 181 32 131 160 128 188 20 122 1 0 59 151 92 37 98 100 193 91 85 93 104 99 96 6 0 10 189 108 159 62 148 182 194 106 153 52 0 166 83 199 125 45 17 113 173 84 5 118 60 0 111 50 102 81 120 9 30 70 101 162 69 132 0 185 164 34 78 169 121 29 24 163 134 177 109 12 0 61 16 141 191 44 119 192 14 142 42 172 117 13 0 198 110 39 187 139 4 155 179 195 149 26 0 54 130 165 55 25 170 67 23 186 56 197 72 73 0 154 138 28 27 146 89 147 112 156 0 48 168 47 36 143 49 175 11 107 19 123 0 53 58 152 40 180 105 0 
Solução encontrada considerada boa
GAP de 1.16533
Numero maximo de geracoes sem evolucao: 434
Solucão valida: Sim
====================================================================================================================


 ===================================================RESULTADOS=========================================================
Melhor fitness final: 1408
Melhor fitness possivel: 1373
Tempo de execução: 135
Melhor solução encontrada: 0 1 20 188 66 65 136 35 135 71 161 103 51 0 189 10 108 90 181 64 49 143 36 19 123 148 88 0 138 154 184 196 157 102 50 176 132 0 183 94 96 104 99 59 151 92 97 95 117 13 0 89 166 118 60 153 106 194 7 182 52 0 27 167 162 101 122 30 70 31 190 127 146 0 159 62 107 175 11 126 63 32 131 160 128 69 0 156 147 84 173 61 113 17 45 125 8 114 18 0 112 83 199 174 46 124 47 168 48 82 0 87 144 57 178 2 115 145 41 22 133 74 171 73 0 33 81 9 120 164 34 78 169 129 79 185 0 198 110 155 4 139 23 186 56 75 197 72 21 0 53 152 58 40 180 149 195 109 12 26 105 0 98 37 100 192 119 44 141 191 91 193 85 93 0 163 24 134 54 130 165 55 25 170 67 39 187 179 0 28 177 150 80 68 29 121 3 158 77 116 76 111 0 137 172 42 15 43 142 14 38 140 86 16 5 6 0 
Solução encontrada considerada boa
GAP de 2.54916
Numero maximo de geracoes sem evolucao: 679
Solucão valida: Sim
====================================================================================================================


 ===================================================RESULTADOS=========================================================
Melhor fitness final: 1398
Melhor fitness possivel: 1373
Tempo de execução: 131
Melhor solução encontrada: 0 131 32 181 66 71 65 136 35 135 9 157 184 0 198 110 4 155 139 187 39 186 56 197 72 21 0 86 113 17 46 36 143 49 64 11 175 107 19 123 146 0 12 109 177 150 80 68 3 158 77 116 196 76 0 102 33 81 120 164 34 78 169 129 79 185 0 162 189 10 108 90 63 126 159 62 31 190 0 137 144 57 15 43 38 140 44 119 192 14 142 42 172 87 97 117 0 183 94 95 151 92 59 99 104 96 6 147 156 0 98 37 100 193 91 191 141 16 61 85 93 0 112 13 40 180 149 179 195 26 105 53 0 152 58 2 178 115 145 41 22 133 75 74 171 0 50 51 161 103 188 20 128 160 30 122 70 101 0 89 166 18 82 124 47 168 48 7 194 106 153 0 27 69 132 1 176 111 154 138 28 0 118 60 83 199 114 8 174 45 125 84 173 5 0 73 23 67 170 25 55 165 130 54 134 163 24 29 121 0 52 182 148 88 127 167 0 
Solução encontrada considerada boa
GAP de 1.82083
Numero maximo de geracoes sem evolucao: 1092
Solucão valida: Sim
====================================================================================================================


 ===================================================RESULTADOS=========================================================
Melhor fitness final: 1377
Melhor fitness possivel: 1373
Tempo de execução: 133
Melhor solução encontrada: 0 21 198 110 4 155 139 187 39 67 170 25 55 165 0 53 105 180 40 152 58 137 13 112 156 0 66 65 136 35 135 164 34 78 169 121 29 24 163 177 109 0 90 126 63 181 32 131 160 128 188 20 30 122 1 0 79 129 185 33 81 120 9 161 71 103 51 0 2 178 115 145 41 15 43 38 140 14 142 42 172 57 144 87 0 61 16 86 113 17 46 47 168 48 82 153 0 93 85 193 91 191 141 44 119 192 100 98 37 117 0 146 52 106 194 7 182 62 159 189 10 108 70 101 0 123 19 107 175 11 64 49 143 36 124 18 166 89 0 72 197 56 186 23 75 133 22 74 171 73 0 83 199 114 8 174 45 125 84 173 5 118 60 0 183 94 95 97 151 92 59 99 104 96 6 147 0 132 69 162 31 148 88 190 127 167 27 0 154 138 12 134 54 130 179 195 149 26 0 76 196 77 158 3 68 80 150 116 184 28 0 176 157 102 50 111 0 
Solução encontrada considerada boa
GAP de 0.291333
Numero maximo de geracoes sem evolucao: 946
Solucão valida: Sim
====================================================================================================================


 ===================================================RESULTADOS=========================================================
Melhor fitness final: 1401
Melhor fitness possivel: 1373
Tempo de execução: 136
Melhor solução encontrada: 0 123 19 107 175 11 126 63 64 49 143 36 47 168 124 0 110 4 155 139 187 39 170 25 55 165 130 54 195 0 154 184 77 3 158 121 29 24 163 134 179 149 26 0 156 112 94 183 6 147 89 127 167 27 0 95 97 87 144 57 145 41 22 133 74 115 178 2 137 0 132 101 70 30 20 66 65 136 35 135 9 51 102 50 0 106 194 7 182 148 62 159 90 108 10 189 69 0 5 84 173 17 113 86 140 38 44 141 16 61 0 118 60 83 199 125 45 46 174 8 114 153 52 146 0 28 185 79 129 169 78 34 164 120 81 33 157 0 13 117 151 92 37 98 85 93 59 104 99 96 0 181 32 131 160 128 188 71 161 103 122 0 40 21 73 171 15 43 172 42 142 14 119 192 191 91 193 100 0 176 1 162 31 190 88 48 82 18 166 0 105 180 198 197 56 186 67 23 75 72 0 111 76 196 116 68 150 80 177 109 12 138 0 152 58 53 0 
Solução encontrada considerada boa
GAP de 2.03933
Numero maximo de geracoes sem evolucao: 778
Solucão valida: Sim
====================================================================================================================


 ===================================================RESULTADOS=========================================================
Melhor fitness final: 1411
Melhor fitness possivel: 1373
Tempo de execução: 136
Melhor solução encontrada: 0 2 115 178 57 144 172 42 142 14 192 119 44 16 61 6 0 40 73 74 41 145 15 43 38 140 86 141 191 91 193 100 37 0 183 94 96 5 118 60 166 18 52 167 0 76 196 77 3 158 68 150 80 116 184 28 0 171 22 133 75 56 186 23 67 170 25 55 165 0 27 132 69 162 70 30 51 33 185 79 129 169 121 29 24 163 109 0 157 81 120 9 103 66 128 160 131 32 0 105 26 180 58 152 137 13 112 156 0 198 110 155 4 139 187 39 197 72 21 53 0 89 83 199 114 8 174 125 45 17 113 173 84 147 0 122 20 188 161 71 65 136 35 135 164 34 78 0 95 59 99 104 93 85 98 92 151 97 87 117 0 31 11 64 49 143 36 46 124 47 168 48 82 0 138 154 12 177 134 54 130 179 195 149 0 101 10 189 108 90 181 63 126 159 62 148 88 146 0 127 190 182 107 175 19 123 7 194 106 153 0 176 1 102 50 111 0 
Solução encontrada considerada boa
GAP de 2.76766
Numero maximo de geracoes sem evolucao: 453
Solucão valida: Sim
====================================================================================================================

