
 ===================================================RESULTADOS=========================================================
Melhor fitness final: 1459
Melhor fitness possivel: 1373
Tempo de execução: 364
Melhor solução encontrada: 0 53 105 198 155 4 179 195 149 26 0 118 60 83 114 8 199 84 5 173 61 93 6 156 0 85 16 141 191 91 193 100 98 37 87 137 0 152 58 40 21 73 74 75 133 22 171 13 0 180 72 197 56 186 67 170 25 55 165 130 54 0 109 134 163 24 29 121 169 129 3 158 77 196 76 111 0 147 96 99 104 59 151 92 97 95 94 183 0 127 190 88 182 194 106 153 18 166 89 0 154 138 12 177 80 150 68 116 184 28 0 2 178 115 145 57 144 172 42 142 14 119 44 192 117 112 0 17 113 86 140 38 43 15 41 23 39 187 139 110 0 79 185 33 81 120 9 51 122 30 70 101 69 132 0 107 175 11 126 63 181 90 32 131 160 128 188 20 0 52 123 19 64 49 143 36 47 168 48 82 0 103 161 71 66 65 136 35 135 164 34 78 0 27 167 31 10 189 108 159 62 148 146 0 176 50 102 157 1 162 7 124 46 174 45 125 0 
Solução encontrada considerada mediana
GAP de 6.26366
Numero maximo de geracoes sem evolucao: 717
Solucão valida: Sim
====================================================================================================================


 ===================================================RESULTADOS=========================================================
Melhor fitness final: 1395
Melhor fitness possivel: 1373
Tempo de execução: 354
Melhor solução encontrada: 0 83 199 114 8 174 125 45 17 84 5 118 60 0 195 54 130 165 55 25 170 67 23 186 56 179 149 0 82 48 124 47 168 19 175 107 123 182 0 105 26 134 163 24 29 121 169 34 164 78 129 158 184 0 7 194 106 153 18 113 86 140 38 44 119 14 192 0 88 148 62 159 189 10 108 90 32 131 160 69 0 89 166 147 6 96 99 104 59 151 92 94 183 0 127 190 31 11 126 63 181 64 49 143 36 46 52 146 0 111 76 196 116 68 80 150 177 109 12 28 0 27 167 132 176 1 157 102 50 138 154 53 0 21 72 197 75 39 187 139 155 4 110 198 0 93 85 98 37 100 193 91 191 141 16 61 173 0 77 3 79 185 33 81 120 9 51 30 70 101 162 0 13 117 95 97 87 172 42 142 43 15 57 144 137 58 40 0 103 161 71 135 35 136 65 66 188 20 128 122 0 180 73 171 74 133 22 41 145 115 178 2 152 0 156 112 0 
Solução encontrada considerada boa
GAP de 1.60233
Numero maximo de geracoes sem evolucao: 847
Solucão valida: Sim
====================================================================================================================


 ===================================================RESULTADOS=========================================================
Melhor fitness final: 1398
Melhor fitness possivel: 1373
Tempo de execução: 364
Melhor solução encontrada: 0 13 92 151 37 98 193 91 85 93 59 104 99 6 0 26 149 179 4 155 139 187 170 25 55 165 130 54 0 180 110 39 67 23 186 56 75 133 22 74 0 154 138 12 109 177 150 80 68 116 196 76 0 83 199 8 174 46 36 143 49 64 181 66 128 122 1 0 112 117 97 87 144 57 178 2 115 145 41 171 73 40 0 183 96 16 141 191 44 119 14 142 43 15 42 172 137 0 78 34 164 135 35 136 65 71 161 103 188 20 0 7 123 19 107 175 11 126 63 90 32 131 160 30 70 101 0 94 95 100 192 38 140 86 113 61 147 0 184 77 3 158 79 129 169 121 29 24 163 134 195 0 176 51 9 120 81 185 33 157 102 50 111 0 89 166 60 118 5 84 173 17 45 125 114 18 0 156 153 82 124 47 168 48 194 106 52 146 0 108 10 189 159 62 148 182 88 127 27 0 167 190 31 162 69 132 28 105 58 152 0 53 21 72 197 198 0 
Solução encontrada considerada boa
GAP de 1.82083
Numero maximo de geracoes sem evolucao: 743
Solucão valida: Sim
====================================================================================================================


 ===================================================RESULTADOS=========================================================
Melhor fitness final: 1399
Melhor fitness possivel: 1373
Tempo de execução: 337
Melhor solução encontrada: 0 193 91 191 141 16 61 173 84 5 118 60 166 0 134 163 24 29 121 169 129 79 185 81 33 157 102 0 198 110 155 4 139 187 39 170 25 55 165 130 54 0 78 34 136 65 66 188 20 128 160 30 122 1 176 0 148 107 175 11 64 181 63 126 90 32 131 70 101 162 69 132 0 180 21 72 197 75 56 186 23 67 179 149 0 51 103 161 71 35 135 164 120 9 50 0 147 6 96 104 99 59 92 151 95 94 183 0 93 85 98 37 100 192 14 43 15 57 144 137 0 152 58 2 178 115 145 41 22 133 74 171 73 40 0 53 105 26 195 12 184 154 138 28 0 86 113 17 45 125 174 8 114 199 83 18 0 106 194 7 48 168 47 49 143 36 46 124 82 153 0 156 89 52 127 190 31 167 27 0 111 76 196 116 77 158 3 68 80 150 177 109 0 146 88 182 123 19 62 159 108 10 189 0 13 87 172 42 142 38 140 44 119 97 117 112 0 
Solução encontrada considerada boa
GAP de 1.89366
Numero maximo de geracoes sem evolucao: 385
Solucão valida: Sim
====================================================================================================================


 ===================================================RESULTADOS=========================================================
Melhor fitness final: 1444
Melhor fitness possivel: 1373
Tempo de execução: 331
Melhor solução encontrada: 0 27 132 69 167 52 153 18 166 89 147 112 156 0 33 81 9 51 122 30 70 101 162 31 190 127 0 111 185 120 65 136 35 135 164 34 78 169 129 79 0 123 19 107 49 143 36 47 168 124 48 82 0 198 110 155 4 56 186 75 133 22 74 171 73 21 0 2 178 115 145 41 57 15 43 142 14 38 140 44 119 192 100 117 0 106 194 7 182 62 159 108 10 189 148 88 146 0 183 96 99 104 93 59 151 92 97 95 94 0 72 197 139 187 39 23 67 170 25 55 165 0 179 130 54 134 163 24 29 121 3 158 77 196 184 0 177 150 80 68 116 76 157 102 50 1 176 0 60 118 84 173 113 17 45 125 174 8 114 199 83 0 5 85 91 193 98 37 42 172 144 87 137 13 0 103 161 71 66 188 20 128 160 131 32 0 28 138 154 12 109 195 149 26 180 40 105 0 90 126 63 181 64 11 175 46 86 141 191 16 61 6 0 58 152 53 0 
Solução encontrada considerada mediana
GAP de 5.17116
Numero maximo de geracoes sem evolucao: 384
Solucão valida: Sim
====================================================================================================================


 ===================================================RESULTADOS=========================================================
Melhor fitness final: 1433
Melhor fitness possivel: 1373
Tempo de execução: 314
Melhor solução encontrada: 0 152 58 40 180 26 149 179 195 12 138 28 0 137 2 115 178 172 42 15 43 142 14 119 44 141 191 91 6 0 162 31 159 62 148 182 88 190 127 146 0 97 37 100 193 192 38 140 86 16 113 17 61 104 99 0 111 76 196 116 77 158 3 68 80 150 177 109 0 82 114 8 174 45 125 84 173 5 118 60 0 121 29 24 163 134 54 130 165 55 25 170 39 187 139 0 176 1 128 160 131 32 90 63 126 108 189 10 101 132 0 154 184 50 102 157 51 181 64 49 46 199 83 0 94 183 147 166 18 153 106 194 167 27 0 105 198 110 4 155 72 74 133 22 171 73 0 89 96 59 93 85 98 92 151 95 117 13 0 122 103 161 71 35 136 65 66 188 20 30 70 69 0 53 21 197 56 186 67 23 75 41 145 57 144 87 0 185 79 129 169 78 34 164 135 9 120 81 33 0 48 124 168 47 36 143 175 11 107 19 123 7 52 0 112 156 0 
Solução encontrada considerada boa
GAP de 4.36999
Numero maximo de geracoes sem evolucao: 989
Solucão valida: Sim
====================================================================================================================


 ===================================================RESULTADOS=========================================================
Melhor fitness final: 1368
Melhor fitness possivel: 1373
Tempo de execução: 324
Melhor solução encontrada: 0 50 102 157 33 81 164 34 78 169 129 79 185 0 165 55 25 170 67 23 39 187 139 197 72 0 18 83 199 125 45 46 174 8 114 82 194 106 52 146 0 154 138 12 109 177 150 80 68 116 196 76 0 117 37 100 193 91 191 141 44 119 192 14 142 42 172 57 144 0 111 184 77 3 158 121 29 24 163 134 54 130 179 0 28 26 195 149 180 40 152 58 105 53 0 13 137 87 97 95 94 183 112 156 0 51 103 161 71 66 65 136 35 135 120 9 0 5 84 173 17 113 86 140 38 43 15 41 145 115 178 2 0 159 62 49 143 36 47 168 124 48 7 153 0 69 70 32 181 64 11 175 107 19 123 182 148 88 0 176 1 101 162 31 190 127 167 27 0 59 151 92 98 85 16 61 93 104 99 96 6 0 10 189 108 126 63 90 131 160 128 188 20 30 122 132 0 198 110 155 4 56 186 75 133 22 74 171 73 21 0 89 166 60 118 147 0 
Solução encontrada considerada ruim
GAP de -0.364166
Numero maximo de geracoes sem evolucao: 574
Solucão valida: Sim
====================================================================================================================


 ===================================================RESULTADOS=========================================================
Melhor fitness final: 1400
Melhor fitness possivel: 1373
Tempo de execução: 338
Melhor solução encontrada: 0 69 101 70 30 188 66 9 120 81 33 157 50 0 5 191 44 38 140 86 113 17 46 124 82 153 0 48 168 47 36 143 49 64 181 90 108 27 0 198 110 139 187 39 170 25 55 165 130 54 134 24 163 0 89 166 60 84 173 61 16 141 119 14 142 42 172 137 13 0 147 118 83 199 125 45 174 8 114 18 0 88 123 19 107 175 11 126 63 32 131 160 128 20 122 0 185 78 34 164 135 35 136 65 71 161 103 51 1 0 21 197 56 186 67 23 75 41 145 15 43 192 91 193 100 117 0 73 171 22 133 74 72 155 4 179 149 0 183 94 95 97 87 144 57 178 115 2 0 112 58 152 40 180 26 105 53 0 59 151 92 37 98 85 93 104 99 96 6 156 0 102 79 129 169 29 121 158 3 77 196 76 28 0 167 10 189 159 62 148 182 7 194 106 52 146 0 154 138 12 195 109 177 80 150 68 116 184 0 127 190 31 162 132 176 111 0 
Solução encontrada considerada boa
GAP de 1.9665
Numero maximo de geracoes sem evolucao: 249
Solucão valida: Sim
====================================================================================================================


 ===================================================RESULTADOS=========================================================
Melhor fitness final: 1409
Melhor fitness possivel: 1373
Tempo de execução: 335
Melhor solução encontrada: 0 125 45 17 113 86 140 38 141 16 61 96 6 0 137 2 178 115 145 41 22 133 197 72 21 40 0 59 99 104 93 85 193 100 37 151 92 97 117 0 146 19 107 175 11 126 63 90 32 131 160 30 122 69 132 0 102 157 33 81 120 135 35 164 34 78 185 0 195 54 134 163 24 29 121 169 129 79 116 184 28 0 180 198 110 4 155 187 139 56 75 74 171 73 53 0 52 182 7 194 106 153 18 84 173 5 118 60 166 0 105 26 109 177 150 80 68 12 154 138 0 161 71 136 65 66 181 64 49 143 36 46 199 83 0 82 48 123 168 47 124 174 8 114 89 0 176 1 51 9 103 188 20 128 70 101 162 190 167 0 87 144 57 15 43 172 42 142 14 192 119 44 191 91 98 95 0 27 31 10 189 108 159 62 148 88 127 0 149 179 130 165 55 25 170 67 39 23 186 0 152 58 13 94 183 147 112 156 0 111 50 3 158 77 196 76 0 
Solução encontrada considerada boa
GAP de 2.622
Numero maximo de geracoes sem evolucao: 242
Solucão valida: Sim
====================================================================================================================


 ===================================================RESULTADOS=========================================================
Melhor fitness final: 1429
Melhor fitness possivel: 1373
Tempo de execução: 315
Melhor solução encontrada: 0 190 88 31 30 128 20 188 66 103 51 1 0 82 48 168 47 124 46 36 143 49 64 181 90 70 101 0 9 161 71 65 136 35 135 120 81 33 50 0 13 117 95 97 151 92 59 99 104 96 94 183 0 111 76 3 158 79 185 157 102 176 132 27 0 87 144 2 178 115 145 41 171 197 72 21 0 149 198 110 4 155 179 195 109 12 138 154 0 93 91 191 141 86 140 38 44 119 14 142 42 172 0 162 108 189 10 159 62 148 182 127 167 0 165 55 25 170 187 139 39 186 56 75 133 22 74 73 40 0 26 130 54 177 80 150 68 116 196 184 28 0 146 194 7 123 19 107 175 11 126 63 32 131 160 122 69 0 156 112 152 58 180 105 53 0 23 67 134 163 24 29 121 169 34 164 78 129 77 0 83 199 114 8 174 125 45 17 84 5 118 60 0 137 57 15 43 192 16 113 173 61 85 193 100 37 98 6 0 89 147 166 18 153 106 52 0 
Solução encontrada considerada boa
GAP de 4.07866
Numero maximo de geracoes sem evolucao: 172
Solucão valida: Sim
====================================================================================================================

