
 ===================================================RESULTADOS=========================================================
Melhor fitness final: 1423
Melhor fitness possivel: 1373
Tempo de execução: 157
Melhor solução encontrada: 0 88 148 62 159 11 175 107 19 123 182 52 146 0 27 167 127 190 31 162 101 70 30 122 1 176 0 50 102 157 33 81 185 158 3 77 196 184 0 161 71 135 35 136 65 66 181 64 49 7 0 198 110 155 4 139 187 39 56 197 72 40 53 0 152 58 13 94 183 147 0 85 16 86 141 191 91 193 100 37 97 117 0 166 18 106 194 69 132 76 116 121 29 24 163 134 177 109 0 105 180 21 171 22 41 145 115 178 2 112 0 10 189 108 126 63 90 32 131 160 128 20 188 103 0 51 9 120 164 34 78 169 129 79 68 150 80 0 87 172 42 142 14 192 119 44 140 38 43 15 57 144 137 0 54 130 165 55 25 170 67 23 186 75 133 74 73 0 153 82 48 124 168 47 143 36 46 45 17 113 61 6 0 28 111 138 154 12 195 179 149 26 0 89 118 60 83 199 114 8 174 125 84 173 5 0 156 96 104 99 59 93 98 151 92 95 0 
Solução encontrada considerada boa
GAP de 3.64166
Numero maximo de geracoes sem evolucao: 477
Solucão valida: Sim
====================================================================================================================


 ===================================================RESULTADOS=========================================================
Melhor fitness final: 1395
Melhor fitness possivel: 1373
Tempo de execução: 167
Melhor solução encontrada: 0 134 163 24 29 121 169 129 79 120 9 81 33 157 0 156 183 94 95 97 87 144 57 178 115 2 0 26 195 109 177 150 80 68 12 138 154 28 0 111 184 116 77 158 3 196 76 176 132 27 0 198 110 155 4 197 75 133 22 74 171 73 21 0 148 159 62 182 7 194 106 153 18 166 147 0 108 90 32 131 160 128 20 188 103 161 51 0 122 66 71 65 136 35 135 164 34 78 185 102 50 0 59 92 151 98 100 193 91 85 93 99 104 96 0 149 179 139 187 39 67 170 25 55 165 130 54 0 5 84 173 61 16 141 191 44 119 14 142 42 172 137 0 52 82 48 124 47 168 123 19 107 175 11 88 0 146 189 10 126 63 181 64 49 143 36 46 174 8 89 0 72 56 186 23 41 145 15 43 38 140 192 37 117 13 112 0 167 127 190 31 162 101 70 30 1 69 0 118 60 83 199 114 125 45 17 113 86 6 0 105 180 40 58 152 53 0 
Solução encontrada considerada boa
GAP de 1.60233
Numero maximo de geracoes sem evolucao: 302
Solucão valida: Sim
====================================================================================================================


 ===================================================RESULTADOS=========================================================
Melhor fitness final: 1373
Melhor fitness possivel: 1373
Tempo de execução: 164
Melhor solução encontrada: 0 184 116 150 80 68 129 79 158 3 77 196 76 0 53 73 74 75 23 67 186 56 197 72 21 180 0 13 144 87 97 95 94 183 6 147 89 0 105 26 149 179 195 109 12 154 138 28 0 198 110 4 155 139 187 39 170 25 55 165 130 54 0 122 161 71 136 65 66 188 20 128 30 70 101 69 0 50 102 157 33 185 81 120 9 51 1 176 132 0 153 106 194 7 182 88 31 190 127 167 27 0 166 199 45 17 113 86 140 38 14 142 42 137 152 0 111 103 35 135 164 34 78 169 121 29 24 163 134 177 0 160 131 32 90 63 126 108 10 189 159 62 148 0 146 52 11 175 107 19 123 124 46 174 125 8 114 83 0 58 2 115 178 57 172 43 15 145 41 22 133 171 40 0 18 82 48 168 47 36 143 49 64 181 162 0 117 192 119 44 191 141 16 61 173 84 5 118 60 0 59 92 151 98 37 100 193 91 85 93 104 99 96 0 156 112 0 
Solução encontrada considerada boa
GAP de 0
Numero maximo de geracoes sem evolucao: 301
Solucão valida: Sim
====================================================================================================================


 ===================================================RESULTADOS=========================================================
Melhor fitness final: 1406
Melhor fitness possivel: 1373
Tempo de execução: 158
Melhor solução encontrada: 0 104 99 59 93 85 91 193 100 37 98 92 151 97 117 0 12 109 177 80 150 68 77 116 196 76 184 0 4 155 139 187 39 170 67 23 186 56 0 54 130 165 55 25 134 163 24 29 121 158 3 102 50 28 0 70 131 32 181 66 188 20 128 160 30 1 0 185 79 129 169 78 34 164 120 9 81 33 157 0 167 182 123 19 48 82 7 194 106 153 52 0 13 137 105 138 154 111 176 132 69 27 0 190 162 101 122 51 103 161 71 65 136 35 135 0 53 58 152 40 180 198 110 179 195 149 26 0 156 112 183 94 95 6 147 89 0 31 10 189 108 90 63 126 159 62 148 88 127 0 18 114 8 46 124 168 47 36 143 49 64 11 175 107 146 0 166 83 199 174 45 125 84 5 118 60 0 87 172 42 142 14 192 119 44 140 38 43 15 178 115 2 0 21 73 72 197 75 74 171 133 22 41 145 57 144 0 173 17 113 86 141 191 16 61 96 0 
Solução encontrada considerada boa
GAP de 2.4035
Numero maximo de geracoes sem evolucao: 486
Solucão valida: Sim
====================================================================================================================


 ===================================================RESULTADOS=========================================================
Melhor fitness final: 1440
Melhor fitness possivel: 1373
Tempo de execução: 169
Melhor solução encontrada: 0 176 50 102 157 51 188 20 30 70 101 162 69 132 0 167 127 190 31 88 182 7 194 106 153 52 0 109 177 163 24 134 54 179 110 197 72 171 73 21 0 130 165 55 25 170 67 23 186 75 133 22 74 0 28 154 138 111 27 146 89 147 112 156 0 18 114 8 174 125 45 17 113 86 140 38 91 0 33 81 9 120 164 34 78 169 129 79 185 76 0 137 172 42 142 14 119 44 191 141 16 61 173 84 5 0 62 11 175 107 19 123 168 47 124 48 82 0 152 58 40 180 149 195 26 105 53 0 183 94 95 87 144 43 15 57 178 115 2 0 13 117 151 92 97 145 41 56 39 187 139 155 4 198 0 12 150 80 68 29 121 158 3 77 196 116 184 0 166 118 60 83 199 46 36 143 49 64 181 122 1 0 160 131 32 90 63 126 108 189 10 159 148 0 59 98 37 100 192 193 85 93 104 99 96 6 0 128 66 65 136 35 135 71 161 103 0 
Solução encontrada considerada boa
GAP de 4.87983
Numero maximo de geracoes sem evolucao: 655
Solucão valida: Sim
====================================================================================================================


 ===================================================RESULTADOS=========================================================
Melhor fitness final: 1401
Melhor fitness possivel: 1373
Tempo de execução: 160
Melhor solução encontrada: 0 195 54 130 165 55 25 134 163 24 29 121 169 129 79 185 0 176 50 102 157 33 81 122 30 70 101 162 69 132 0 120 9 161 71 65 136 35 135 164 34 78 0 88 148 62 159 126 63 90 108 189 10 190 127 0 1 51 103 66 188 20 128 160 131 32 31 0 26 149 179 155 4 110 198 40 58 152 53 0 113 86 140 38 14 192 119 44 191 141 16 0 59 92 151 98 37 100 193 91 85 93 104 99 96 6 0 182 123 19 107 175 11 181 64 49 143 36 46 18 0 137 115 145 41 22 133 75 74 171 72 73 21 180 0 2 178 57 15 43 142 42 172 144 87 112 146 167 27 0 197 56 186 23 67 170 39 187 139 105 0 166 83 199 114 124 47 168 48 7 194 106 153 52 0 156 89 147 183 94 95 97 117 13 0 154 138 12 109 177 80 150 68 116 184 28 0 82 8 174 125 45 17 84 173 61 5 118 60 0 111 76 3 158 77 196 0 
Solução encontrada considerada boa
GAP de 2.03933
Numero maximo de geracoes sem evolucao: 527
Solucão valida: Sim
====================================================================================================================


 ===================================================RESULTADOS=========================================================
Melhor fitness final: 1408
Melhor fitness possivel: 1373
Tempo de execução: 168
Melhor solução encontrada: 0 125 45 174 124 47 168 123 48 82 153 0 122 51 161 9 120 81 33 157 50 111 0 112 183 96 104 99 59 151 92 95 94 0 6 93 85 193 91 191 44 119 14 192 100 37 97 117 0 138 154 12 109 54 130 195 149 26 105 0 162 90 181 64 49 143 36 46 17 113 86 140 38 98 0 18 114 8 199 83 84 173 16 141 61 5 118 60 0 27 69 101 70 32 131 160 128 66 188 20 30 132 0 1 103 71 65 136 35 135 164 34 78 169 129 79 185 0 87 144 172 42 142 43 15 57 145 41 133 22 115 178 2 0 167 127 88 148 159 62 182 7 194 106 52 0 180 21 72 197 56 186 23 75 74 171 73 40 0 156 89 166 147 13 137 152 58 53 0 190 31 10 189 108 126 63 11 175 107 19 146 0 76 196 116 68 150 80 121 29 24 163 134 177 0 198 110 155 4 139 187 39 67 170 25 55 165 179 0 176 102 3 158 77 184 28 0 
Solução encontrada considerada boa
GAP de 2.54916
Numero maximo de geracoes sem evolucao: 577
Solucão valida: Sim
====================================================================================================================


 ===================================================RESULTADOS=========================================================
Melhor fitness final: 1425
Melhor fitness possivel: 1373
Tempo de execução: 167
Melhor solução encontrada: 0 10 189 108 159 62 148 182 7 194 106 146 0 93 85 98 37 100 193 44 119 192 142 42 172 2 0 76 129 78 71 161 103 188 128 160 131 32 90 0 176 33 81 120 9 51 30 70 101 162 69 132 0 183 94 96 99 104 59 151 92 97 95 117 13 0 180 110 4 155 197 74 133 22 171 73 21 40 0 88 123 19 107 175 11 126 63 181 64 49 143 36 124 0 28 138 154 195 26 105 53 112 156 0 12 109 177 134 24 163 150 80 68 116 184 0 196 77 158 3 79 185 157 102 50 111 0 114 8 83 118 5 173 61 16 141 191 91 6 0 153 82 48 168 47 46 174 45 125 199 89 0 27 167 31 190 127 52 18 166 147 0 152 58 198 139 187 170 25 55 165 130 54 179 149 0 60 84 17 113 86 140 38 14 43 15 57 144 87 137 0 178 115 145 41 23 67 39 186 56 75 72 0 1 122 20 66 65 136 35 135 164 34 169 29 121 0 
Solução encontrada considerada boa
GAP de 3.78733
Numero maximo de geracoes sem evolucao: 893
Solucão valida: Sim
====================================================================================================================


 ===================================================RESULTADOS=========================================================
Melhor fitness final: 1376
Melhor fitness possivel: 1373
Tempo de execução: 164
Melhor solução encontrada: 0 138 154 12 109 177 150 80 68 116 184 28 0 53 58 152 40 180 198 110 179 195 149 26 0 182 123 19 107 175 11 159 62 148 88 127 0 87 172 42 142 14 192 119 44 38 140 86 113 17 60 0 89 166 18 124 47 168 48 7 194 106 0 155 4 56 186 139 187 39 67 170 25 55 165 130 0 27 101 70 30 32 131 160 128 66 188 20 122 1 0 176 51 103 71 161 9 120 81 33 157 0 93 85 61 16 141 191 91 193 100 98 37 117 0 147 6 96 104 99 59 92 151 97 95 94 183 0 156 112 13 137 144 57 43 15 41 22 145 115 178 2 0 73 171 74 133 75 23 197 72 21 105 0 76 196 77 158 3 129 79 185 102 50 111 0 118 5 173 84 125 45 174 8 114 199 83 0 189 10 108 90 126 63 181 64 49 143 36 46 82 153 52 146 0 65 136 35 135 164 34 78 169 121 29 24 163 134 54 0 167 190 31 162 69 132 0 
Solução encontrada considerada boa
GAP de 0.2185
Numero maximo de geracoes sem evolucao: 1122
Solucão valida: Sim
====================================================================================================================


 ===================================================RESULTADOS=========================================================
Melhor fitness final: 1371
Melhor fitness possivel: 1373
Tempo de execução: 168
Melhor solução encontrada: 0 171 133 22 41 145 15 43 142 42 172 144 57 178 115 2 0 183 96 61 173 5 118 60 83 199 174 8 114 0 176 122 128 160 131 32 181 63 126 90 108 10 189 0 167 127 190 31 159 62 148 182 88 0 84 17 113 86 16 141 44 140 38 14 119 192 117 0 51 103 161 71 35 136 65 66 188 20 30 70 0 33 81 120 9 135 164 34 78 169 129 79 185 0 58 152 13 137 87 97 95 94 6 147 0 197 75 56 186 23 67 134 163 24 29 121 158 3 0 105 26 149 179 198 72 74 73 21 180 40 53 0 89 18 82 124 47 168 48 7 194 106 153 52 146 0 59 151 92 98 37 100 193 91 191 85 93 99 104 0 28 184 116 68 150 80 177 109 12 138 154 0 27 132 69 162 101 1 50 102 157 77 196 76 111 0 195 54 130 165 55 25 170 39 187 139 155 4 110 0 166 125 45 46 36 143 49 64 11 175 107 19 123 0 112 156 0 
Solução encontrada considerada ruim
GAP de -0.145666
Numero maximo de geracoes sem evolucao: 432
Solucão valida: Sim
====================================================================================================================

