
 ===================================================RESULTADOS=========================================================
Melhor fitness final: 1095
Melhor fitness possivel: 1053
Tempo de execução: 80
Melhor solução encontrada: 0 58 115 145 41 22 133 23 56 75 74 72 73 21 40 0 53 105 110 4 139 39 67 25 55 130 149 26 0 112 92 119 44 141 86 140 38 14 142 42 2 137 0 146 52 106 7 82 48 47 124 46 36 143 49 64 63 126 90 0 18 83 114 8 125 45 17 113 84 5 118 60 0 89 147 6 94 95 97 43 15 57 144 87 117 13 0 96 104 99 93 85 61 16 91 100 37 98 59 0 28 138 12 150 80 68 116 76 1 132 27 0 50 102 51 103 66 20 128 131 32 30 122 70 101 69 0 31 10 108 11 107 19 123 62 148 88 127 0 33 81 120 9 71 65 136 35 135 34 78 129 79 0 111 77 3 121 29 24 134 54 109 0 
Solução encontrada considerada boa
GAP de 3.9886
Numero maximo de geracoes sem evolucao: 826
Solucão valida: Sim
====================================================================================================================


 ===================================================RESULTADOS=========================================================
Melhor fitness final: 1105
Melhor fitness possivel: 1053
Tempo de execução: 81
Melhor solução encontrada: 0 28 76 116 77 3 79 81 33 102 50 111 0 31 10 108 131 32 90 63 126 62 148 88 127 146 0 13 87 144 42 142 14 43 15 57 115 2 149 26 105 0 1 51 9 120 135 35 34 78 129 150 80 109 12 138 0 59 92 98 37 100 119 44 91 85 93 99 104 96 0 68 121 29 24 134 54 130 55 25 67 23 21 0 5 61 16 141 38 140 86 113 17 84 83 18 0 40 73 72 74 145 41 22 133 75 56 39 139 4 110 0 27 69 101 70 30 20 128 66 65 136 71 103 122 132 0 48 124 46 47 36 143 49 64 11 107 19 123 7 0 52 106 82 114 8 45 125 60 118 89 0 112 147 6 94 95 97 117 137 58 53 0 
Solução encontrada considerada boa
GAP de 4.93827
Numero maximo de geracoes sem evolucao: 721
Solucão valida: Sim
====================================================================================================================


 ===================================================RESULTADOS=========================================================
Melhor fitness final: 1097
Melhor fitness possivel: 1053
Tempo de execução: 83
Melhor solução encontrada: 0 52 106 7 48 47 124 8 83 84 5 118 60 0 127 31 10 108 126 63 90 32 131 128 66 20 132 0 18 82 46 36 143 49 64 11 107 19 123 62 148 88 146 0 138 76 116 77 68 80 150 12 109 149 26 105 0 3 121 29 24 134 54 130 55 25 67 23 41 145 115 2 0 58 87 97 95 94 6 147 89 0 59 37 100 91 61 16 141 140 38 43 15 57 144 53 0 114 125 45 17 113 86 44 119 14 142 42 137 0 40 21 73 72 74 22 133 75 56 39 139 4 110 0 1 103 71 65 136 35 135 34 78 129 79 50 111 28 0 102 33 81 120 9 51 122 30 70 101 69 27 0 13 117 92 98 85 93 99 104 96 112 0 
Solução encontrada considerada boa
GAP de 4.17854
Numero maximo de geracoes sem evolucao: 617
Solucão valida: Sim
====================================================================================================================


 ===================================================RESULTADOS=========================================================
Melhor fitness final: 1103
Melhor fitness possivel: 1053
Tempo de execução: 84
Melhor solução encontrada: 0 150 80 68 121 29 24 134 130 54 109 12 138 28 0 76 116 77 3 79 129 78 34 135 35 136 65 71 66 122 0 114 8 46 36 143 49 64 47 124 48 82 7 106 146 0 52 18 60 118 5 84 61 91 100 14 142 42 92 96 0 112 13 117 87 97 95 94 6 147 0 105 110 4 56 23 67 39 139 25 55 149 26 0 89 83 125 45 17 113 86 140 38 43 15 57 144 137 0 58 2 115 145 41 22 133 75 74 72 73 21 40 53 0 123 19 107 11 126 63 32 131 128 20 103 9 120 0 27 69 101 70 30 90 108 10 62 148 88 31 127 0 59 98 37 119 44 141 16 85 93 104 99 0 132 1 51 81 33 102 50 111 0 
Solução encontrada considerada boa
GAP de 4.74834
Numero maximo de geracoes sem evolucao: 542
Solucão valida: Sim
====================================================================================================================


 ===================================================RESULTADOS=========================================================
Melhor fitness final: 1092
Melhor fitness possivel: 1053
Tempo de execução: 76
Melhor solução encontrada: 0 31 10 108 128 131 32 90 63 126 62 148 88 127 146 0 61 86 113 17 45 125 84 5 118 60 0 77 3 79 129 78 34 120 9 81 33 102 50 0 69 101 70 30 20 66 65 136 35 135 71 103 51 122 1 132 0 98 85 91 16 141 44 140 38 14 119 100 37 117 0 12 109 54 134 24 29 121 150 80 68 116 76 111 0 130 55 25 67 23 41 145 15 43 142 42 87 144 57 115 2 0 94 95 97 92 59 93 104 99 96 6 147 0 112 13 137 58 53 105 26 149 138 28 0 48 124 46 47 36 143 49 64 11 107 19 123 7 0 40 21 73 72 74 22 133 75 56 39 139 4 110 0 89 18 83 114 8 82 106 52 27 0 
Solução encontrada considerada boa
GAP de 3.7037
Numero maximo de geracoes sem evolucao: 1608
Solucão valida: Sim
====================================================================================================================


 ===================================================RESULTADOS=========================================================
Melhor fitness final: 1077
Melhor fitness possivel: 1053
Tempo de execução: 77
Melhor solução encontrada: 0 53 105 26 149 109 80 150 68 12 138 28 0 58 2 115 57 15 43 38 140 86 113 17 45 125 84 6 0 40 21 73 72 74 22 133 75 56 39 139 4 110 0 111 50 102 33 81 120 34 78 129 79 3 77 0 145 41 23 67 25 55 130 54 134 24 29 121 116 76 0 127 10 108 126 63 90 32 131 128 20 30 70 101 69 132 27 0 18 83 114 8 46 36 143 49 64 11 107 19 7 106 0 112 94 95 59 5 118 60 89 0 147 61 16 141 44 119 14 142 42 144 87 137 0 13 117 97 92 98 37 100 91 85 93 99 104 96 0 31 88 148 62 123 47 124 48 82 52 146 0 1 122 103 66 71 65 136 35 135 9 51 0 
Solução encontrada considerada boa
GAP de 2.2792
Numero maximo de geracoes sem evolucao: 496
Solucão valida: Sim
====================================================================================================================


 ===================================================RESULTADOS=========================================================
Melhor fitness final: 1063
Melhor fitness possivel: 1053
Tempo de execução: 81
Melhor solução encontrada: 0 138 12 80 150 68 121 29 24 134 130 54 109 26 0 18 114 8 46 124 47 36 143 49 64 11 107 19 123 0 103 71 65 136 35 135 34 78 129 79 3 77 116 76 28 0 112 94 95 59 85 93 99 104 96 6 0 132 1 122 20 66 128 131 32 90 63 126 108 10 31 0 87 144 57 15 43 42 142 14 38 140 44 119 100 37 97 117 0 111 50 102 33 81 120 9 51 30 70 101 69 0 149 110 4 55 25 139 39 67 23 56 75 105 0 147 5 84 17 113 86 141 16 61 91 98 92 0 53 58 40 21 73 72 74 133 22 41 145 115 2 137 13 0 27 127 88 148 62 48 82 7 106 52 146 0 118 60 45 125 83 89 0 
Solução encontrada considerada boa
GAP de 0.949668
Numero maximo de geracoes sem evolucao: 894
Solucão valida: Sim
====================================================================================================================


 ===================================================RESULTADOS=========================================================
Melhor fitness final: 1099
Melhor fitness possivel: 1053
Tempo de execução: 76
Melhor solução encontrada: 0 147 6 59 98 100 91 86 113 17 45 125 83 0 96 99 104 93 85 16 141 44 140 38 119 37 92 0 89 60 118 5 61 84 114 82 48 52 0 111 1 122 51 103 65 66 128 20 30 70 101 69 132 27 0 50 102 33 81 120 9 71 136 35 135 34 78 76 0 149 130 55 25 67 23 41 145 115 2 137 13 58 53 0 150 80 68 116 77 3 79 129 121 29 24 134 54 109 0 112 94 95 97 42 142 14 43 15 57 144 87 117 0 18 8 46 124 47 36 143 49 64 11 107 19 123 7 106 0 40 21 73 72 74 22 133 75 56 39 139 4 110 0 146 127 88 148 62 126 63 90 32 131 108 10 31 0 105 26 12 138 28 0 
Solução encontrada considerada boa
GAP de 4.36847
Numero maximo de geracoes sem evolucao: 1280
Solucão valida: Sim
====================================================================================================================


 ===================================================RESULTADOS=========================================================
Melhor fitness final: 1102
Melhor fitness possivel: 1053
Tempo de execução: 68
Melhor solução encontrada: 0 28 116 68 80 150 121 29 24 134 109 12 138 0 105 26 149 110 4 75 133 22 74 73 21 40 53 0 127 31 108 10 7 82 114 8 45 125 83 18 0 92 37 100 119 14 38 140 86 61 85 93 6 0 98 91 44 141 16 113 17 84 5 118 60 89 0 112 94 97 87 144 57 42 142 43 15 41 145 115 2 137 0 111 50 102 33 81 51 122 30 70 101 1 132 27 0 106 48 124 46 47 36 143 49 64 62 148 88 146 0 52 123 19 107 11 126 63 90 32 131 128 20 66 103 69 0 54 130 55 25 139 39 67 23 56 72 58 0 120 9 71 65 136 35 135 34 78 129 79 3 77 76 0 147 96 99 104 59 95 117 13 0 
Solução encontrada considerada boa
GAP de 4.65337
Numero maximo de geracoes sem evolucao: 657
Solucão valida: Sim
====================================================================================================================


 ===================================================RESULTADOS=========================================================
Melhor fitness final: 1098
Melhor fitness possivel: 1053
Tempo de execução: 76
Melhor solução encontrada: 0 149 130 54 134 24 29 121 68 150 80 109 12 138 0 40 21 73 72 74 22 133 75 23 39 139 110 0 127 31 10 108 131 32 90 63 126 62 148 88 52 146 0 28 116 77 3 79 81 33 102 50 111 0 94 59 92 98 37 100 91 85 93 104 99 96 0 112 147 6 95 97 87 117 13 58 105 53 0 137 2 115 57 144 42 142 14 119 44 141 16 61 5 0 84 17 113 86 140 38 43 15 145 41 56 67 25 55 4 26 0 1 51 120 9 103 71 65 136 35 135 34 78 129 76 0 48 124 46 47 36 143 49 64 11 107 19 123 7 0 18 106 82 114 8 45 125 83 60 118 89 0 27 69 101 70 30 128 66 20 122 132 0 
Solução encontrada considerada boa
GAP de 4.2735
Numero maximo de geracoes sem evolucao: 628
Solucão valida: Sim
====================================================================================================================

3.8082