
 ===================================================RESULTADOS=========================================================
Melhor fitness final: 1094
Melhor fitness possivel: 1053
Tempo de execução: 51
Melhor solução encontrada: 0 21 72 74 75 56 23 67 39 139 25 55 4 110 0 127 31 88 148 62 10 108 30 70 1 132 111 0 26 149 130 54 134 24 29 3 77 116 76 12 138 0 52 106 82 48 47 124 46 45 125 8 114 83 0 73 133 22 41 145 15 43 38 140 141 44 119 14 142 42 117 0 101 128 131 32 90 63 126 11 107 64 49 143 36 19 123 7 0 147 6 96 104 99 93 85 98 37 92 59 94 0 18 60 118 5 84 17 113 86 16 61 91 100 0 28 50 102 51 103 71 135 35 136 65 66 20 122 69 0 53 105 40 58 137 2 115 57 144 87 97 95 13 0 109 150 80 68 121 79 129 78 34 120 9 81 33 0 27 146 89 112 0 
Solução encontrada considerada boa
GAP de 3.89364
Numero maximo de geracoes sem evolucao: 792
Solucão valida: Sim
====================================================================================================================


 ===================================================RESULTADOS=========================================================
Melhor fitness final: 1128
Melhor fitness possivel: 1053
Tempo de execução: 51
Melhor solução encontrada: 0 21 73 74 22 41 133 75 56 139 39 67 25 55 4 110 0 72 23 15 43 38 140 86 113 17 45 46 82 106 0 53 58 40 105 26 28 111 1 101 69 132 27 0 48 124 47 36 143 49 64 11 107 19 123 7 0 52 88 148 62 10 108 126 63 90 32 131 70 31 127 146 0 116 77 3 79 129 78 34 135 35 136 65 71 66 51 122 0 138 12 109 80 150 68 121 29 24 134 54 130 149 0 30 128 20 103 9 120 81 33 102 50 76 0 137 2 115 145 57 144 87 37 98 100 91 85 93 0 13 117 97 42 142 14 119 44 141 16 61 84 5 0 112 94 95 92 59 104 99 96 6 147 0 18 114 8 125 83 60 118 89 0 
Solução encontrada considerada mediana
GAP de 7.12251
Numero maximo de geracoes sem evolucao: 229
Solucão valida: Sim
====================================================================================================================


 ===================================================RESULTADOS=========================================================
Melhor fitness final: 1109
Melhor fitness possivel: 1053
Tempo de execução: 51
Melhor solução encontrada: 0 51 103 66 71 65 136 35 135 9 120 81 33 0 150 80 68 121 29 34 78 129 79 3 77 102 50 0 13 117 97 95 59 104 99 96 94 6 147 89 0 93 61 16 86 140 38 14 119 44 141 91 37 92 0 137 87 144 57 2 115 145 41 15 43 142 42 100 85 98 0 18 83 114 8 125 45 17 113 84 5 118 60 0 132 69 101 70 108 126 63 90 32 131 128 20 30 122 1 111 0 27 127 31 10 62 148 88 7 82 106 52 146 0 48 124 46 47 36 143 49 64 11 107 19 123 0 53 40 21 72 75 133 22 74 73 58 112 0 105 56 23 67 39 139 25 55 54 109 12 138 0 28 76 116 24 134 130 4 110 149 26 0 
Solução encontrada considerada mediana
GAP de 5.31814
Numero maximo de geracoes sem evolucao: 769
Solucão valida: Sim
====================================================================================================================


 ===================================================RESULTADOS=========================================================
Melhor fitness final: 1110
Melhor fitness possivel: 1053
Tempo de execução: 51
Melhor solução encontrada: 0 72 110 4 130 54 134 24 29 121 68 150 80 138 0 92 98 100 42 142 43 15 41 145 115 2 57 144 87 137 58 40 105 0 26 149 109 12 76 116 77 3 81 33 102 50 0 118 60 83 8 46 124 47 36 143 49 64 11 31 0 79 129 78 34 35 136 65 66 131 32 90 63 126 108 10 0 112 13 94 95 59 99 104 96 6 147 89 0 21 73 74 22 133 75 56 23 67 39 139 25 55 0 132 1 122 51 9 120 135 71 103 20 128 30 70 101 69 0 93 85 61 16 141 44 119 14 37 97 117 0 18 114 125 45 17 113 86 140 38 91 84 5 0 127 88 148 62 107 19 123 48 82 7 106 52 146 0 53 28 111 27 0 
Solução encontrada considerada mediana
GAP de 5.41311
Numero maximo de geracoes sem evolucao: 539
Solucão valida: Sim
====================================================================================================================


 ===================================================RESULTADOS=========================================================
Melhor fitness final: 1117
Melhor fitness possivel: 1053
Tempo de execução: 52
Melhor solução encontrada: 0 31 10 108 131 32 90 63 126 107 19 123 7 106 146 0 105 26 109 134 24 25 55 130 54 149 40 58 112 0 93 85 16 141 91 100 37 98 59 94 0 18 114 8 46 124 47 36 143 49 64 11 48 82 0 111 121 29 129 79 81 120 9 103 51 122 1 132 0 147 5 84 113 17 45 125 83 60 118 89 0 27 69 101 70 30 20 128 66 71 65 136 35 135 34 78 33 0 13 117 95 97 92 44 119 14 142 42 87 144 57 115 2 137 0 138 12 150 80 68 116 77 3 102 50 76 28 0 21 72 75 56 23 67 39 139 4 110 53 0 73 74 133 22 41 145 15 43 38 140 86 61 99 104 96 6 0 127 62 148 88 52 0 
Solução encontrada considerada mediana
GAP de 6.07787
Numero maximo de geracoes sem evolucao: 185
Solucão valida: Sim
====================================================================================================================


 ===================================================RESULTADOS=========================================================
Melhor fitness final: 1112
Melhor fitness possivel: 1053
Tempo de execução: 50
Melhor solução encontrada: 0 122 51 20 128 131 32 90 108 10 126 63 11 107 19 123 0 28 77 3 79 129 78 34 120 81 33 1 69 132 27 0 83 114 8 46 45 125 17 86 140 38 14 142 43 15 42 0 105 26 149 110 4 139 39 56 75 73 40 58 53 0 18 60 118 5 84 113 61 16 141 44 119 91 0 21 72 74 145 41 22 133 23 67 25 55 130 54 0 106 7 82 48 124 47 36 143 49 64 62 148 0 137 2 115 57 144 87 95 94 6 147 89 112 0 111 76 116 68 80 150 121 29 24 134 109 12 138 0 13 117 97 92 37 98 100 85 93 59 99 104 96 0 101 70 30 66 65 136 35 135 71 103 9 102 50 0 52 88 31 127 146 0 
Solução encontrada considerada mediana
GAP de 5.60304
Numero maximo de geracoes sem evolucao: 680
Solucão valida: Sim
====================================================================================================================


 ===================================================RESULTADOS=========================================================
Melhor fitness final: 1089
Melhor fitness possivel: 1053
Tempo de execução: 51
Melhor solução encontrada: 0 89 114 8 46 124 107 11 126 63 90 108 10 62 148 88 52 0 83 125 45 17 113 86 84 5 118 60 0 58 2 115 57 43 15 145 41 22 133 74 72 73 21 40 53 0 120 9 71 65 136 35 135 34 78 129 79 3 77 116 0 18 82 48 47 36 143 49 64 19 123 7 106 0 76 33 81 51 103 66 20 128 131 32 30 122 70 101 0 13 117 97 92 98 37 100 91 85 93 59 104 99 96 6 0 137 87 144 42 142 14 38 140 119 44 141 16 61 0 138 12 80 150 68 121 29 24 134 130 54 109 26 0 105 75 56 23 67 39 139 25 55 4 110 149 0 27 146 127 31 69 132 1 102 50 111 28 0 112 94 95 147 0 
Solução encontrada considerada boa
GAP de 3.4188
Numero maximo de geracoes sem evolucao: 522
Solucão valida: Sim
====================================================================================================================


 ===================================================RESULTADOS=========================================================
Melhor fitness final: 1144
Melhor fitness possivel: 1053
Tempo de execução: 52
Melhor solução encontrada: 0 127 31 10 108 131 32 90 63 126 62 148 88 52 146 0 48 124 47 36 143 49 64 11 107 19 123 7 0 73 74 22 133 75 23 39 139 56 72 21 0 28 138 76 12 109 149 26 40 105 53 0 95 92 98 91 16 141 44 140 38 14 119 100 37 97 117 0 106 82 46 86 61 85 93 59 104 99 96 0 58 137 87 144 42 142 43 15 57 2 115 145 41 67 25 55 4 110 0 54 130 134 24 29 121 135 35 136 65 71 66 128 20 0 80 150 68 116 77 3 79 129 78 34 120 9 103 0 60 118 5 84 113 17 45 125 8 114 83 18 0 111 50 102 33 81 51 122 30 70 101 1 69 132 27 0 89 147 6 94 13 112 0 
Solução encontrada considerada ruim
GAP de 8.64198
Numero maximo de geracoes sem evolucao: 73
Solucão valida: Sim
====================================================================================================================


 ===================================================RESULTADOS=========================================================
Melhor fitness final: 1092
Melhor fitness possivel: 1053
Tempo de execução: 50
Melhor solução encontrada: 0 48 124 46 47 36 143 49 64 11 107 19 123 7 0 147 6 96 104 99 93 85 98 37 92 59 94 0 58 2 115 57 42 142 43 15 145 41 23 67 139 4 110 21 0 137 87 144 14 38 140 86 16 61 97 117 13 0 76 116 77 3 81 120 9 33 102 50 27 0 1 122 51 103 71 135 35 136 65 66 128 20 30 70 101 0 111 79 129 78 34 121 29 24 134 68 80 150 109 12 0 95 100 91 119 44 141 113 17 84 5 118 60 0 54 130 55 25 39 56 75 133 22 74 72 73 40 0 112 89 18 83 125 45 8 114 82 106 52 146 0 127 88 148 62 126 63 90 32 131 108 10 31 69 132 0 53 105 26 149 138 28 0 
Solução encontrada considerada boa
GAP de 3.7037
Numero maximo de geracoes sem evolucao: 562
Solucão valida: Sim
====================================================================================================================


 ===================================================RESULTADOS=========================================================
Melhor fitness final: 1101
Melhor fitness possivel: 1053
Tempo de execução: 52
Melhor solução encontrada: 0 40 21 73 72 74 22 133 75 56 39 139 4 110 0 27 101 70 30 131 32 90 63 126 11 107 62 108 10 146 0 114 8 125 45 17 113 86 140 38 14 142 42 117 0 94 59 93 85 91 100 98 37 92 97 95 0 76 116 77 3 79 129 78 34 120 9 81 33 50 0 28 111 132 69 31 148 88 127 52 89 0 102 51 103 71 135 35 136 65 66 128 20 122 1 0 13 87 144 15 43 119 44 141 16 61 99 104 96 6 0 121 29 24 134 54 130 55 25 67 23 41 145 57 115 2 137 0 53 58 105 26 149 109 150 80 68 12 138 0 82 48 47 124 46 36 143 49 64 19 123 7 106 0 18 83 84 5 118 60 147 112 0 
Solução encontrada considerada boa
GAP de 4.5584
Numero maximo de geracoes sem evolucao: 350
Solucão valida: Sim
====================================================================================================================

