 ===================================================RESULTADOS=========================================================
Melhor fitness final: 1102
Melhor fitness possivel: 1053
Tempo de execução: 365
Melhor solução encontrada: 0 51 103 66 71 65 136 35 135 9 120 68 0 18 82 48 124 46 47 36 143 49 64 7 106 52 146 0 94 95 97 85 93 99 104 96 147 89 0 123 19 107 11 126 63 90 32 131 128 20 30 122 70 101 1 0 13 117 92 91 141 44 119 14 38 140 86 16 61 6 0 83 114 8 125 45 17 113 84 5 118 60 0 28 76 116 77 3 79 129 78 34 81 33 102 50 0 58 40 21 73 145 41 22 133 75 56 39 139 4 110 0 72 74 23 67 25 55 130 54 134 24 29 121 80 150 0 27 127 88 148 62 108 10 31 69 132 111 0 112 59 98 37 100 42 142 43 15 57 115 2 144 87 137 0 138 12 109 149 26 105 53 0 
Solução encontrada considerada boa
GAP de 4.65337
Numero maximo de geracoes sem evolucao: 783
Solucão valida: Sim
====================================================================================================================


 ===================================================RESULTADOS=========================================================
Melhor fitness final: 1094
Melhor fitness possivel: 1053
Tempo de execução: 336
Melhor solução encontrada: 0 50 102 120 135 35 136 65 71 103 51 122 1 0 13 95 97 87 144 57 115 2 137 58 40 105 53 0 61 16 141 86 140 38 44 119 14 142 43 15 42 117 0 48 124 46 47 36 143 49 64 11 107 19 123 7 0 149 139 39 67 23 56 75 133 22 41 145 0 94 59 92 37 98 100 91 85 93 104 99 96 6 0 111 33 81 9 66 128 20 30 70 101 69 132 27 0 127 31 10 108 131 32 90 63 126 62 148 88 146 0 112 147 5 113 17 84 118 60 89 0 68 80 150 134 24 29 121 34 78 129 79 3 77 116 76 0 26 21 73 74 72 110 4 25 55 130 54 109 12 138 28 0 52 106 82 114 8 45 125 83 18 0 
Solução encontrada considerada boa
GAP de 3.89364
Numero maximo de geracoes sem evolucao: 605
Solucão valida: Sim
====================================================================================================================


 ===================================================RESULTADOS=========================================================
Melhor fitness final: 1116
Melhor fitness possivel: 1053
Tempo de execução: 341
Melhor solução encontrada: 0 112 94 95 97 92 59 99 104 96 147 89 0 83 114 8 125 45 17 113 86 84 118 60 0 6 93 85 91 44 140 38 14 100 98 37 87 117 0 111 116 77 3 79 68 150 80 109 12 138 28 0 5 61 16 141 119 142 42 43 15 57 144 115 2 137 13 0 40 21 73 72 74 22 133 75 56 39 139 4 110 0 50 102 33 81 120 135 35 136 65 71 9 51 0 76 129 78 34 121 29 24 134 54 130 55 25 67 23 41 145 0 18 82 48 124 46 47 36 143 49 64 123 7 106 146 0 127 31 131 32 90 63 126 11 107 19 62 148 88 52 0 27 69 101 70 10 108 128 66 103 20 30 122 1 132 0 58 149 26 105 53 0 
Solução encontrada considerada mediana
GAP de 5.98291
Numero maximo de geracoes sem evolucao: 158
Solucão valida: Sim
====================================================================================================================


 ===================================================RESULTADOS=========================================================
Melhor fitness final: 1110
Melhor fitness possivel: 1053
Tempo de execução: 329
Melhor solução encontrada: 0 112 147 61 113 86 140 38 43 15 57 144 137 0 120 9 103 71 136 65 66 20 128 131 90 11 107 146 0 150 80 68 121 29 34 35 135 78 129 79 3 77 116 76 0 40 21 73 72 74 22 133 75 56 139 25 55 24 134 109 0 127 31 10 108 32 63 126 62 148 88 52 0 94 95 92 37 98 85 93 59 99 104 96 6 0 106 7 123 19 64 49 143 36 47 46 124 48 82 0 13 87 42 142 14 119 44 141 16 91 100 97 117 0 54 130 110 4 39 67 23 41 145 115 2 58 0 111 50 102 33 81 51 122 30 70 101 1 69 132 27 0 18 83 114 8 125 45 17 84 5 118 60 89 0 53 105 26 149 12 138 28 0 
Solução encontrada considerada mediana
GAP de 5.41311
Numero maximo de geracoes sem evolucao: 192
Solucão valida: Sim
====================================================================================================================


 ===================================================RESULTADOS=========================================================
Melhor fitness final: 1075
Melhor fitness possivel: 1053
Tempo de execução: 327
Melhor solução encontrada: 0 93 85 61 16 141 44 119 91 100 98 37 97 117 0 40 21 73 72 74 22 133 75 56 39 139 4 110 0 112 147 6 96 99 104 59 92 95 94 13 0 87 42 15 43 142 14 38 140 86 113 17 84 5 0 18 48 47 36 143 49 64 11 107 19 123 7 0 33 81 9 103 71 135 35 136 65 66 20 122 1 132 0 28 76 116 77 3 79 129 78 34 120 51 30 70 101 69 0 31 10 108 128 131 32 90 63 126 62 148 88 127 0 89 118 60 83 114 8 125 45 46 124 82 106 52 146 0 105 26 149 109 134 24 29 121 68 150 80 12 138 0 54 130 55 25 67 23 41 145 57 144 115 2 137 58 53 0 111 50 102 27 0 
Solução encontrada considerada boa
GAP de 2.08927
Numero maximo de geracoes sem evolucao: 515
Solucão valida: Sim
====================================================================================================================


 ===================================================RESULTADOS=========================================================
Melhor fitness final: 1093
Melhor fitness possivel: 1053
Tempo de execução: 334
Melhor solução encontrada: 0 81 120 9 135 35 136 65 71 66 103 51 1 0 26 54 130 134 24 29 121 68 150 80 109 12 138 0 96 93 85 61 16 141 44 119 100 37 98 0 111 50 102 33 34 78 129 79 3 77 116 76 28 0 21 73 74 133 22 41 145 15 43 42 142 14 38 140 86 91 0 48 124 46 47 36 143 49 64 11 107 19 123 146 0 132 69 101 70 122 30 20 128 131 32 90 63 126 108 10 127 0 18 83 114 8 125 45 17 113 84 5 118 60 0 137 2 115 57 144 87 97 92 59 99 104 95 117 13 0 27 31 88 148 62 7 82 106 52 58 40 105 53 0 72 75 56 23 67 39 139 25 55 4 110 149 0 89 147 6 94 112 0 
Solução encontrada considerada boa
GAP de 3.79867
Numero maximo de geracoes sem evolucao: 296
Solucão valida: Sim
====================================================================================================================


 ===================================================RESULTADOS=========================================================
Melhor fitness final: 1093
Melhor fitness possivel: 1053
Tempo de execução: 339
Melhor solução encontrada: 0 40 21 73 72 25 55 130 54 134 24 29 121 68 150 80 0 147 6 96 99 104 59 92 95 94 13 137 58 53 0 83 114 8 125 45 17 113 84 5 118 60 0 93 85 61 16 141 44 119 91 100 98 37 97 117 0 74 22 133 75 56 23 67 39 139 4 110 0 10 108 126 63 90 32 131 128 66 20 30 70 101 132 0 112 89 18 82 106 88 148 62 31 127 52 146 0 87 144 57 42 142 14 86 140 38 43 15 41 145 115 2 0 1 103 71 65 136 35 135 34 78 129 79 3 77 116 76 0 111 50 102 33 81 120 9 51 122 69 27 0 48 124 46 47 36 143 49 64 11 107 19 123 7 0 105 26 149 109 12 138 28 0 
Solução encontrada considerada boa
GAP de 3.79867
Numero maximo de geracoes sem evolucao: 265
Solucão valida: Sim
====================================================================================================================


 ===================================================RESULTADOS=========================================================
Melhor fitness final: 1087
Melhor fitness possivel: 1053
Tempo de execução: 391
Melhor solução encontrada: 0 40 21 73 72 25 55 130 54 134 24 29 121 68 80 150 0 89 147 118 60 83 125 45 8 114 82 106 0 74 22 133 75 56 23 67 39 139 4 110 0 88 148 62 10 108 126 63 90 32 131 128 30 70 101 132 0 116 77 3 79 129 78 34 120 81 33 102 50 0 18 5 84 17 113 86 140 38 43 15 41 145 57 87 137 0 53 2 115 144 42 142 14 119 44 141 16 61 99 96 6 0 94 95 59 104 93 85 91 100 98 37 92 97 117 0 28 138 12 109 149 26 105 58 13 112 0 48 124 46 47 36 143 49 64 11 107 19 123 7 0 69 1 122 20 66 65 136 35 135 71 103 9 51 76 111 0 146 52 127 31 27 0 
Solução encontrada considerada boa
GAP de 3.22887
Numero maximo de geracoes sem evolucao: 1127
Solucão valida: Sim
====================================================================================================================


 ===================================================RESULTADOS=========================================================
Melhor fitness final: 1089
Melhor fitness possivel: 1053
Tempo de execução: 429
Melhor solução encontrada: 0 12 109 80 150 68 121 29 24 134 54 130 55 25 4 110 0 76 79 129 78 34 135 35 136 65 71 66 103 51 122 1 0 149 72 74 41 145 15 43 38 140 86 113 17 84 5 0 88 148 62 10 108 126 63 90 32 131 128 20 30 70 101 69 0 13 137 2 115 57 144 42 142 14 119 44 141 16 61 0 146 52 106 82 114 8 45 125 83 118 60 18 0 48 124 46 47 36 143 49 64 11 107 19 123 7 0 94 59 92 98 37 100 91 85 93 99 104 96 89 0 139 39 67 23 56 75 133 22 73 21 40 0 111 50 102 33 9 120 81 3 77 116 138 0 112 147 6 95 117 97 87 58 26 105 53 0 28 132 31 127 27 0 
Solução encontrada considerada boa
GAP de 3.4188
Numero maximo de geracoes sem evolucao: 368
Solucão valida: Sim
====================================================================================================================


 ===================================================RESULTADOS=========================================================
Melhor fitness final: 1105
Melhor fitness possivel: 1053
Tempo de execução: 415
Melhor solução encontrada: 0 83 114 8 125 45 17 113 84 5 118 60 0 94 95 59 92 37 98 85 93 99 104 96 6 0 111 76 77 3 79 68 150 80 109 12 138 28 0 48 124 46 47 36 143 49 64 11 107 19 123 7 0 116 121 29 129 78 34 135 35 136 65 71 103 66 128 20 1 0 130 55 25 139 39 67 23 56 75 74 72 53 0 50 102 33 81 120 9 51 122 30 70 101 69 132 0 13 58 40 21 110 4 24 134 54 149 26 105 0 127 88 148 62 126 63 90 32 131 108 10 31 27 0 147 61 16 141 44 119 14 142 42 144 57 115 2 137 0 117 87 97 100 91 86 140 38 43 15 145 41 22 133 73 0 146 52 106 82 18 89 112 0 
Solução encontrada considerada boa
GAP de 4.93827
Numero maximo de geracoes sem evolucao: 834
Solucão valida: Sim
====================================================================================================================

