
 ===================================================RESULTADOS=========================================================
Melhor fitness final: 1093
Melhor fitness possivel: 1053
Tempo de execução: 178
Melhor solução encontrada: 0 79 129 78 34 135 35 136 65 71 9 120 81 33 0 123 107 19 124 46 45 125 17 113 86 140 38 37 92 0 18 60 118 5 84 83 114 8 82 106 52 27 0 26 149 110 4 55 25 139 39 67 23 56 75 73 0 127 88 148 62 11 64 49 143 36 47 48 7 146 0 138 109 54 130 134 24 29 121 68 150 80 12 28 0 13 137 2 115 57 144 87 97 95 94 147 89 0 59 98 91 141 16 61 85 93 104 99 96 6 0 21 72 74 133 22 41 145 15 43 42 142 14 119 44 100 117 0 132 69 101 70 30 122 1 50 102 3 77 116 76 111 0 31 10 108 126 63 90 32 131 128 20 66 103 51 0 112 58 40 105 53 0 
Solução encontrada considerada boa
GAP de 3.79867
Numero maximo de geracoes sem evolucao: 498
Solucão valida: Sim
====================================================================================================================


 ===================================================RESULTADOS=========================================================
Melhor fitness final: 1116
Melhor fitness possivel: 1053
Tempo de execução: 160
Melhor solução encontrada: 0 94 59 98 37 100 85 61 93 104 99 96 6 0 28 76 79 129 78 34 135 35 136 65 71 66 103 51 122 0 26 149 110 4 56 75 133 22 74 72 73 21 40 53 0 112 13 117 95 97 87 144 115 2 137 58 105 0 111 50 102 33 9 120 81 3 77 116 138 0 52 31 10 108 90 32 131 128 20 30 70 101 1 69 132 0 18 82 48 124 47 123 19 107 62 7 106 146 0 54 67 23 41 145 57 15 43 38 140 44 119 14 142 42 0 139 39 25 55 130 134 24 29 121 68 80 150 109 12 0 60 83 114 8 125 45 17 113 86 141 16 91 92 0 118 5 84 46 36 143 49 64 63 126 11 148 88 127 0 27 89 147 0 
Solução encontrada considerada mediana
GAP de 5.98291
Numero maximo de geracoes sem evolucao: 321
Solucão valida: Sim
====================================================================================================================


 ===================================================RESULTADOS=========================================================
Melhor fitness final: 1073
Melhor fitness possivel: 1053
Tempo de execução: 182
Melhor solução encontrada: 0 132 20 66 128 131 32 90 63 126 108 10 62 148 88 0 105 40 21 73 72 74 133 22 41 145 115 2 58 53 0 138 12 80 150 68 121 29 24 134 25 55 130 54 109 0 48 124 46 47 36 143 49 64 11 107 19 123 146 0 18 83 114 8 125 45 17 113 84 5 118 60 0 76 116 77 3 79 129 78 34 135 35 136 65 71 103 1 0 111 50 102 33 81 120 9 51 122 30 70 101 69 0 112 6 61 16 86 140 38 43 15 57 144 87 137 0 28 26 149 110 4 139 39 67 23 56 75 0 13 117 97 42 142 14 119 44 141 91 100 98 37 92 95 0 94 59 85 93 104 99 96 147 89 0 27 127 31 7 82 106 52 0 
Solução encontrada considerada boa
GAP de 1.89934
Numero maximo de geracoes sem evolucao: 624
Solucão valida: Sim
====================================================================================================================


 ===================================================RESULTADOS=========================================================
Melhor fitness final: 1102
Melhor fitness possivel: 1053
Tempo de execução: 180
Melhor solução encontrada: 0 53 40 73 75 56 23 67 39 139 25 55 130 54 0 18 83 61 113 86 140 38 142 42 43 15 115 2 137 58 0 93 85 91 16 141 44 119 14 100 37 98 92 0 105 21 72 74 133 22 41 145 57 144 87 117 13 0 1 20 128 66 65 136 121 29 24 134 150 80 68 116 0 127 31 10 108 131 32 90 63 126 62 148 88 52 146 0 48 124 46 47 36 143 49 64 11 107 19 123 7 0 27 132 69 101 70 30 122 51 81 33 102 50 111 0 112 94 95 97 59 104 99 96 6 147 0 120 9 103 71 35 135 34 78 129 79 3 77 76 0 89 60 118 5 84 17 45 125 8 114 82 106 0 28 138 12 109 4 110 149 26 0 
Solução encontrada considerada boa
GAP de 4.65337
Numero maximo de geracoes sem evolucao: 101
Solucão valida: Sim
====================================================================================================================


 ===================================================RESULTADOS=========================================================
Melhor fitness final: 1096
Melhor fitness possivel: 1053
Tempo de execução: 160
Melhor solução encontrada: 0 18 60 61 16 141 44 119 91 100 37 98 85 93 0 17 113 86 140 38 14 142 42 43 15 145 41 22 133 74 0 7 123 19 107 11 64 49 143 36 47 124 48 0 89 147 6 96 99 104 59 92 97 117 95 94 112 0 21 73 72 75 56 23 67 39 139 4 110 0 88 148 62 10 108 126 63 90 32 131 128 20 30 122 1 0 26 149 54 130 55 25 134 24 29 121 68 77 116 0 27 69 51 103 66 71 65 136 35 135 9 102 50 0 138 12 109 80 150 3 79 129 78 34 120 81 33 76 0 53 58 13 137 87 144 57 115 2 40 105 0 118 5 84 83 125 45 46 8 114 82 106 52 0 28 111 132 101 70 31 127 146 0 
Solução encontrada considerada boa
GAP de 4.08357
Numero maximo de geracoes sem evolucao: 1529
Solucão valida: Sim
====================================================================================================================


 ===================================================RESULTADOS=========================================================
Melhor fitness final: 1106
Melhor fitness possivel: 1053
Tempo de execução: 180
Melhor solução encontrada: 0 83 114 8 125 45 17 113 86 140 38 43 142 42 117 0 138 12 121 29 24 134 54 130 4 110 72 73 21 40 0 112 147 96 99 104 59 92 97 95 94 13 0 27 31 10 108 131 32 90 63 126 62 148 88 127 0 3 79 129 78 34 135 35 136 65 71 81 33 102 0 105 26 149 109 80 150 68 77 116 76 111 28 0 118 5 98 37 87 144 57 15 41 145 115 2 137 53 0 6 93 85 91 100 14 119 44 141 16 61 84 60 0 48 124 46 47 36 143 49 64 11 107 19 123 7 0 69 101 70 122 30 20 128 66 103 9 120 51 50 1 132 0 55 25 139 39 67 23 56 75 133 22 74 58 0 89 18 82 106 52 146 0 
Solução encontrada considerada mediana
GAP de 5.03324
Numero maximo de geracoes sem evolucao: 978
Solucão valida: Sim
====================================================================================================================


 ===================================================RESULTADOS=========================================================
Melhor fitness final: 1103
Melhor fitness possivel: 1053
Tempo de execução: 176
Melhor solução encontrada: 0 27 69 101 70 30 32 131 128 20 66 65 136 71 103 0 111 50 102 3 77 116 76 12 109 149 26 138 0 57 15 43 38 140 86 113 17 84 45 125 114 83 18 0 88 148 62 64 49 143 36 47 48 124 46 8 82 0 117 42 142 14 119 44 141 16 61 5 118 60 0 40 21 73 72 74 22 133 75 56 39 139 4 110 0 127 31 10 108 90 63 126 11 107 19 123 7 106 52 146 0 23 67 25 55 130 54 134 24 29 121 68 150 80 0 94 59 92 37 98 100 91 85 93 104 99 96 6 0 58 13 137 2 115 41 145 144 87 97 95 147 89 0 132 1 122 51 9 120 135 35 34 78 129 79 81 33 0 28 105 53 112 0 
Solução encontrada considerada boa
GAP de 4.74834
Numero maximo de geracoes sem evolucao: 2293
Solucão valida: Sim
====================================================================================================================


 ===================================================RESULTADOS=========================================================
Melhor fitness final: 1098
Melhor fitness possivel: 1053
Tempo de execução: 171
Melhor solução encontrada: 0 58 115 145 41 22 133 23 56 75 74 72 73 21 40 0 9 71 65 136 35 135 120 81 33 102 50 0 127 88 148 62 19 36 143 49 64 108 10 31 0 18 83 114 8 125 45 46 124 47 48 82 52 0 13 137 2 57 15 43 142 42 144 87 97 59 99 104 96 0 53 105 26 149 138 111 1 122 30 70 101 69 132 27 0 76 77 3 79 129 78 34 121 29 24 134 150 80 68 116 0 60 118 5 84 17 113 16 141 44 100 37 117 0 28 12 109 54 130 55 25 67 39 139 4 110 0 95 92 98 91 119 14 38 140 86 61 85 93 0 146 106 7 123 107 11 126 63 90 32 131 128 20 66 103 51 0 89 147 6 94 112 0 
Solução encontrada considerada boa
GAP de 4.2735
Numero maximo de geracoes sem evolucao: 260
Solucão valida: Sim
====================================================================================================================


 ===================================================RESULTADOS=========================================================
Melhor fitness final: 1083
Melhor fitness possivel: 1053
Tempo de execução: 162
Melhor solução encontrada: 0 27 132 69 1 101 70 122 30 108 10 148 88 31 127 0 111 51 103 66 20 128 131 32 90 63 126 62 7 106 52 146 0 73 74 133 22 41 145 15 43 38 140 119 14 142 42 144 57 115 2 0 110 4 55 25 139 39 67 23 56 75 72 21 40 0 123 19 107 11 64 49 143 36 47 48 82 0 79 129 78 34 135 35 136 65 71 9 120 81 33 0 89 18 114 8 124 46 45 125 83 60 118 147 0 53 105 26 58 137 87 97 95 117 13 0 112 94 59 98 85 93 104 99 96 6 0 5 84 17 113 86 44 141 16 61 91 100 37 92 0 149 130 54 134 24 29 121 68 80 150 109 12 138 0 28 76 116 77 3 102 50 0 
Solução encontrada considerada boa
GAP de 2.849
Numero maximo de geracoes sem evolucao: 466
Solucão valida: Sim
====================================================================================================================


 ===================================================RESULTADOS=========================================================
Melhor fitness final: 1098
Melhor fitness possivel: 1053
Tempo de execução: 176
Melhor solução encontrada: 0 40 21 72 75 56 23 67 39 139 25 55 149 0 58 2 115 73 74 133 22 41 145 57 15 43 142 42 144 87 137 0 27 69 101 70 20 128 131 32 90 63 126 108 10 31 127 0 89 83 125 45 17 113 86 16 85 37 92 0 146 88 148 62 11 107 19 123 7 18 60 118 147 0 76 116 77 3 79 129 68 80 150 54 130 4 110 0 50 102 33 81 9 120 34 78 121 29 24 134 109 0 114 8 46 36 143 49 64 47 124 48 82 106 52 0 111 51 103 71 135 35 136 65 66 30 122 1 132 0 112 94 96 104 99 59 95 97 117 13 53 0 5 84 61 141 44 140 38 14 119 91 100 98 93 6 0 105 26 12 138 28 0 
Solução encontrada considerada boa
GAP de 4.2735
Numero maximo de geracoes sem evolucao: 584
Solucão valida: Sim
====================================================================================================================

