
 ===================================================RESULTADOS=========================================================
Melhor fitness final: 1052
Melhor fitness possivel: 1053
Tempo de execução: 84
Melhor solução encontrada: 0 73 75 56 23 67 39 139 25 55 4 110 149 26 0 109 54 130 134 24 29 121 68 80 150 12 138 28 0 93 85 61 16 86 141 91 100 37 98 92 0 106 7 123 19 107 11 64 49 143 36 47 124 46 8 83 0 105 40 21 72 74 133 22 41 145 115 2 58 53 0 79 129 78 34 135 35 136 65 71 66 103 51 122 1 132 0 111 50 102 33 9 120 81 3 77 116 76 0 13 117 97 87 42 142 14 119 44 140 38 43 15 57 144 137 0 18 114 125 45 17 113 84 5 118 60 89 0 112 94 95 59 104 99 96 6 147 0 31 10 108 126 63 90 32 131 128 20 30 70 101 69 27 0 127 88 148 62 48 82 52 146 0 
Solução encontrada considerada ruim
GAP de -0.0949668
Numero maximo de geracoes sem evolucao: 565
Solucão valida: Sim
====================================================================================================================


 ===================================================RESULTADOS=========================================================
Melhor fitness final: 1071
Melhor fitness possivel: 1053
Tempo de execução: 82
Melhor solução encontrada: 0 21 72 74 133 22 41 145 15 43 142 42 144 57 115 2 137 58 0 26 54 130 134 24 29 121 68 80 150 109 12 138 0 40 73 75 56 23 67 39 139 25 55 4 110 149 0 82 36 143 49 64 108 10 62 148 88 31 127 0 27 69 122 128 66 131 32 90 63 126 11 107 19 123 7 146 0 147 5 61 16 141 44 119 91 100 92 97 117 13 0 87 14 38 140 86 113 17 84 118 60 89 0 111 50 102 33 81 34 78 129 79 3 77 116 76 0 18 83 114 8 125 45 46 124 47 48 106 52 0 101 70 30 20 103 71 65 136 35 135 120 9 51 1 132 0 6 96 99 104 93 85 98 37 59 95 94 0 28 105 53 112 0 
Solução encontrada considerada boa
GAP de 1.7094
Numero maximo de geracoes sem evolucao: 971
Solucão valida: Sim
====================================================================================================================


 ===================================================RESULTADOS=========================================================
Melhor fitness final: 1060
Melhor fitness possivel: 1053
Tempo de execução: 87
Melhor solução encontrada: 0 116 77 3 79 129 78 34 135 35 136 65 71 66 20 0 111 50 102 51 103 9 120 81 33 76 28 0 27 132 69 101 70 108 10 62 148 88 31 127 0 112 13 117 95 59 99 104 96 6 147 0 87 42 142 14 119 44 86 140 38 43 15 57 144 137 0 109 54 130 134 24 29 121 68 80 150 12 138 0 114 8 46 36 143 49 47 124 48 82 106 52 0 26 149 110 4 55 25 139 39 67 23 56 75 73 0 146 18 83 125 45 17 113 84 5 118 60 89 0 94 93 85 61 16 141 91 100 98 37 92 97 0 7 123 19 107 11 64 63 126 90 32 131 128 30 122 1 0 105 40 21 72 74 133 22 41 145 115 2 58 53 0 
Solução encontrada considerada boa
GAP de 0.664767
Numero maximo de geracoes sem evolucao: 830
Solucão valida: Sim
====================================================================================================================


 ===================================================RESULTADOS=========================================================
Melhor fitness final: 1117
Melhor fitness possivel: 1053
Tempo de execução: 83
Melhor solução encontrada: 0 138 12 109 80 150 54 130 55 25 67 23 110 149 26 0 53 105 58 2 115 145 41 15 43 142 42 57 144 87 137 13 0 4 139 39 56 75 133 22 74 72 73 21 40 0 94 95 97 59 104 99 96 118 60 147 89 0 18 83 125 45 17 113 86 140 38 61 84 5 0 132 69 101 70 122 30 20 103 9 120 81 33 102 0 27 31 10 90 131 128 66 65 136 35 135 71 51 1 0 117 92 37 98 100 14 119 44 141 16 91 85 93 6 0 114 8 46 124 47 36 143 49 64 107 19 123 7 127 146 0 50 77 3 79 129 78 34 121 29 24 134 68 116 76 0 52 106 82 48 11 126 63 32 108 62 148 88 0 112 28 111 0 
Solução encontrada considerada mediana
GAP de 6.07787
Numero maximo de geracoes sem evolucao: 1174
Solucão valida: Sim
====================================================================================================================


 ===================================================RESULTADOS=========================================================
Melhor fitness final: 1076
Melhor fitness possivel: 1053
Tempo de execução: 87
Melhor solução encontrada: 0 60 83 17 113 86 140 38 44 141 16 61 147 0 95 97 37 100 91 119 14 142 42 43 15 57 144 87 117 13 0 50 102 33 81 120 9 103 66 128 20 122 0 48 124 46 47 36 143 49 64 11 107 19 123 7 0 110 4 139 39 56 75 133 22 74 72 73 21 40 0 106 88 148 62 126 63 90 32 131 108 10 31 127 146 0 6 96 99 104 93 85 98 92 59 94 112 0 28 138 12 150 80 68 121 29 24 134 109 26 105 0 149 54 130 55 25 67 23 41 145 115 2 137 58 53 0 89 118 5 84 45 125 8 114 82 18 52 0 111 76 116 77 3 79 129 78 34 135 35 136 65 71 51 0 132 1 30 70 101 69 27 0 
Solução encontrada considerada boa
GAP de 2.18424
Numero maximo de geracoes sem evolucao: 1504
Solucão valida: Sim
====================================================================================================================


 ===================================================RESULTADOS=========================================================
Melhor fitness final: 1131
Melhor fitness possivel: 1053
Tempo de execução: 87
Melhor solução encontrada: 0 75 133 22 145 15 43 87 97 117 95 94 6 147 0 146 52 7 123 19 64 49 143 36 47 46 124 48 82 0 28 76 116 77 3 79 129 78 34 120 81 33 0 111 50 102 51 20 128 108 10 62 148 88 0 59 92 98 37 100 119 44 91 85 93 99 104 96 0 149 130 54 134 24 29 121 68 150 80 109 12 138 0 18 83 114 8 125 45 17 113 84 5 118 60 0 110 4 55 25 139 39 67 23 56 41 74 72 73 21 0 2 115 57 144 42 142 14 38 140 86 141 16 61 0 27 69 101 70 30 131 32 90 63 126 11 107 106 89 112 0 127 31 122 103 66 71 65 136 35 135 9 1 132 0 13 137 58 40 26 105 53 0 
Solução encontrada considerada mediana
GAP de 7.40741
Numero maximo de geracoes sem evolucao: 2089
Solucão valida: Sim
====================================================================================================================


 ===================================================RESULTADOS=========================================================
Melhor fitness final: 1064
Melhor fitness possivel: 1053
Tempo de execução: 84
Melhor solução encontrada: 0 51 9 120 135 35 136 65 71 66 103 122 1 132 0 26 149 109 134 24 29 121 68 80 150 12 138 28 0 18 114 8 46 36 143 49 47 124 48 82 106 146 0 58 2 115 145 41 22 133 75 74 72 73 21 40 53 0 94 95 97 98 85 93 59 104 99 96 6 0 76 116 77 3 79 129 78 34 81 33 102 50 111 0 7 123 19 107 11 64 63 126 90 32 131 128 20 30 70 101 69 0 137 87 144 57 15 43 42 142 14 141 16 61 147 0 13 117 92 37 100 91 119 44 38 140 86 113 17 84 5 0 52 88 148 62 108 10 31 127 27 0 105 110 4 56 23 67 39 139 25 55 130 54 0 112 118 60 45 125 83 89 0 
Solução encontrada considerada boa
GAP de 1.04463
Numero maximo de geracoes sem evolucao: 175
Solucão valida: Sim
====================================================================================================================


 ===================================================RESULTADOS=========================================================
Melhor fitness final: 1082
Melhor fitness possivel: 1053
Tempo de execução: 84
Melhor solução encontrada: 0 53 58 40 73 74 22 133 75 56 72 21 149 26 0 137 2 115 145 41 15 43 14 38 140 86 16 61 147 0 109 54 130 55 25 67 23 39 139 4 110 105 0 138 12 80 150 134 24 29 121 68 116 28 0 87 144 57 42 142 119 44 141 91 100 98 37 92 97 117 13 0 52 7 123 19 107 11 64 49 143 36 47 124 46 18 89 0 50 33 120 9 135 35 136 65 71 66 103 51 1 0 27 127 31 88 148 62 48 82 106 146 0 112 94 95 59 85 93 104 99 96 6 0 132 122 30 20 128 131 32 90 63 126 108 10 70 101 69 0 5 84 113 17 45 125 8 114 83 60 118 0 111 102 81 34 78 129 79 3 77 76 0 
Solução encontrada considerada boa
GAP de 2.75404
Numero maximo de geracoes sem evolucao: 165
Solucão valida: Sim
====================================================================================================================


 ===================================================RESULTADOS=========================================================
Melhor fitness final: 1070
Melhor fitness possivel: 1053
Tempo de execução: 83
Melhor solução encontrada: 0 111 50 102 33 9 120 81 3 77 116 76 0 147 84 17 113 86 140 38 14 119 44 141 91 98 0 127 88 148 62 107 11 64 49 143 36 19 123 7 146 0 28 138 12 150 80 68 121 29 24 134 109 26 105 0 18 114 8 125 45 46 124 47 48 82 106 52 0 94 95 117 97 92 59 104 5 118 60 83 89 0 149 54 130 55 25 67 23 41 145 15 43 142 42 87 137 0 6 96 99 93 85 61 16 100 37 144 57 115 2 53 0 79 129 78 34 135 35 136 65 71 66 103 51 122 1 132 0 27 69 101 70 30 20 128 131 32 90 63 126 108 10 31 0 40 21 73 72 74 22 133 75 56 39 139 4 110 0 58 13 112 0 
Solução encontrada considerada boa
GAP de 1.61443
Numero maximo de geracoes sem evolucao: 1096
Solucão valida: Sim
====================================================================================================================


 ===================================================RESULTADOS=========================================================
Melhor fitness final: 1096
Melhor fitness possivel: 1053
Tempo de execução: 81
Melhor solução encontrada: 0 82 48 124 46 47 36 143 49 19 123 7 106 52 0 105 26 149 54 130 55 25 4 110 72 21 40 58 0 102 51 103 71 65 136 35 135 34 78 121 29 24 134 53 0 137 87 14 119 44 38 140 86 141 16 61 0 69 101 70 10 108 128 20 66 9 120 81 33 50 0 94 93 85 91 100 98 37 42 142 43 15 57 144 115 2 0 73 74 75 56 139 39 67 23 133 22 41 145 0 18 83 114 8 125 45 17 113 84 5 118 60 0 27 1 122 30 131 32 90 126 63 64 11 107 62 148 88 146 0 89 147 6 96 99 104 59 92 97 95 117 13 112 0 138 12 109 150 80 68 129 79 3 77 116 76 28 0 111 132 31 127 0 
Solução encontrada considerada boa
GAP de 4.08357
Numero maximo de geracoes sem evolucao: 1319
Solucão valida: Sim
====================================================================================================================

