GAP médio = 4.07866%
 ===================================================RESULTADOS=========================================================
Melhor fitness final: 1403
Melhor fitness possivel: 1373
Tempo de execução: 582
Melhor solução encontrada: 0 94 95 117 97 151 92 59 93 99 104 96 183 0 103 161 71 65 136 35 135 164 34 78 169 129 0 87 42 142 14 119 44 191 141 16 61 173 5 6 0 54 130 165 55 25 170 187 139 39 186 56 197 72 0 108 126 63 90 32 131 160 128 66 188 20 30 0 52 7 123 19 107 175 11 62 159 189 10 101 69 0 167 88 148 182 194 106 153 166 89 112 156 0 184 77 3 158 79 185 33 157 102 50 176 27 0 147 118 60 83 199 125 45 174 8 114 18 0 146 127 190 31 70 122 51 9 120 81 1 132 0 12 109 177 150 80 68 116 196 76 111 0 149 195 179 110 198 21 73 171 133 22 41 145 115 0 28 154 138 26 180 40 58 152 53 0 85 98 37 100 193 91 192 38 140 86 113 17 84 0 162 181 64 49 143 36 46 124 47 168 48 82 0 105 74 75 23 67 4 155 134 163 24 29 121 0 13 137 144 172 43 15 57 178 2 0 
Solução encontrada considerada boa
GAP de 2.185
Numero maximo de geracoes sem evolucao: 438
Solucão valida: Sim
====================================================================================================================


 ===================================================RESULTADOS=========================================================
Melhor fitness final: 1400
Melhor fitness possivel: 1373
Tempo de execução: 688
Melhor solução encontrada: 0 50 102 157 33 81 164 34 78 169 129 79 185 0 173 17 113 61 16 141 191 44 119 192 14 142 42 172 0 183 96 104 99 93 85 98 37 92 151 94 0 156 146 167 127 190 31 162 101 69 132 176 0 180 195 109 177 80 150 68 154 138 28 0 13 117 95 97 87 178 115 2 58 152 53 0 149 179 110 198 72 74 133 22 171 73 40 0 112 60 118 5 84 45 125 199 83 166 0 10 189 108 126 63 90 32 131 160 128 188 20 122 1 0 155 4 139 187 39 23 186 56 197 75 41 145 0 89 18 153 106 194 7 182 62 159 148 88 0 147 6 59 100 193 91 86 140 38 43 15 57 144 137 0 11 175 107 19 123 168 47 124 48 82 52 0 3 158 121 29 24 163 134 54 130 165 55 25 170 67 21 0 27 111 76 196 77 116 184 12 26 105 0 120 9 135 35 136 65 66 71 161 103 51 0 70 30 181 64 49 143 36 46 174 8 114 0 
Solução encontrada considerada boa
GAP de 1.9665
Numero maximo de geracoes sem evolucao: 767
Solucão valida: Sim
====================================================================================================================


 ===================================================RESULTADOS=========================================================
Melhor fitness final: 1433
Melhor fitness possivel: 1373
Tempo de execução: 754
Melhor solução encontrada: 0 107 175 11 126 63 181 90 32 131 160 128 20 30 0 83 199 114 8 174 45 125 84 173 5 118 60 0 31 148 62 159 10 189 108 70 101 162 132 0 156 52 153 106 194 7 182 88 190 167 27 0 12 177 150 80 68 158 3 77 116 196 76 0 183 94 92 151 98 59 99 104 96 6 147 89 0 26 149 195 179 110 198 72 74 171 73 53 0 37 100 191 141 86 44 119 192 14 142 42 172 0 54 130 165 55 25 170 67 39 187 139 4 155 0 184 79 129 78 135 35 161 9 120 81 33 0 21 197 56 186 23 75 133 22 41 145 115 178 2 0 13 117 95 97 87 137 58 152 40 180 105 0 111 50 102 157 1 176 69 127 18 166 112 0 82 48 168 47 124 46 36 143 49 64 19 123 146 0 28 185 164 34 169 121 29 24 163 134 109 154 138 0 144 57 15 43 38 140 16 113 17 61 91 193 85 93 0 122 188 66 65 136 71 103 51 0 
Solução encontrada considerada boa
GAP de 4.36999
Numero maximo de geracoes sem evolucao: 877
Solucão valida: Sim
====================================================================================================================


 ===================================================RESULTADOS=========================================================
Melhor fitness final: 1433
Melhor fitness possivel: 1373
Tempo de execução: 638
Melhor solução encontrada: 0 163 24 134 54 130 165 55 25 170 187 139 39 186 21 0 50 33 81 120 135 35 136 65 71 161 9 0 59 151 92 98 37 100 193 91 85 93 99 104 96 0 12 121 29 169 129 79 158 3 77 196 116 184 0 156 112 147 6 183 94 152 105 53 0 190 31 162 101 70 30 122 51 164 34 78 185 76 0 149 198 110 155 4 179 195 109 177 150 80 68 0 13 117 95 97 87 144 57 178 115 2 137 58 0 40 74 133 22 41 145 15 43 38 140 44 119 192 14 142 42 172 0 69 32 131 160 128 20 188 66 103 157 102 0 10 189 108 126 63 11 175 107 62 159 148 88 146 0 52 153 106 194 7 123 19 182 127 167 132 176 27 0 89 60 118 5 173 84 45 174 8 114 18 0 166 83 199 125 17 113 86 141 191 16 61 0 82 48 168 47 124 46 36 143 49 64 181 90 1 0 26 72 197 56 67 23 75 171 73 180 0 28 138 154 111 0 
Solução encontrada considerada boa
GAP de 4.36999
Numero maximo de geracoes sem evolucao: 1211
Solucão valida: Sim
====================================================================================================================


 ===================================================RESULTADOS=========================================================
Melhor fitness final: 1427
Melhor fitness possivel: 1373
Tempo de execução: 661
Melhor solução encontrada: 0 96 104 99 93 85 98 37 151 92 59 94 0 162 70 30 122 51 9 120 81 33 185 129 79 76 0 27 31 10 189 108 159 62 148 182 88 0 179 139 187 39 67 170 25 55 165 54 177 80 150 0 184 196 116 68 77 158 3 157 102 50 0 26 110 155 4 72 74 133 22 41 145 171 73 21 0 82 48 168 47 124 174 45 125 199 83 0 5 173 61 16 191 86 113 17 84 118 60 0 111 12 109 195 149 180 40 58 152 53 0 147 6 183 95 97 87 144 57 115 178 2 0 172 42 15 43 142 14 38 140 141 44 119 192 91 193 100 117 0 167 127 190 106 153 18 166 89 112 156 0 169 121 29 24 163 134 130 56 186 23 75 197 198 0 132 32 131 160 128 20 188 103 161 1 176 0 69 101 90 126 63 181 66 71 65 136 35 135 164 34 78 0 114 8 46 36 143 49 64 11 175 107 19 123 7 194 52 146 0 28 154 138 105 137 13 0 
Solução encontrada considerada boa
GAP de 3.93299
Numero maximo de geracoes sem evolucao: 383
Solucão valida: Sim
====================================================================================================================


 ===================================================RESULTADOS=========================================================
Melhor fitness final: 1420
Melhor fitness possivel: 1373
Tempo de execução: 736
Melhor solução encontrada: 0 60 118 5 84 173 16 141 191 44 119 192 37 117 0 105 198 110 155 4 139 187 39 197 72 21 0 78 34 164 135 35 136 65 71 161 66 128 20 0 109 134 163 24 29 121 169 129 79 185 81 33 102 0 53 2 178 115 171 133 22 41 145 57 172 42 87 0 183 94 95 97 151 92 59 93 99 104 96 6 0 58 152 40 180 26 149 195 12 138 0 177 150 80 68 3 158 77 116 196 76 28 0 166 18 153 106 194 182 148 62 159 69 132 0 27 176 1 122 70 101 162 31 190 127 167 146 0 30 160 131 32 181 63 126 90 108 189 10 0 114 8 125 45 17 113 61 85 91 193 100 98 0 89 82 48 124 47 168 19 175 107 123 7 52 0 111 50 157 51 188 103 9 120 184 154 0 179 54 130 165 55 25 170 67 23 186 56 75 74 73 0 88 11 64 49 143 36 46 174 199 83 147 112 0 156 86 140 38 14 142 43 15 144 137 13 0 
Solução encontrada considerada boa
GAP de 3.42316
Numero maximo de geracoes sem evolucao: 1243
Solucão valida: Sim
====================================================================================================================


 ===================================================RESULTADOS=========================================================
Melhor fitness final: 1456
Melhor fitness possivel: 1373
Tempo de execução: 537
Melhor solução encontrada: 0 102 157 33 81 185 79 129 78 164 34 169 24 163 0 134 54 130 165 55 25 170 67 39 187 139 110 0 12 109 177 150 80 68 3 158 77 116 184 111 0 82 48 124 47 168 123 19 107 175 11 126 63 90 0 104 99 93 85 91 193 100 37 98 151 92 97 117 13 0 118 5 173 84 125 45 174 8 114 199 83 0 105 198 72 197 75 133 22 74 171 73 21 0 181 32 131 160 128 20 188 71 161 9 0 152 58 40 180 26 149 195 138 154 28 0 112 183 94 95 59 96 147 89 52 146 0 61 16 141 191 192 119 44 38 140 86 113 17 60 0 167 127 190 31 162 101 70 30 122 1 176 132 69 0 88 148 189 10 108 159 62 182 194 106 153 0 76 196 121 29 120 135 35 136 65 66 103 51 50 0 53 2 178 115 145 57 15 43 14 142 42 172 144 87 137 0 179 4 155 56 186 23 41 6 166 18 46 36 143 49 64 7 0 27 156 0 
Solução encontrada considerada mediana
GAP de 6.04516
Numero maximo de geracoes sem evolucao: 1459
Solucão valida: Sim
====================================================================================================================


 ===================================================RESULTADOS=========================================================
Melhor fitness final: 1441
Melhor fitness possivel: 1373
Tempo de execução: 517
Melhor solução encontrada: 0 185 79 129 169 78 120 71 161 9 81 33 0 89 166 18 153 106 194 7 182 62 159 148 146 0 53 105 26 149 195 109 12 138 154 28 0 155 25 55 165 130 54 177 80 150 68 116 184 0 183 59 92 151 97 117 13 152 58 40 0 114 82 48 124 168 47 36 143 49 64 88 0 111 76 196 77 3 158 157 102 50 176 132 0 156 112 167 127 190 31 162 69 27 0 94 95 37 100 193 85 93 104 99 96 6 0 65 136 35 135 164 34 121 29 24 163 134 179 110 198 0 4 139 187 170 67 39 186 75 74 171 73 0 52 123 19 107 175 11 126 63 90 131 160 128 20 30 70 101 0 98 91 191 141 44 119 192 14 142 42 172 178 2 0 147 60 118 84 113 17 125 45 46 174 8 199 83 0 5 173 61 16 86 140 38 43 15 57 144 87 137 0 10 189 108 32 181 66 188 103 51 122 1 0 180 21 72 197 56 23 133 22 41 145 115 0 
Solução encontrada considerada boa
GAP de 4.95266
Numero maximo de geracoes sem evolucao: 222
Solucão valida: Sim
====================================================================================================================


 ===================================================RESULTADOS=========================================================
Melhor fitness final: 1414
Melhor fitness possivel: 1373
Tempo de execução: 539
Melhor solução encontrada: 0 60 118 5 84 173 61 16 141 191 192 100 37 117 0 87 144 57 178 2 115 145 41 22 133 74 171 73 0 52 106 194 7 48 168 47 124 82 18 166 89 0 147 6 96 104 99 59 92 151 97 95 94 183 0 76 79 129 169 78 34 164 135 71 161 103 122 0 62 159 126 63 181 131 32 90 108 10 189 162 0 83 199 114 8 174 125 45 17 113 86 91 193 0 28 184 116 68 150 80 177 109 12 154 138 0 93 98 85 119 44 140 38 14 142 43 15 42 172 137 0 105 53 156 146 127 190 31 167 27 0 180 21 72 75 197 198 179 195 149 26 0 196 77 3 158 185 33 81 120 9 51 1 176 0 110 4 155 139 39 187 25 55 165 130 134 163 24 29 121 0 157 35 136 65 66 188 20 128 160 30 70 101 69 132 0 153 46 36 143 49 64 11 175 107 19 123 182 148 88 0 111 50 102 54 170 67 23 186 56 40 0 152 58 13 112 0 
Solução encontrada considerada boa
GAP de 2.98616
Numero maximo de geracoes sem evolucao: 1307
Solucão valida: Sim
====================================================================================================================


 ===================================================RESULTADOS=========================================================
Melhor fitness final: 1463
Melhor fitness possivel: 1373
Tempo de execução: 580
Melhor solução encontrada: 0 6 96 99 104 59 151 92 97 95 94 183 112 0 106 194 7 48 168 47 124 82 18 166 89 0 105 26 195 179 149 180 40 58 152 53 0 87 144 57 172 42 142 14 119 44 191 16 61 5 0 21 72 197 56 39 187 139 4 155 110 198 0 118 84 173 113 86 141 91 193 100 98 37 117 0 176 157 33 81 120 164 34 78 169 129 79 185 0 147 60 83 199 114 127 190 162 101 1 69 132 27 0 93 85 38 140 17 45 125 174 8 153 52 146 0 9 103 161 71 135 35 136 65 66 188 128 0 109 54 130 165 55 25 170 67 23 186 75 74 73 0 171 133 22 41 145 115 178 2 137 13 156 0 31 189 10 108 90 63 126 159 62 148 88 167 0 154 138 12 150 80 68 116 184 28 0 111 50 102 51 122 70 11 175 107 19 123 182 0 30 20 160 131 32 181 64 49 143 36 46 192 43 15 0 76 196 77 3 158 121 29 24 163 134 177 0 
Solução encontrada considerada mediana
GAP de 6.55499
Numero maximo de geracoes sem evolucao: 983
Solucão valida: Sim
====================================================================================================================
====================================================================================================================
====================================================================================================================

 ===================================================RESULTADOS=========================================================
Melhor fitness final: 1413
Melhor fitness possivel: 1373
Tempo de execução: 566
Melhor solução encontrada: 0 184 68 80 150 177 109 195 149 26 105 53 0 85 193 91 191 141 86 16 61 5 0 96 99 104 59 93 98 100 37 92 151 13 137 152 0 180 54 134 163 24 29 121 169 129 79 185 33 81 51 0 28 154 138 12 116 158 3 77 196 76 111 0 27 69 132 176 1 101 162 31 190 127 167 0 88 148 62 159 11 175 107 19 123 182 52 146 0 122 30 20 128 160 131 32 90 63 126 108 189 10 0 89 147 6 183 94 95 97 117 112 156 0 72 197 56 186 23 75 133 22 74 171 40 0 118 84 173 113 17 45 125 174 8 114 199 83 60 0 166 18 82 124 46 36 143 47 168 48 7 194 106 153 0 110 155 4 139 187 39 67 170 25 55 165 130 179 0 49 64 181 66 71 9 120 102 50 0 157 78 34 164 135 35 136 65 161 103 188 70 0 73 41 145 57 15 43 38 140 44 119 192 14 142 42 172 144 87 0 198 21 115 178 2 58 0 
Solução encontrada considerada boa
GAP de 2.91333
Numero maximo de geracoes sem evolucao: 425
Solucão valida: Sim
====================================================================================================================


 ===================================================RESULTADOS=========================================================
Melhor fitness final: 1439
Melhor fitness possivel: 1373
Tempo de execução: 569
Melhor solução encontrada: 0 73 171 22 133 75 23 186 56 72 21 53 0 51 103 161 71 66 188 20 128 30 122 1 0 162 101 70 160 131 32 181 63 64 11 88 31 167 0 123 19 107 175 49 143 36 46 124 47 168 48 0 185 78 34 164 135 35 136 65 9 120 81 33 0 94 183 6 147 89 166 18 153 190 127 52 0 154 195 149 179 197 74 41 145 115 178 2 112 0 96 93 100 193 91 140 38 43 15 57 144 87 97 95 117 137 0 134 163 24 29 121 169 129 79 3 158 77 116 196 76 0 189 10 108 90 126 159 62 148 182 7 194 106 146 0 13 172 42 142 14 192 119 44 191 141 16 61 173 84 0 198 110 155 4 139 187 39 67 170 25 55 165 0 138 184 68 150 80 177 54 130 109 12 105 0 28 111 50 102 157 176 132 69 27 156 0 118 5 85 98 37 151 92 59 104 99 0 86 113 17 45 125 174 8 82 114 199 83 60 0 58 152 40 180 26 0 
Solução encontrada considerada boa
GAP de 4.80699
Numero maximo de geracoes sem evolucao: 789
Solucão valida: Sim
====================================================================================================================


 ===================================================RESULTADOS=========================================================
Melhor fitness final: 1397
Melhor fitness possivel: 1373
Tempo de execução: 584
Melhor solução encontrada: 0 146 148 182 7 194 106 18 166 96 94 6 147 89 0 60 118 5 84 125 45 174 8 114 199 83 0 10 189 108 90 32 131 160 128 188 20 30 122 70 0 52 48 123 19 107 175 11 63 126 159 62 88 0 76 196 79 129 169 78 34 164 120 185 102 0 105 26 149 179 55 165 130 54 195 138 154 28 0 51 66 181 64 49 143 36 47 168 124 46 82 153 0 111 184 116 77 3 158 68 80 150 177 109 12 0 104 93 85 61 16 141 191 44 119 14 117 0 183 99 173 17 113 86 140 38 43 15 87 97 95 0 58 2 178 115 145 41 22 133 74 171 73 21 40 53 0 139 187 39 23 67 170 25 134 163 24 29 121 0 27 69 132 176 1 101 162 31 190 127 167 0 152 72 197 75 186 56 4 155 110 198 180 0 103 161 71 65 136 35 135 9 81 33 157 50 0 59 92 151 37 98 100 193 91 192 142 42 172 57 144 137 13 0 156 112 0 
Solução encontrada considerada boa
GAP de 1.748
Numero maximo de geracoes sem evolucao: 486
Solucão valida: Sim
====================================================================================================================


 ===================================================RESULTADOS=========================================================
Melhor fitness final: 1446
Melhor fitness possivel: 1373
Tempo de execução: 568
Melhor solução encontrada: 0 149 179 195 161 71 103 188 20 30 122 70 69 0 93 85 98 37 100 193 91 192 44 119 14 142 42 0 51 9 120 35 136 65 66 181 64 49 143 36 46 0 134 163 24 29 121 169 78 34 164 135 157 102 50 0 82 48 124 47 168 19 123 62 159 10 0 87 172 43 15 57 144 178 115 58 152 105 53 0 184 68 80 150 177 109 12 138 154 28 0 13 117 95 97 92 151 59 99 104 96 94 183 0 189 108 160 128 131 32 90 63 126 11 175 107 148 146 0 132 176 1 101 162 31 88 190 127 167 27 0 166 118 60 83 199 125 45 174 8 114 18 0 40 133 75 56 186 23 67 170 25 55 165 130 54 0 21 73 72 197 39 187 139 155 4 110 198 0 76 196 116 77 3 158 129 79 185 81 33 111 0 112 147 89 153 106 194 7 182 52 156 0 5 84 173 17 113 86 140 38 141 191 16 61 6 0 137 2 145 41 22 74 171 180 26 0 
Solução encontrada considerada mediana
GAP de 5.31682
Numero maximo de geracoes sem evolucao: 495
Solucão valida: Sim
====================================================================================================================


 ===================================================RESULTADOS=========================================================
Melhor fitness final: 1425
Melhor fitness possivel: 1373
Tempo de execução: 569
Melhor solução encontrada: 0 154 138 184 68 80 150 12 109 195 26 0 177 134 163 24 29 121 169 185 81 33 157 102 50 0 27 176 79 158 3 77 116 196 76 111 28 0 198 110 4 155 139 187 170 25 55 165 130 54 179 149 0 167 88 182 64 181 128 20 188 66 65 51 0 87 144 57 178 2 115 145 41 22 133 74 171 73 0 21 72 75 23 67 39 186 56 197 53 0 93 85 193 91 191 141 44 119 192 100 37 98 0 120 9 103 161 71 136 35 135 164 34 78 129 0 89 166 18 153 106 194 82 7 148 62 159 70 101 132 0 118 60 83 199 114 8 174 45 125 84 173 5 0 48 168 47 36 143 49 175 11 107 19 123 0 117 172 42 15 43 142 14 38 140 86 16 61 113 17 46 124 146 0 105 180 40 58 152 137 13 112 156 0 183 94 95 97 92 151 59 99 104 96 6 147 0 1 122 30 160 131 32 90 63 126 108 10 189 162 69 0 31 190 127 52 0 
Solução encontrada considerada boa
GAP de 3.78733
Numero maximo de geracoes sem evolucao: 473
Solucão valida: Sim
====================================================================================================================


 ===================================================RESULTADOS=========================================================
Melhor fitness final: 1423
Melhor fitness possivel: 1373
Tempo de execução: 580
Melhor solução encontrada: 0 87 15 43 14 38 140 86 44 119 192 100 117 13 0 138 154 195 149 26 180 40 152 58 53 0 179 54 130 165 55 25 170 67 23 186 75 105 0 177 80 150 68 158 3 77 116 196 76 184 0 148 159 62 182 7 194 106 153 18 166 89 0 28 78 34 164 135 35 136 71 161 103 51 111 0 50 102 185 79 129 169 121 29 24 163 134 109 12 0 183 96 104 99 93 59 92 151 97 95 94 0 198 110 4 155 139 187 39 56 197 72 73 21 0 157 33 81 120 9 65 66 188 20 128 70 69 0 27 167 127 190 88 31 162 101 1 176 132 0 171 74 133 22 41 145 57 142 42 172 144 178 115 2 137 0 82 48 124 47 168 19 107 175 11 64 181 0 122 30 160 131 32 90 63 126 108 189 10 146 0 118 5 84 173 61 16 141 191 91 193 98 37 6 0 52 123 49 143 36 46 114 199 83 60 147 112 156 0 85 113 17 45 125 174 8 0 
Solução encontrada considerada boa
GAP de 3.64166
Numero maximo de geracoes sem evolucao: 425
Solucão valida: Sim
====================================================================================================================
====================================================================================================================
====================================================================================================================
====================================================================================================================
585,8 segundos    GAP = 3.619811
 ===================================================RESULTADOS=========================================================
Melhor fitness final: 1411
Melhor fitness possivel: 1373
Tempo de execução: 570
Melhor solução encontrada: 0 111 33 81 120 185 79 129 169 121 29 24 163 134 0 88 148 159 62 182 7 194 106 153 18 166 89 0 180 21 72 74 133 22 171 73 40 152 58 0 52 123 19 64 49 143 36 46 124 47 168 48 82 0 31 189 10 108 126 63 90 32 131 160 30 122 0 26 149 195 179 54 130 165 55 25 170 187 198 105 0 13 117 97 95 94 183 6 147 112 156 0 76 196 116 77 3 158 68 80 150 177 109 12 0 197 75 56 186 23 67 39 139 155 4 110 0 53 137 87 43 38 140 86 16 141 191 91 193 0 100 192 44 119 14 142 42 172 144 57 15 41 145 115 178 2 0 70 128 20 188 103 161 71 136 35 135 164 34 78 0 107 175 11 181 66 65 9 51 157 102 50 0 27 167 69 132 176 1 101 162 190 127 146 0 118 84 173 113 17 45 125 174 8 114 199 83 60 0 5 61 85 93 98 37 151 92 59 99 104 96 0 154 138 184 28 0 
Solução encontrada considerada boa
GAP de 2.76766
Numero maximo de geracoes sem evolucao: 500
Solucão valida: Sim
====================================================================================================================


 ===================================================RESULTADOS=========================================================
Melhor fitness final: 1426
Melhor fitness possivel: 1373
Tempo de execução: 568
Melhor solução encontrada: 0 58 137 2 115 178 144 87 97 95 117 13 156 0 89 166 18 153 106 194 182 62 159 148 88 0 105 180 21 72 74 133 22 171 73 40 152 0 83 199 114 8 174 45 125 84 5 118 60 0 189 10 126 63 90 32 131 160 128 188 20 122 1 132 0 111 76 116 68 80 150 177 109 138 154 28 0 94 92 151 37 98 85 93 99 104 96 6 147 0 176 50 196 184 12 195 179 198 149 26 53 0 57 15 43 38 140 86 91 193 100 59 183 112 0 51 103 161 71 66 65 136 35 135 120 9 0 110 67 170 25 55 165 130 54 134 163 24 29 121 3 158 0 108 181 64 49 143 36 175 11 107 19 123 7 52 0 173 17 113 61 16 141 191 44 119 192 14 142 42 172 0 155 4 139 187 39 23 186 56 197 75 41 145 0 146 167 127 190 31 70 30 101 162 69 27 0 102 157 33 81 164 34 78 169 129 79 185 77 0 82 46 124 47 168 48 0 
Solução encontrada considerada boa
GAP de 3.86016
Numero maximo de geracoes sem evolucao: 607
Solucão valida: Sim
====================================================================================================================


 ===================================================RESULTADOS=========================================================
Melhor fitness final: 1397
Melhor fitness possivel: 1373
Tempo de execução: 601
Melhor solução encontrada: 0 147 60 118 5 84 45 125 199 83 166 89 0 52 19 107 175 11 64 49 143 36 46 174 8 114 18 0 153 82 48 124 47 168 123 182 7 194 106 146 0 51 9 120 164 34 78 169 129 79 185 81 33 0 167 127 190 31 88 159 108 70 101 162 27 0 156 94 95 59 61 86 140 38 43 15 145 137 0 172 42 142 14 192 119 44 191 141 16 113 17 173 96 6 0 111 76 116 68 80 150 177 109 12 138 154 0 28 196 77 3 158 157 102 50 1 176 132 0 183 104 99 93 85 91 193 100 98 37 151 92 97 117 0 148 62 189 10 90 126 63 181 32 131 160 30 69 0 58 152 2 115 178 57 144 87 13 112 0 103 161 71 135 35 136 65 66 188 20 128 122 0 195 179 4 155 197 72 74 22 171 73 21 0 54 130 165 55 25 170 187 139 39 186 75 133 41 0 184 121 29 24 163 134 67 23 56 110 198 149 26 0 105 180 40 53 0 
Solução encontrada considerada boa
GAP de 1.748
Numero maximo de geracoes sem evolucao: 741
Solucão valida: Sim
====================================================================================================================


 ===================================================RESULTADOS=========================================================
Melhor fitness final: 1419
Melhor fitness possivel: 1373
Tempo de execução: 605
Melhor solução encontrada: 0 27 31 189 10 159 62 148 88 190 127 0 12 80 150 68 158 3 77 196 76 111 0 93 85 61 16 141 44 119 191 91 193 100 0 83 199 114 8 174 45 125 84 173 5 118 60 0 132 69 162 101 70 30 122 1 176 50 184 138 154 28 0 116 121 29 24 163 134 177 109 195 149 26 180 105 0 58 40 21 72 197 75 56 186 23 67 139 179 0 51 20 128 160 131 32 90 63 126 11 175 107 19 123 52 0 188 66 65 136 35 135 71 161 157 102 0 53 198 110 4 155 187 39 170 25 55 165 130 54 0 87 144 2 178 115 145 41 22 133 74 171 73 0 89 147 6 96 99 104 59 98 37 92 151 94 183 0 152 137 57 15 43 38 140 14 192 142 42 172 97 95 117 13 0 166 86 113 17 46 143 49 64 181 108 167 0 146 153 106 194 7 182 48 168 47 36 124 82 18 0 185 79 129 169 78 34 164 120 9 103 81 33 0 156 112 0 
Solução encontrada considerada boa
GAP de 3.35033
Numero maximo de geracoes sem evolucao: 660
Solucão valida: Sim
====================================================================================================================


 ===================================================RESULTADOS=========================================================
Melhor fitness final: 1402
Melhor fitness possivel: 1373
Tempo de execução: 580
Melhor solução encontrada: 0 59 151 92 98 37 100 193 91 85 93 104 99 96 6 0 137 57 15 43 38 140 86 113 17 173 166 18 153 106 194 0 83 199 114 8 174 45 125 84 5 118 60 0 182 123 168 19 107 175 11 126 63 181 131 32 90 0 157 33 81 9 120 164 34 78 169 129 79 185 0 58 152 40 180 26 149 195 109 12 138 0 72 75 56 186 23 41 145 115 178 2 144 87 0 28 76 196 116 77 3 158 102 50 0 160 128 66 65 136 35 135 71 161 103 51 0 105 179 139 187 39 67 170 25 55 165 130 54 0 53 21 73 171 22 133 74 197 4 155 110 198 0 89 61 16 141 191 44 119 192 14 142 42 172 97 117 0 167 127 64 49 143 36 47 46 124 48 82 7 52 146 0 13 95 94 183 147 112 156 0 190 31 189 10 108 159 62 148 88 0 111 176 1 122 188 20 30 70 101 162 69 132 27 0 154 177 134 163 24 29 121 68 150 80 184 0 
Solução encontrada considerada boa
GAP de 2.11216
Numero maximo de geracoes sem evolucao: 422
Solucão valida: Sim
====================================================================================================================


 ===================================================RESULTADOS=========================================================
Melhor fitness final: 1428
Melhor fitness possivel: 1373
Tempo de execução: 535
Melhor solução encontrada: 0 75 186 23 67 170 25 55 165 130 54 109 12 0 112 147 60 83 199 114 46 36 143 49 64 181 63 126 90 0 137 144 172 42 57 145 41 22 133 74 171 115 178 2 0 156 89 166 18 153 106 194 7 182 88 127 167 0 105 26 195 179 149 180 40 152 58 53 0 154 138 80 150 68 158 3 77 116 196 76 0 148 62 159 10 189 108 32 131 160 27 0 103 161 71 136 35 135 164 34 78 184 28 0 198 110 4 155 139 187 39 56 197 72 73 21 0 128 20 188 66 65 9 51 157 102 50 111 0 177 134 163 24 29 121 169 129 79 185 120 81 33 0 11 175 107 19 123 168 47 124 48 82 52 146 0 98 100 193 91 85 113 17 45 125 174 8 0 183 94 96 99 104 59 151 92 97 95 117 13 0 190 31 162 101 70 30 122 1 176 132 69 0 118 5 84 173 61 16 141 191 44 119 192 37 0 6 93 86 140 38 14 142 43 15 87 0 
Solução encontrada considerada boa
GAP de 4.00583
Numero maximo de geracoes sem evolucao: 717
Solucão valida: Sim
====================================================================================================================


 ===================================================RESULTADOS=========================================================
Melhor fitness final: 1401
Melhor fitness possivel: 1373
Tempo de execução: 578
Melhor solução encontrada: 0 166 18 153 82 46 36 143 49 64 181 32 131 10 88 0 146 52 106 194 7 182 148 62 159 108 189 27 0 83 199 114 8 174 45 125 84 173 5 118 0 53 110 56 139 187 39 67 170 25 55 165 130 54 28 0 61 16 141 191 192 119 44 38 140 86 113 17 60 0 66 65 136 35 135 9 120 78 121 29 24 163 134 184 0 48 124 47 168 123 19 107 175 11 126 63 90 132 0 176 1 122 30 70 101 162 31 190 127 167 0 196 116 77 3 158 68 150 80 177 109 12 138 0 69 160 128 20 188 71 161 103 51 50 111 0 147 6 96 104 59 95 94 183 112 156 0 89 99 93 85 91 193 100 37 98 151 92 97 117 13 0 145 41 23 186 4 155 179 195 149 26 154 0 105 198 72 197 75 133 22 74 171 73 21 0 102 157 33 81 164 34 169 129 79 185 76 0 137 87 144 172 42 142 14 43 15 57 178 115 2 40 180 0 58 152 0 
Solução encontrada considerada boa
GAP de 2.03933
Numero maximo de geracoes sem evolucao: 963
Solucão valida: Sim
====================================================================================================================


 ===================================================RESULTADOS=========================================================
Melhor fitness final: 1472
Melhor fitness possivel: 1373
Tempo de execução: 604
Melhor solução encontrada: 0 89 166 18 82 124 47 168 48 7 194 106 52 0 28 184 76 196 116 68 150 80 177 12 109 0 147 6 183 94 95 117 97 87 137 13 0 134 163 24 29 121 3 158 79 185 157 102 50 111 0 21 72 74 171 133 22 41 145 57 144 178 115 2 0 59 92 151 98 37 100 193 91 85 93 104 99 96 0 73 75 186 23 39 187 139 4 155 110 198 0 27 162 31 190 127 167 146 112 156 0 5 84 125 45 174 8 114 199 83 60 118 0 159 189 10 30 66 181 64 49 143 36 46 153 0 176 33 81 120 9 161 103 51 122 70 101 69 132 0 17 113 86 16 141 44 119 192 14 43 15 172 0 1 20 188 128 160 131 32 90 63 126 11 175 148 88 0 152 58 40 180 149 195 26 105 53 0 182 62 108 107 19 123 173 61 191 140 38 142 42 0 71 65 136 35 135 164 34 78 169 129 77 154 138 0 197 56 67 170 25 55 165 130 54 179 0 
Solução encontrada considerada mediana
GAP de 7.21049
Numero maximo de geracoes sem evolucao: 824
Solucão valida: Sim
====================================================================================================================


 ===================================================RESULTADOS=========================================================
Melhor fitness final: 1415
Melhor fitness possivel: 1373
Tempo de execução: 608
Melhor solução encontrada: 0 28 12 150 80 177 109 195 149 180 40 58 152 0 30 128 160 131 32 90 63 126 108 189 10 167 0 53 72 197 75 56 186 23 67 179 26 105 0 18 83 199 114 8 174 125 45 17 113 173 84 5 0 112 13 137 87 95 183 6 147 89 0 154 138 184 77 157 102 50 1 101 162 69 132 0 111 76 196 158 3 121 29 24 163 134 68 116 0 156 166 60 118 61 44 119 192 14 142 42 172 0 198 110 4 155 139 187 39 170 25 55 165 130 54 0 122 20 188 66 65 136 35 135 71 161 51 176 0 15 43 38 140 86 16 141 191 91 193 100 37 97 117 0 21 73 171 74 133 22 41 145 57 144 178 115 2 0 94 59 92 151 98 85 93 99 104 96 0 31 70 181 64 11 175 107 19 123 182 52 146 0 106 194 7 48 168 47 49 143 36 46 124 82 153 0 185 79 129 169 78 34 164 120 9 103 81 33 0 190 159 62 148 88 127 27 0 
Solução encontrada considerada boa
GAP de 3.05899
Numero maximo de geracoes sem evolucao: 482
Solucão valida: Sim
====================================================================================================================


 ===================================================RESULTADOS=========================================================
Melhor fitness final: 1456
Melhor fitness possivel: 1373
Tempo de execução: 609
Melhor solução encontrada: 0 117 192 119 44 191 141 16 61 173 84 5 118 60 0 62 159 10 189 108 126 63 90 32 131 160 128 0 110 4 155 170 67 186 74 41 145 15 43 172 178 115 2 0 33 81 103 9 120 164 34 78 169 129 79 185 0 26 149 195 179 198 72 73 21 180 105 53 0 153 82 124 46 36 143 49 47 168 48 7 194 106 0 132 176 111 28 154 40 152 58 13 112 0 167 127 190 31 162 101 70 30 122 51 1 69 27 0 174 125 45 17 113 86 140 38 14 142 42 57 0 12 109 177 80 150 68 3 77 116 196 76 184 0 50 102 157 158 121 29 24 163 134 25 55 165 130 54 138 0 20 188 161 71 135 35 136 65 66 181 64 146 0 18 83 199 114 8 123 19 107 175 11 148 182 88 52 0 137 144 87 97 95 94 183 147 166 89 0 197 56 139 187 39 23 75 133 22 171 0 59 151 92 37 98 100 193 91 85 93 99 104 96 6 0 156 0 
Solução encontrada considerada mediana
GAP de 6.04516
Numero maximo de geracoes sem evolucao: 407
Solucão valida: Sim
====================================================================================================================

