GAP médio ≈ 9.92% pmx torneio
 ===================================================RESULTADOS=========================================================
Melhor fitness final: 1203
Melhor fitness possivel: 1053
Tempo de execução: 470
Melhor solução encontrada: 0 126 63 11 107 123 19 49 143 36 47 124 48 0 59 92 37 98 141 16 61 85 93 99 104 6 0 109 54 130 134 24 29 121 68 80 150 12 138 28 0 33 81 120 9 71 65 136 35 135 34 78 129 79 0 112 94 95 97 87 144 57 115 2 137 13 0 117 100 44 119 14 142 42 43 15 145 41 22 133 74 72 73 0 111 127 31 10 108 131 32 90 62 148 88 52 146 0 76 116 77 3 102 50 1 122 20 128 30 70 101 69 132 0 26 149 55 25 67 23 75 56 39 139 4 110 0 27 106 7 82 8 114 18 147 58 40 21 105 53 0 51 103 66 64 46 45 125 17 113 86 140 38 91 96 0 83 84 5 118 60 89 0 
Solução encontrada considerada ruim
GAP de 14.245
Numero maximo de geracoes sem evolucao: 433
Solucão valida: Sim
====================================================================================================================


 ===================================================RESULTADOS=========================================================
Melhor fitness final: 1158
Melhor fitness possivel: 1053
Tempo de execução: 393
Melhor solução encontrada: 0 27 127 31 10 108 32 90 63 126 62 148 88 52 146 0 48 124 46 47 36 143 49 64 11 107 19 123 7 0 59 92 98 37 100 91 141 86 16 93 104 99 0 13 117 95 97 87 144 57 115 2 137 58 53 0 111 50 102 9 120 81 33 3 77 0 118 60 83 114 8 125 45 17 113 61 5 0 21 73 72 74 41 22 133 75 56 39 139 4 110 0 150 80 68 121 29 24 134 54 130 55 25 67 23 0 132 69 101 70 131 128 20 30 122 1 76 116 109 12 138 28 0 51 103 66 71 65 136 35 135 34 78 129 79 149 26 0 89 18 106 82 84 85 96 6 147 112 0 94 42 142 14 119 44 140 38 43 15 145 40 105 0 
Solução encontrada considerada ruim
GAP de 9.97151
Numero maximo de geracoes sem evolucao: 196
Solucão valida: Sim
====================================================================================================================


 ===================================================RESULTADOS=========================================================
Melhor fitness final: 1161
Melhor fitness possivel: 1053
Tempo de execução: 422
Melhor solução encontrada: 0 99 93 85 61 16 141 44 119 14 142 42 117 0 69 101 70 30 51 9 120 81 33 102 50 111 0 103 71 135 34 78 129 79 3 77 116 68 80 150 109 0 13 137 2 115 57 144 87 97 95 59 104 96 6 0 118 5 84 113 86 91 100 37 98 92 94 0 127 31 10 108 131 32 90 63 126 62 148 88 146 0 40 21 72 74 22 133 75 56 39 139 4 110 0 53 105 58 112 147 60 83 8 114 18 89 0 23 67 25 55 130 54 134 24 29 121 12 138 28 0 106 82 124 46 45 125 17 140 38 43 15 145 41 73 149 26 0 48 47 36 143 49 64 11 107 19 123 7 52 0 27 132 1 122 20 128 66 65 136 35 76 0 
Solução encontrada considerada ruim
GAP de 10.2564
Numero maximo de geracoes sem evolucao: 292
Solucão valida: Sim
====================================================================================================================


 ===================================================RESULTADOS=========================================================
Melhor fitness final: 1144
Melhor fitness possivel: 1053
Tempo de execução: 388
Melhor solução encontrada: 0 117 95 92 61 16 141 44 119 14 142 42 144 57 115 2 137 0 94 59 37 98 85 93 99 104 96 6 147 0 52 7 123 19 107 11 126 63 90 32 131 128 20 30 122 69 0 54 55 25 139 39 67 23 56 75 133 22 73 0 112 13 53 105 26 149 109 12 138 0 68 121 29 24 134 130 4 110 72 21 40 58 0 27 132 101 70 108 10 62 148 88 31 127 146 0 114 8 125 45 17 113 84 5 118 60 89 0 106 82 48 64 49 143 36 47 124 46 83 18 0 111 50 102 33 81 9 120 34 78 129 76 0 87 97 100 91 86 140 38 43 15 145 41 74 150 80 116 28 0 1 51 103 66 71 65 136 35 135 79 3 77 0 
Solução encontrada considerada ruim
GAP de 8.64198
Numero maximo de geracoes sem evolucao: 1043
Solucão valida: Sim
====================================================================================================================


 ===================================================RESULTADOS=========================================================
Melhor fitness final: 1166
Melhor fitness possivel: 1053
Tempo de execução: 376
Melhor solução encontrada: 0 27 127 31 10 108 32 90 63 126 62 148 88 146 0 48 124 47 36 143 49 64 11 107 19 123 7 0 89 60 118 5 84 17 113 16 141 44 119 91 92 117 0 52 106 82 46 45 125 8 114 83 18 147 6 94 0 13 137 2 115 57 144 87 97 95 59 99 104 96 0 93 85 61 86 140 38 14 100 37 98 0 103 71 65 136 35 135 9 120 81 33 102 0 121 29 24 139 4 110 21 73 72 74 133 22 41 145 15 43 142 42 0 134 54 130 55 25 39 67 23 56 75 53 0 101 70 30 131 128 66 20 122 68 150 80 109 12 138 0 28 111 76 116 77 3 79 129 78 34 51 50 1 69 132 0 112 58 40 149 26 105 0 
Solução encontrada considerada ruim
GAP de 10.7312
Numero maximo de geracoes sem evolucao: 221
Solucão valida: Sim
====================================================================================================================


 ===================================================RESULTADOS=========================================================
Melhor fitness final: 1186
Melhor fitness possivel: 1053
Tempo de execução: 368
Melhor solução encontrada: 0 18 106 82 48 47 124 8 83 60 118 89 0 54 130 55 25 139 39 56 75 133 22 74 72 73 0 99 104 93 85 16 141 91 100 37 98 92 59 0 12 109 150 80 68 116 77 3 79 129 78 34 81 0 27 127 31 10 108 32 90 63 126 62 148 88 146 0 114 125 45 46 36 143 49 64 11 107 19 123 7 52 0 28 111 1 51 9 135 35 71 103 122 30 70 101 69 132 0 138 26 149 4 110 21 40 58 105 53 0 94 95 117 97 87 144 57 115 2 137 13 6 147 0 134 67 23 41 145 15 43 38 140 44 119 14 142 42 0 131 128 20 66 65 136 120 33 102 50 76 121 29 24 0 112 5 84 17 113 86 61 96 0 
Solução encontrada considerada ruim
GAP de 12.6306
Numero maximo de geracoes sem evolucao: 542
Solucão valida: Sim
====================================================================================================================


 ===================================================RESULTADOS=========================================================
Melhor fitness final: 1169
Melhor fitness possivel: 1053
Tempo de execução: 366
Melhor solução encontrada: 0 1 122 131 32 90 63 126 108 10 62 148 88 31 127 0 28 138 12 109 150 80 134 24 29 121 68 111 132 69 0 101 70 30 20 65 9 120 81 33 102 50 76 0 40 21 72 74 22 133 75 56 39 139 4 110 0 112 94 95 97 92 59 99 104 96 6 147 0 106 7 107 11 64 49 143 36 47 48 82 0 105 26 149 54 130 55 25 67 23 73 58 53 0 51 103 128 66 71 136 35 135 34 78 129 79 3 77 116 0 52 123 19 124 46 8 114 83 5 84 17 113 43 15 57 144 137 0 13 117 87 37 100 119 44 140 38 14 142 42 41 145 115 2 0 93 85 61 16 86 141 91 98 0 89 118 60 45 125 18 146 27 0 
Solução encontrada considerada ruim
GAP de 11.0161
Numero maximo de geracoes sem evolucao: 246
Solucão valida: Sim
====================================================================================================================


===================================================RESULTADOS========================================================
Melhor fitness final: 1136
Melhor fitness possivel: 1053
Tempo de execução: 334
Melhor solução encontrada: 0 1 51 20 128 131 32 90 63 126 108 10 62 148 127 0 27 146 52 106 7 88 31 70 30 122 101 69 132 111 28 0 147 89 112 53 105 26 149 109 12 138 0 110 4 139 39 56 75 133 22 74 72 73 21 40 0 48 47 124 46 36 143 49 64 11 107 19 123 0 23 67 25 55 130 54 134 24 29 121 68 80 150 0 61 16 141 44 119 14 142 42 87 144 57 2 137 0 13 117 95 97 92 37 98 100 91 85 93 104 99 96 6 0 94 59 17 113 86 140 38 43 15 41 145 115 58 0 116 77 3 79 129 78 34 120 81 33 102 50 0 18 82 114 8 45 125 83 84 5 118 60 0 103 71 66 65 136 35 135 9 76 0 
Solução encontrada considerada mediana
GAP de 7.88224
Numero maximo de geracoes sem evolucao: 256
Solucão valida: Sim
====================================================================================================================


 ===================================================RESULTADOS=========================================================
Melhor fitness final: 1108
Melhor fitness possivel: 1053
Tempo de execução: 365
Melhor solução encontrada: 0 50 102 33 81 120 9 3 77 116 76 28 0 147 6 96 104 99 93 85 91 100 37 98 92 59 0 13 137 2 115 57 144 42 142 14 119 44 141 16 61 0 88 148 62 10 108 126 63 90 32 131 128 20 30 1 0 112 94 95 117 97 87 58 53 105 0 12 109 80 150 68 121 29 24 134 54 130 55 25 4 0 89 60 118 5 84 17 113 86 140 38 43 15 145 0 110 139 39 67 23 56 75 133 41 22 74 73 40 0 21 72 149 26 138 111 132 69 31 127 146 0 48 124 47 36 143 49 64 11 107 19 123 7 0 79 129 78 34 135 35 136 65 71 66 103 51 122 70 101 27 0 18 83 125 45 46 8 114 82 106 52 0 
Solução encontrada considerada mediana
GAP de 5.22317
Numero maximo de geracoes sem evolucao: 655
Solucão valida: Sim
====================================================================================================================


 ===================================================RESULTADOS=========================================================
Melhor fitness final: 1144
Melhor fitness possivel: 1053
Tempo de execução: 378
Melhor solução encontrada: 0 73 74 22 133 75 56 139 39 67 25 55 130 54 0 28 111 33 81 120 9 51 122 30 70 101 69 132 0 13 137 2 115 57 144 97 95 92 59 104 99 96 147 0 114 8 125 45 17 113 16 141 44 119 91 94 0 48 124 46 47 36 143 49 64 11 107 19 123 7 0 6 93 98 37 100 85 5 118 60 89 0 127 31 131 32 90 63 126 108 10 62 148 88 52 146 0 1 20 128 66 103 71 65 136 35 135 34 78 129 79 3 0 18 106 82 83 84 61 86 140 38 14 117 112 0 26 149 109 80 68 77 116 76 102 50 27 0 138 12 150 121 29 24 134 4 110 40 105 53 0 87 42 142 43 15 145 41 23 72 21 58 0 
Solução encontrada considerada ruim
GAP de 8.64198
Numero maximo de geracoes sem evolucao: 1295
Solucão valida: Sim
====================================================================================================================

