
 ===================================================RESULTADOS=========================================================
Melhor fitness final: 1128
Melhor fitness possivel: 1053
Tempo de execução: 177
Melhor solução encontrada: 0 26 149 110 4 55 25 139 39 67 23 56 75 73 0 59 92 98 91 141 16 61 85 93 104 99 96 6 0 18 48 124 47 143 49 11 107 19 123 7 146 0 122 128 66 64 36 46 45 125 17 113 86 140 38 42 117 0 13 137 2 115 57 144 87 97 95 94 147 0 111 76 116 77 3 102 33 51 103 20 30 70 101 1 0 12 150 80 68 121 29 24 134 130 54 109 138 28 0 89 60 118 5 84 83 114 8 82 106 52 27 0 79 129 78 34 135 35 136 65 71 9 120 81 50 0 37 100 44 119 14 142 43 15 145 41 22 133 74 72 21 0 127 88 148 62 126 63 90 32 131 108 10 31 69 132 0 112 58 40 105 53 0 
Solução encontrada considerada mediana
GAP de 7.12251
Numero maximo de geracoes sem evolucao: 368
Solucão valida: Sim
====================================================================================================================


 ===================================================RESULTADOS=========================================================
Melhor fitness final: 1083
Melhor fitness possivel: 1053
Tempo de execução: 160
Melhor solução encontrada: 0 88 148 62 10 108 126 63 90 32 131 128 20 30 122 1 0 117 37 98 100 91 119 44 86 113 17 45 125 8 18 0 51 120 9 103 66 71 65 136 35 135 34 78 129 77 0 42 15 43 142 14 38 140 141 16 61 85 93 0 58 137 87 144 57 2 115 145 41 22 133 73 21 40 105 0 28 76 116 68 121 29 24 134 54 4 110 149 53 0 89 60 118 5 84 83 114 82 106 52 146 0 111 50 102 33 81 79 3 80 150 109 12 138 0 26 130 55 25 139 39 67 23 56 75 74 72 0 112 147 6 96 99 104 59 92 97 95 94 13 0 48 124 46 47 36 143 49 64 11 107 19 123 7 0 127 31 70 101 69 132 27 0 
Solução encontrada considerada boa
GAP de 2.849
Numero maximo de geracoes sem evolucao: 1570
Solucão valida: Sim
====================================================================================================================


 ===================================================RESULTADOS=========================================================
Melhor fitness final: 1074
Melhor fitness possivel: 1053
Tempo de execução: 188
Melhor solução encontrada: 0 53 137 87 42 142 14 38 140 86 113 17 83 60 89 0 58 2 115 144 57 43 15 145 41 22 133 74 72 21 105 0 48 124 46 47 36 143 49 64 11 107 19 123 7 0 118 5 84 45 125 8 114 82 106 18 0 10 108 126 63 90 32 131 128 66 20 30 70 69 132 0 26 149 110 4 139 39 67 23 56 75 73 40 0 76 116 77 3 79 129 78 34 135 35 136 65 71 103 1 0 28 111 50 102 33 81 120 9 51 122 101 27 0 109 54 130 55 25 134 24 29 121 68 80 150 12 138 0 112 95 92 37 98 85 93 99 104 96 6 147 0 94 59 61 16 141 44 119 91 100 97 117 13 0 52 88 148 62 31 127 146 0 
Solução encontrada considerada boa
GAP de 1.9943
Numero maximo de geracoes sem evolucao: 835
Solucão valida: Sim
====================================================================================================================


 ===================================================RESULTADOS=========================================================
Melhor fitness final: 1099
Melhor fitness possivel: 1053
Tempo de execução: 187
Melhor solução encontrada: 0 21 73 72 74 133 23 67 39 139 4 110 0 1 122 20 66 128 131 32 90 63 126 108 10 62 148 0 132 103 71 65 136 35 135 34 78 129 79 3 77 116 76 0 147 6 94 95 97 42 142 43 15 57 144 87 13 0 150 80 68 121 29 24 134 130 55 25 56 75 22 41 145 115 2 0 83 114 8 125 45 17 113 61 84 5 118 60 0 112 89 18 82 106 7 88 31 127 52 27 0 48 124 46 47 36 143 49 64 11 107 19 123 146 0 69 101 70 30 51 9 120 81 33 102 50 111 0 59 16 86 140 38 14 119 44 141 91 100 92 0 53 40 58 137 117 37 98 85 93 104 99 96 0 105 26 149 54 109 12 138 28 0 
Solução encontrada considerada boa
GAP de 4.36847
Numero maximo de geracoes sem evolucao: 461
Solucão valida: Sim
====================================================================================================================


 ===================================================RESULTADOS=========================================================
Melhor fitness final: 1106
Melhor fitness possivel: 1053
Tempo de execução: 173
Melhor solução encontrada: 0 18 88 148 62 10 108 126 63 90 32 131 128 20 30 70 0 110 4 139 39 67 23 56 75 133 22 73 0 93 85 61 16 141 44 119 91 100 98 37 97 117 0 50 102 33 81 135 35 136 65 71 66 103 122 0 112 94 95 92 59 99 104 96 6 147 89 0 48 124 46 47 36 143 49 64 11 107 19 123 7 0 60 17 113 86 140 38 14 142 42 43 15 145 41 74 72 21 0 146 127 31 101 69 132 116 68 80 150 109 12 138 0 105 40 2 115 57 144 87 137 13 58 53 0 118 5 84 83 125 45 8 114 82 106 52 0 26 149 54 130 55 25 134 24 29 121 77 76 28 0 111 3 79 129 78 34 120 9 51 1 27 0 
Solução encontrada considerada mediana
GAP de 5.03324
Numero maximo de geracoes sem evolucao: 343
Solucão valida: Sim
====================================================================================================================


 ===================================================RESULTADOS=========================================================
Melhor fitness final: 1091
Melhor fitness possivel: 1053
Tempo de execução: 188
Melhor solução encontrada: 0 132 1 122 20 66 103 51 81 33 102 50 111 0 127 88 148 62 107 11 64 49 143 36 19 123 7 52 146 0 26 149 110 4 139 39 56 72 21 105 0 120 9 71 65 136 35 135 34 78 121 29 24 134 109 0 94 95 92 98 85 93 104 99 96 6 147 0 112 59 91 141 44 140 38 43 15 41 145 58 53 0 138 12 80 150 68 129 79 3 77 116 76 28 0 89 60 118 5 61 16 86 113 17 84 83 0 18 114 8 125 45 46 124 47 48 82 106 0 27 69 101 70 30 128 131 32 90 63 126 108 10 31 0 13 117 97 37 100 119 14 142 42 87 144 57 115 2 137 0 54 130 55 25 67 23 75 133 22 74 73 40 0 
Solução encontrada considerada boa
GAP de 3.60874
Numero maximo de geracoes sem evolucao: 270
Solucão valida: Sim
====================================================================================================================


 ===================================================RESULTADOS=========================================================
Melhor fitness final: 1072
Melhor fitness possivel: 1053
Tempo de execução: 170
Melhor solução encontrada: 0 60 118 5 61 16 141 44 119 14 142 42 117 0 88 148 62 64 49 143 36 47 124 48 82 83 0 132 122 20 66 71 65 136 35 135 120 9 103 51 1 0 105 149 54 130 55 25 67 23 41 145 115 2 58 0 28 138 12 80 150 68 121 29 24 134 109 26 53 0 76 116 77 3 79 129 78 34 81 33 102 50 111 0 110 4 139 39 56 75 133 22 74 72 73 21 40 0 18 114 8 46 45 125 84 17 113 86 140 38 43 15 57 0 52 106 7 123 19 107 11 126 63 90 32 131 128 30 70 101 69 0 13 137 144 87 97 95 94 6 147 89 0 59 92 37 98 100 91 85 93 99 104 96 112 0 27 108 10 31 127 146 0 
Solução encontrada considerada boa
GAP de 1.80437
Numero maximo de geracoes sem evolucao: 356
Solucão valida: Sim
====================================================================================================================


 ===================================================RESULTADOS=========================================================
Melhor fitness final: 1103
Melhor fitness possivel: 1053
Tempo de execução: 181
Melhor solução encontrada: 0 70 122 30 20 128 131 32 90 63 126 108 10 62 148 88 0 129 78 34 135 35 136 65 71 66 103 9 120 51 1 0 50 102 33 81 79 3 77 68 116 76 0 150 80 121 29 24 134 54 130 55 25 67 23 41 145 15 43 42 0 26 149 109 12 138 28 111 132 69 101 31 127 27 0 93 85 61 86 140 38 44 91 100 37 98 92 0 112 94 95 59 99 104 96 6 147 0 89 118 83 125 45 8 114 82 106 52 146 0 48 124 46 47 36 143 49 64 11 107 19 123 7 0 40 21 73 72 74 22 133 75 56 39 139 4 110 0 18 60 5 84 17 113 16 141 119 14 142 97 117 13 0 53 105 58 2 115 57 144 87 137 0 
Solução encontrada considerada boa
GAP de 4.74834
Numero maximo de geracoes sem evolucao: 1232
Solucão valida: Sim
====================================================================================================================


 ===================================================RESULTADOS=========================================================
Melhor fitness final: 1082
Melhor fitness possivel: 1053
Tempo de execução: 186
Melhor solução encontrada: 0 146 52 88 148 62 126 63 90 32 108 10 31 127 27 0 53 40 21 73 72 74 22 133 75 56 149 26 105 0 94 59 98 85 93 104 99 96 6 112 0 76 116 77 3 79 129 78 34 135 35 136 65 71 103 1 0 132 20 66 128 131 64 11 107 19 123 48 7 106 0 138 109 54 130 134 24 29 121 68 80 150 12 28 0 137 87 144 145 41 23 67 39 139 25 55 4 110 0 83 114 8 125 45 46 36 143 49 47 124 82 18 0 111 50 102 33 81 120 9 51 122 30 70 101 69 0 58 2 115 57 15 43 38 140 44 119 14 142 42 97 117 13 0 5 84 17 113 86 141 16 61 91 100 37 92 95 0 89 60 118 147 0 
Solução encontrada considerada boa
GAP de 2.75404
Numero maximo de geracoes sem evolucao: 677
Solucão valida: Sim
====================================================================================================================


 ===================================================RESULTADOS=========================================================
Melhor fitness final: 1107
Melhor fitness possivel: 1053
Tempo de execução: 174
Melhor solução encontrada: 0 58 137 144 87 97 95 94 6 147 89 112 0 40 21 73 72 74 22 133 75 56 39 139 4 110 0 5 84 113 17 45 125 8 114 83 60 118 0 68 80 150 134 24 29 121 34 78 129 79 3 77 116 76 0 132 69 101 70 30 20 128 66 9 102 50 111 0 28 33 81 120 135 35 136 65 71 103 51 122 1 0 48 124 46 47 36 143 49 64 11 107 19 123 7 0 109 54 130 55 25 67 23 41 145 115 2 18 82 106 52 146 0 13 117 42 142 14 119 44 141 86 140 38 43 15 57 0 127 88 148 62 126 63 90 32 131 108 10 31 27 0 59 92 37 98 100 91 16 61 85 93 104 99 96 0 53 105 26 149 12 138 0 
Solução encontrada considerada mediana
GAP de 5.12821
Numero maximo de geracoes sem evolucao: 572
Solucão valida: Sim
====================================================================================================================

