
 ===================================================RESULTADOS=========================================================
Melhor fitness final: 1085
Melhor fitness possivel: 1053
Tempo de execução: 139
Melhor solução encontrada: 0 115 145 41 22 133 23 56 75 74 72 73 21 40 53 0 147 6 96 104 99 93 85 98 37 92 59 94 0 18 114 8 46 36 143 49 47 124 48 82 106 0 20 66 128 131 32 90 126 63 64 11 107 19 123 7 52 146 0 76 77 3 79 129 120 81 33 102 50 111 0 127 31 88 148 62 10 108 30 1 132 27 0 105 110 4 139 39 67 25 55 130 54 149 26 0 100 91 61 141 86 140 38 44 119 14 142 43 15 42 117 0 69 101 70 122 51 9 103 71 65 136 35 135 34 78 121 29 24 134 0 112 13 95 97 87 144 57 2 137 58 0 118 5 84 16 113 17 45 125 83 60 89 0 28 116 68 80 150 109 12 138 0 
Solução encontrada considerada boa
GAP de 3.03894
Numero maximo de geracoes sem evolucao: 196
Solucão valida: Sim
====================================================================================================================


 ===================================================RESULTADOS=========================================================
Melhor fitness final: 1086
Melhor fitness possivel: 1053
Tempo de execução: 144
Melhor solução encontrada: 0 105 149 130 55 25 67 23 41 145 115 2 58 53 0 112 59 98 37 100 85 93 99 104 96 6 0 89 147 94 95 97 42 142 43 15 57 144 87 137 0 127 31 88 148 62 11 107 19 123 7 106 52 146 0 111 50 102 33 81 120 9 103 30 70 101 69 0 27 132 1 122 66 71 65 136 35 135 34 78 129 3 77 76 0 5 84 113 17 45 125 8 114 83 60 118 0 13 117 92 91 141 44 119 14 38 140 86 16 61 0 40 21 73 72 74 22 133 75 56 39 139 4 110 0 26 54 134 24 29 121 79 51 20 128 131 32 90 108 0 10 126 63 64 49 143 36 47 46 124 48 82 18 0 28 116 68 150 80 109 12 138 0 
Solução encontrada considerada boa
GAP de 3.1339
Numero maximo de geracoes sem evolucao: 1493
Solucão valida: Sim
====================================================================================================================


 ===================================================RESULTADOS=========================================================
Melhor fitness final: 1104
Melhor fitness possivel: 1053
Tempo de execução: 151
Melhor solução encontrada: 0 94 95 92 98 37 100 85 93 104 99 96 6 0 59 91 141 44 119 14 38 140 86 16 61 0 114 125 45 17 113 84 5 118 60 147 0 13 117 97 42 142 43 15 145 41 22 133 74 4 110 149 26 0 27 132 69 127 88 123 19 107 11 64 49 143 36 46 8 83 0 112 89 18 82 124 47 48 7 106 52 0 120 9 71 65 136 35 135 34 78 129 79 3 77 76 0 50 102 33 81 51 103 66 108 62 148 146 0 28 116 68 150 80 121 29 24 134 54 109 12 138 0 130 55 25 139 39 67 23 56 75 72 73 21 0 31 10 126 63 90 32 131 128 20 30 122 70 101 1 111 0 53 58 137 87 144 57 115 2 40 105 0 
Solução encontrada considerada boa
GAP de 4.8433
Numero maximo de geracoes sem evolucao: 752
Solucão valida: Sim
====================================================================================================================


 ===================================================RESULTADOS=========================================================
Melhor fitness final: 1093
Melhor fitness possivel: 1053
Tempo de execução: 138
Melhor solução encontrada: 0 28 150 80 68 121 29 24 134 130 54 109 12 138 0 94 37 100 141 16 113 17 84 5 118 60 0 48 124 46 47 36 143 49 64 11 107 19 123 7 0 98 91 44 119 14 38 140 86 61 85 93 6 0 50 102 33 81 120 135 35 136 65 71 51 1 0 13 117 95 96 104 99 59 92 97 42 142 43 15 57 115 2 58 0 111 78 34 66 131 32 90 63 126 108 10 62 148 52 0 76 116 77 3 79 129 9 103 20 128 30 122 70 101 69 132 0 27 127 31 88 106 82 114 8 45 125 83 18 146 0 26 149 110 4 55 25 139 39 67 23 56 75 73 0 53 105 40 21 72 74 133 22 41 145 144 87 137 0 112 147 89 0 
Solução encontrada considerada boa
GAP de 3.79867
Numero maximo de geracoes sem evolucao: 131
Solucão valida: Sim
====================================================================================================================


 ===================================================RESULTADOS=========================================================
Melhor fitness final: 1084
Melhor fitness possivel: 1053
Tempo de execução: 148
Melhor solução encontrada: 0 112 94 95 59 85 93 104 99 96 6 0 106 7 123 19 64 49 143 36 47 46 124 48 82 0 110 4 139 39 56 75 133 22 74 72 73 21 40 0 12 150 80 68 121 29 24 134 109 149 26 105 53 0 146 52 88 148 62 107 11 126 63 90 108 10 31 127 0 51 103 66 71 65 136 35 135 34 78 129 79 76 28 0 58 137 57 15 43 42 142 14 38 140 86 16 61 91 98 92 0 138 116 77 3 120 9 81 33 102 50 111 0 13 87 144 2 115 145 41 23 67 25 55 130 54 0 27 132 69 101 70 32 131 128 20 30 122 1 0 118 5 84 17 113 141 44 119 100 37 97 117 0 89 18 114 8 45 125 83 60 147 0 
Solução encontrada considerada boa
GAP de 2.94397
Numero maximo de geracoes sem evolucao: 940
Solucão valida: Sim
====================================================================================================================


 ===================================================RESULTADOS=========================================================
Melhor fitness final: 1091
Melhor fitness possivel: 1053
Tempo de execução: 158
Melhor solução encontrada: 0 96 104 99 93 91 141 16 113 17 84 5 118 60 0 111 50 102 33 81 51 122 30 70 101 1 69 132 27 0 98 85 61 86 140 38 14 119 44 100 37 92 0 138 109 54 130 55 25 134 24 29 121 150 80 68 116 28 0 13 117 95 59 97 42 142 43 15 57 144 87 137 58 0 48 124 46 47 36 143 49 64 11 107 19 123 7 0 103 66 20 128 131 32 90 63 126 108 10 62 148 0 120 9 71 65 136 35 135 34 78 129 79 3 77 76 0 12 110 4 139 39 67 23 56 75 41 145 115 2 0 127 31 88 106 82 114 8 45 125 83 18 52 146 0 105 26 149 21 72 74 133 22 73 40 53 0 112 94 6 147 89 0 
Solução encontrada considerada boa
GAP de 3.60874
Numero maximo de geracoes sem evolucao: 186
Solucão valida: Sim
====================================================================================================================


 ===================================================RESULTADOS=========================================================
Melhor fitness final: 1075
Melhor fitness possivel: 1053
Tempo de execução: 161
Melhor solução encontrada: 0 23 67 39 25 55 24 134 54 130 149 26 0 111 76 3 78 34 135 35 136 65 66 128 20 30 70 101 69 0 60 118 5 84 17 113 86 141 16 61 0 127 88 148 62 126 63 90 32 131 108 10 31 27 0 28 116 77 79 129 29 121 68 80 150 109 12 138 0 95 92 37 98 100 119 14 38 140 44 91 85 93 6 0 105 110 4 139 56 75 133 22 74 72 73 21 40 53 0 146 52 106 82 114 8 45 125 83 18 89 0 13 117 97 87 144 57 42 142 43 15 41 145 115 2 137 58 0 48 124 46 47 36 143 49 64 11 107 19 123 7 0 50 102 33 81 120 9 71 103 51 122 1 132 0 147 96 104 99 59 94 112 0 
Solução encontrada considerada boa
GAP de 2.08927
Numero maximo de geracoes sem evolucao: 212
Solucão valida: Sim
====================================================================================================================


 ===================================================RESULTADOS=========================================================
Melhor fitness final: 1078
Melhor fitness possivel: 1053
Tempo de execução: 156
Melhor solução encontrada: 0 94 95 97 37 98 85 93 59 104 99 96 0 102 33 81 120 9 103 51 30 70 101 69 132 0 105 21 56 23 67 39 139 4 110 149 26 0 58 137 2 115 145 41 22 133 75 74 72 73 40 53 0 13 87 144 57 15 43 42 142 14 38 140 86 61 6 0 138 12 150 80 68 121 29 24 134 25 55 130 54 109 0 31 10 108 131 32 90 63 126 62 148 88 127 0 112 147 89 146 27 111 50 77 116 76 28 0 48 124 46 47 36 143 49 64 11 107 19 123 7 0 60 118 5 84 17 113 16 141 44 119 91 100 92 117 0 1 122 20 128 66 71 65 136 35 135 34 78 129 79 3 0 18 83 125 45 8 114 82 106 52 0 
Solução encontrada considerada boa
GAP de 2.37417
Numero maximo de geracoes sem evolucao: 148
Solucão valida: Sim
====================================================================================================================


 ===================================================RESULTADOS=========================================================
Melhor fitness final: 1093
Melhor fitness possivel: 1053
Tempo de execução: 149
Melhor solução encontrada: 0 123 19 107 64 49 143 36 47 46 124 48 82 0 147 104 99 93 85 91 98 59 96 6 112 0 138 12 109 54 134 24 29 121 150 80 68 116 28 0 26 149 130 55 25 67 23 41 145 15 43 100 37 92 94 0 76 77 3 33 81 120 9 51 102 50 111 0 13 117 95 97 87 144 57 115 2 137 58 105 53 0 79 129 78 34 135 35 136 65 71 66 103 122 30 70 101 69 0 18 83 114 8 125 45 17 113 84 5 118 60 0 132 1 20 128 131 32 90 63 126 11 62 108 10 31 0 110 4 139 39 56 75 133 22 74 72 73 21 40 0 89 61 16 141 86 140 38 44 119 14 142 42 0 27 127 88 148 7 106 52 146 0 
Solução encontrada considerada boa
GAP de 3.79867
Numero maximo de geracoes sem evolucao: 2047
Solucão valida: Sim
====================================================================================================================


 ===================================================RESULTADOS=========================================================
Melhor fitness final: 1100
Melhor fitness possivel: 1053
Tempo de execução: 159
Melhor solução encontrada: 0 54 130 134 24 55 25 67 23 41 145 15 43 142 42 57 115 2 0 53 105 26 149 138 81 33 102 50 111 28 0 18 83 125 45 8 114 82 106 88 31 127 52 146 0 40 21 73 72 74 22 133 75 56 39 139 4 110 0 148 62 10 108 126 63 90 32 131 128 20 30 122 70 101 69 0 48 124 46 47 36 143 49 64 11 107 19 123 7 0 12 109 80 150 68 121 29 34 78 129 79 3 77 116 76 0 89 60 118 5 84 17 113 86 140 38 14 117 0 98 37 100 91 119 44 141 16 61 85 93 0 147 6 96 99 104 59 92 97 95 94 112 0 120 9 135 35 136 65 71 66 103 51 1 132 27 0 58 137 144 87 13 0 
Solução encontrada considerada boa
GAP de 4.46344
Numero maximo de geracoes sem evolucao: 1400
Solucão valida: Sim
====================================================================================================================

