
 ===================================================RESULTADOS=========================================================
Melhor fitness final: 1417
Melhor fitness possivel: 1373
Tempo de execução: 252
Melhor solução encontrada: 0 111 50 102 157 185 79 3 158 77 196 76 0 89 166 18 153 106 88 31 190 127 167 27 0 176 1 33 81 120 9 51 122 30 69 132 0 147 84 17 113 86 140 38 43 15 144 87 97 117 0 154 138 12 109 177 80 150 68 116 184 28 0 95 59 92 151 98 85 93 104 99 96 6 156 0 21 72 74 22 41 133 56 39 187 139 155 4 110 0 128 20 188 103 161 71 136 35 135 164 34 78 129 0 114 8 199 83 60 118 5 173 61 16 91 193 100 37 0 191 141 44 119 192 14 142 42 172 57 145 115 178 2 0 82 48 124 47 168 123 19 107 175 11 126 63 90 0 160 66 65 169 121 29 24 163 134 54 179 195 0 112 183 94 13 137 152 58 53 0 125 45 174 46 36 143 49 64 181 32 131 70 101 0 130 165 55 25 170 67 23 186 75 197 171 73 0 162 10 189 108 159 62 148 182 7 194 52 146 0 105 40 180 198 149 26 0 
Solução encontrada considerada boa
GAP de 3.20466
Numero maximo de geracoes sem evolucao: 528
Solucão valida: Sim
====================================================================================================================


 ===================================================RESULTADOS=========================================================
Melhor fitness final: 1443
Melhor fitness possivel: 1373
Tempo de execução: 270
Melhor solução encontrada: 0 88 148 62 159 11 107 19 123 182 194 52 0 53 40 171 41 145 115 2 178 57 172 42 142 119 44 192 0 111 76 158 79 185 81 33 157 102 50 176 0 137 87 144 15 43 14 38 140 86 113 17 199 83 89 0 156 112 146 167 127 190 31 162 69 27 0 105 198 110 155 4 187 67 170 25 55 165 130 54 0 10 189 108 126 63 90 32 160 128 188 20 122 101 132 0 9 120 164 34 78 169 129 3 68 80 150 0 180 21 72 197 56 186 23 75 133 22 74 73 0 18 82 48 168 47 36 143 49 7 106 153 0 114 8 125 45 174 46 124 175 64 181 131 30 70 0 98 91 191 141 16 61 173 84 5 118 60 166 0 184 196 116 77 121 29 24 163 134 177 109 12 0 59 37 100 193 85 93 99 104 96 6 147 0 26 149 39 139 179 195 138 154 28 0 183 94 95 92 151 97 117 13 58 152 0 66 65 136 35 135 71 161 103 51 1 0 
Solução encontrada considerada mediana
GAP de 5.09832
Numero maximo de geracoes sem evolucao: 250
Solucão valida: Sim
====================================================================================================================


 ===================================================RESULTADOS=========================================================
Melhor fitness final: 1385
Melhor fitness possivel: 1373
Tempo de execução: 326
Melhor solução encontrada: 0 5 61 16 86 140 38 14 142 42 172 87 0 114 8 46 36 143 49 64 181 159 62 148 88 127 0 33 81 9 35 135 164 34 78 169 121 29 24 163 134 0 198 110 155 4 187 139 56 133 22 171 73 40 53 0 76 196 77 158 3 129 79 185 157 102 50 111 0 101 70 30 128 160 131 32 90 63 126 108 10 189 162 0 51 120 103 161 71 136 65 66 188 20 122 0 166 83 199 174 125 45 17 113 173 84 118 60 0 183 94 95 97 151 92 37 98 59 96 6 147 0 21 72 197 39 170 67 23 186 75 74 0 104 99 93 85 193 91 191 141 44 119 192 100 117 0 154 138 12 109 177 150 80 68 116 184 28 0 152 180 149 179 25 55 165 130 54 195 26 105 0 89 18 82 124 47 168 48 7 194 106 153 52 0 167 190 31 11 175 107 19 123 182 146 0 58 2 178 115 145 41 15 43 57 144 137 13 112 156 0 27 132 69 1 176 0 
Solução encontrada considerada boa
GAP de 0.873999
Numero maximo de geracoes sem evolucao: 335
Solucão valida: Sim
====================================================================================================================


 ===================================================RESULTADOS=========================================================
Melhor fitness final: 1443
Melhor fitness possivel: 1373
Tempo de execução: 324
Melhor solução encontrada: 0 72 197 23 67 170 39 187 139 179 0 52 153 106 82 48 168 47 124 8 114 18 89 0 192 119 44 140 38 14 142 42 172 144 57 41 145 115 178 2 0 28 184 116 77 3 158 169 79 185 196 76 0 13 117 37 98 93 85 91 193 100 43 15 87 137 0 166 83 199 84 173 16 141 191 61 5 118 60 0 183 94 95 97 151 92 59 104 99 96 6 147 0 176 157 33 81 120 9 51 122 30 70 101 162 69 132 0 1 20 188 128 131 32 181 63 126 11 175 107 7 194 0 177 150 80 68 121 29 24 163 134 25 55 165 130 54 26 0 111 50 102 160 90 108 190 127 167 27 0 103 161 71 66 65 136 35 135 164 34 78 129 0 198 110 155 4 56 186 75 133 22 74 171 73 21 0 86 113 17 45 125 174 46 36 143 49 64 146 0 154 138 12 109 195 149 180 40 105 53 0 31 189 10 159 62 19 123 182 148 88 0 156 112 58 152 0 
Solução encontrada considerada mediana
GAP de 5.09832
Numero maximo de geracoes sem evolucao: 534
Solucão valida: Sim
====================================================================================================================

