
 ===================================================RESULTADOS=========================================================
Melhor fitness final: 812
Melhor fitness possivel: 792
Tempo de execução: 97
Melhor solução encontrada: 0 22 64 42 41 43 1 33 0 6 63 23 56 24 49 16 51 0 54 19 59 14 53 7 0 9 50 18 55 25 31 39 0 30 48 47 36 60 20 37 0 12 40 32 44 3 17 0 2 62 28 61 21 0 52 27 13 57 15 5 29 45 0 26 58 10 38 11 0 4 34 46 8 35 0 
Solução encontrada considerada boa
GAP de 2.52525
Numero maximo de geracoes sem evolucao: 42
Solucão valida: Sim
====================================================================================================================


 ===================================================RESULTADOS=========================================================
Melhor fitness final: 829
Melhor fitness possivel: 792
Tempo de execução: 97
Melhor solução encontrada: 0 16 49 24 56 23 63 33 0 30 21 61 28 2 0 7 53 11 14 19 35 0 29 15 57 13 54 59 38 26 0 62 22 64 42 41 43 1 0 58 10 31 25 55 18 50 0 34 46 8 52 27 45 0 51 3 44 32 9 39 12 0 48 47 36 60 20 37 5 0 40 17 6 4 0 
Solução encontrada considerada boa
GAP de 4.67172
Numero maximo de geracoes sem evolucao: 38
Solucão valida: Sim
====================================================================================================================


 ===================================================RESULTADOS=========================================================
Melhor fitness final: 818
Melhor fitness possivel: 792
Tempo de execução: 101
Melhor solução encontrada: 0 16 63 49 24 18 50 44 3 0 7 35 14 59 19 54 13 0 39 31 55 25 9 32 0 4 52 8 46 34 0 2 28 61 64 22 62 0 30 48 47 5 29 45 0 26 12 40 17 51 6 0 33 1 43 42 41 56 23 0 53 11 38 10 58 0 21 36 60 20 37 15 57 27 0 
Solução encontrada considerada boa
GAP de 3.28283
Numero maximo de geracoes sem evolucao: 1703
Solucão valida: Sim
====================================================================================================================


 ===================================================RESULTADOS=========================================================
Melhor fitness final: 819
Melhor fitness possivel: 792
Tempo de execução: 99
Melhor solução encontrada: 0 7 35 14 59 19 54 8 0 27 15 57 13 52 46 34 0 16 49 24 56 23 63 33 0 4 30 2 6 51 17 0 45 48 21 61 28 0 50 18 55 25 31 39 9 0 1 43 41 42 64 22 62 0 47 36 60 20 37 5 29 0 53 11 38 10 58 0 26 12 40 32 44 3 0 
Solução encontrada considerada boa
GAP de 3.40909
Numero maximo de geracoes sem evolucao: 19
Solucão valida: Sim
====================================================================================================================


 ===================================================RESULTADOS=========================================================
Melhor fitness final: 816
Melhor fitness possivel: 792
Tempo de execução: 91
Melhor solução encontrada: 0 4 45 29 5 48 30 0 47 36 60 20 37 15 57 27 0 39 31 25 55 18 50 9 0 6 2 33 63 16 51 0 17 3 44 32 40 12 0 24 49 23 56 41 42 43 1 0 28 21 61 64 22 62 0 35 14 59 19 54 13 52 0 53 11 38 10 58 0 34 46 8 7 26 0 
Solução encontrada considerada boa
GAP de 3.0303
Numero maximo de geracoes sem evolucao: 492
Solucão valida: Sim
====================================================================================================================


 ===================================================RESULTADOS=========================================================
Melhor fitness final: 819
Melhor fitness possivel: 792
Tempo de execução: 94
Melhor solução encontrada: 0 17 3 24 49 63 33 6 0 2 28 61 64 22 62 0 30 48 29 45 27 52 0 4 34 46 8 26 0 21 47 36 60 20 37 5 0 15 57 13 54 19 59 14 35 0 40 32 9 39 12 0 7 53 11 38 58 0 1 43 42 41 56 23 16 51 0 10 31 25 55 18 50 44 0 
Solução encontrada considerada boa
GAP de 3.40909
Numero maximo de geracoes sem evolucao: 147
Solucão valida: Sim
====================================================================================================================


 ===================================================RESULTADOS=========================================================
Melhor fitness final: 820
Melhor fitness possivel: 792
Tempo de execução: 91
Melhor solução encontrada: 0 11 38 10 58 26 0 62 22 64 61 28 2 0 34 52 27 13 54 19 8 0 9 39 31 55 25 44 3 0 7 53 59 14 35 46 0 21 47 36 60 20 37 15 57 0 4 45 29 5 48 30 0 32 50 18 24 49 63 16 0 33 1 43 42 41 56 23 0 6 51 17 40 12 0 
Solução encontrada considerada boa
GAP de 3.53535
Numero maximo de geracoes sem evolucao: 1302
Solucão valida: Sim
====================================================================================================================


 ===================================================RESULTADOS=========================================================
Melhor fitness final: 831
Melhor fitness possivel: 792
Tempo de execução: 83
Melhor solução encontrada: 0 46 8 13 57 54 19 35 7 0 6 17 40 12 26 0 9 39 31 59 14 0 5 15 37 20 60 36 47 48 0 58 10 38 11 53 0 30 21 61 28 2 0 34 52 27 29 45 4 0 1 43 41 42 64 22 62 0 32 25 55 18 50 44 3 51 0 33 63 23 56 24 49 16 0 
Solução encontrada considerada boa
GAP de 4.92424
Numero maximo de geracoes sem evolucao: 56
Solucão valida: Sim
====================================================================================================================


 ===================================================RESULTADOS=========================================================
Melhor fitness final: 816
Melhor fitness possivel: 792
Tempo de execução: 86
Melhor solução encontrada: 0 1 63 23 56 24 49 16 51 0 17 3 44 32 40 12 0 58 10 38 11 26 0 7 53 59 14 35 0 28 61 21 47 5 29 0 50 18 55 25 31 39 9 0 33 43 41 42 64 22 62 0 48 36 60 20 37 15 57 27 0 46 8 19 54 13 52 34 0 4 45 30 2 6 0 
Solução encontrada considerada boa
GAP de 3.0303
Numero maximo de geracoes sem evolucao: 1385
Solucão valida: Sim
====================================================================================================================


 ===================================================RESULTADOS=========================================================
Melhor fitness final: 809
Melhor fitness possivel: 792
Tempo de execução: 76
Melhor solução encontrada: 0 62 22 64 42 41 43 1 0 33 63 23 56 24 49 16 0 35 14 59 19 54 13 52 0 28 61 21 47 5 29 0 12 9 32 40 17 0 51 6 2 30 45 4 0 48 36 60 20 37 15 57 27 0 39 31 25 55 18 50 44 3 0 53 11 38 10 58 0 26 7 8 46 34 0 
Solução encontrada considerada boa
GAP de 2.14646
Numero maximo de geracoes sem evolucao: 1094
Solucão valida: Sim
====================================================================================================================

