
 ===================================================RESULTADOS=========================================================
Melhor fitness final: 812
Melhor fitness possivel: 792
Tempo de execução: 129
Melhor solução encontrada: 0 21 61 28 62 2 0 6 63 23 56 24 49 16 51 0 33 1 43 41 42 64 22 0 54 19 59 14 53 7 0 35 8 46 34 4 0 11 38 10 58 26 0 50 18 55 25 31 39 9 0 12 40 32 44 3 17 0 45 29 5 15 57 13 27 52 0 37 20 60 36 47 48 30 0 
Solução encontrada considerada boa
GAP de 2.52525
Numero maximo de geracoes sem evolucao: 57
Solucão valida: Sim
====================================================================================================================


 ===================================================RESULTADOS=========================================================
Melhor fitness final: 810
Melhor fitness possivel: 792
Tempo de execução: 118
Melhor solução encontrada: 0 1 43 41 42 64 22 62 0 16 49 24 56 23 63 33 0 26 12 40 32 44 3 0 8 54 19 59 14 35 7 0 58 10 38 11 53 0 50 18 55 25 31 39 9 0 13 57 15 20 60 36 37 5 29 0 48 47 21 61 28 0 17 51 6 2 30 4 0 45 27 52 46 34 0 
Solução encontrada considerada boa
GAP de 2.27273
Numero maximo de geracoes sem evolucao: 19
Solucão valida: Sim
====================================================================================================================


 ===================================================RESULTADOS=========================================================
Melhor fitness final: 820
Melhor fitness possivel: 792
Tempo de execução: 131
Melhor solução encontrada: 0 2 28 61 21 47 29 0 58 10 38 11 53 0 12 9 32 44 3 17 0 35 14 59 19 54 13 57 15 0 39 31 55 25 50 18 24 49 0 40 26 7 8 46 0 30 48 36 60 20 37 5 0 1 43 41 42 64 22 62 0 51 16 23 56 63 33 6 0 34 52 27 45 4 0 
Solução encontrada considerada boa
GAP de 3.53535
Numero maximo de geracoes sem evolucao: 16
Solucão valida: Sim
====================================================================================================================


 ===================================================RESULTADOS=========================================================
Melhor fitness final: 808
Melhor fitness possivel: 792
Tempo de execução: 105
Melhor solução encontrada: 0 33 1 43 41 42 64 22 0 8 54 19 59 14 35 7 0 53 11 38 10 58 0 48 37 20 60 36 47 21 0 52 27 13 57 15 5 29 45 0 16 63 23 56 49 24 18 50 0 51 3 44 32 40 17 0 26 31 55 25 9 39 12 0 30 61 28 62 2 6 0 46 34 4 0 
Solução encontrada considerada boa
GAP de 2.0202
Numero maximo de geracoes sem evolucao: 11
Solucão valida: Sim
====================================================================================================================


 ===================================================RESULTADOS=========================================================
Melhor fitness final: 822
Melhor fitness possivel: 792
Tempo de execução: 90
Melhor solução encontrada: 0 26 7 35 8 52 46 34 0 37 20 60 36 47 48 4 0 62 22 28 61 21 30 0 45 29 5 15 57 54 13 27 0 1 43 42 64 41 56 23 0 53 11 59 14 19 0 58 38 10 31 39 12 0 3 24 49 16 63 33 2 0 9 25 55 18 50 32 44 0 6 51 40 17 0 
Solução encontrada considerada boa
GAP de 3.78788
Numero maximo de geracoes sem evolucao: 43
Solucão valida: Sim
====================================================================================================================


 ===================================================RESULTADOS=========================================================
Melhor fitness final: 809
Melhor fitness possivel: 792
Tempo de execução: 104
Melhor solução encontrada: 0 31 55 25 50 18 24 49 51 0 37 20 60 36 47 21 48 0 17 44 3 16 63 33 6 0 40 32 9 39 12 0 30 28 61 22 62 2 0 45 29 5 15 57 13 27 52 0 58 10 38 11 53 0 23 56 41 64 42 43 1 0 8 54 19 59 14 35 7 0 4 34 46 26 0 
Solução encontrada considerada boa
GAP de 2.14646
Numero maximo de geracoes sem evolucao: 1052
Solucão valida: Sim
====================================================================================================================


 ===================================================RESULTADOS=========================================================
Melhor fitness final: 805
Melhor fitness possivel: 792
Tempo de execução: 96
Melhor solução encontrada: 0 29 5 36 60 20 37 15 57 0 33 1 43 41 42 64 22 0 6 63 23 56 24 49 16 51 0 12 9 32 40 17 0 58 10 38 11 53 0 39 31 25 55 18 50 44 3 0 27 13 54 19 59 14 35 0 34 46 52 8 7 26 0 62 28 61 21 47 48 0 2 30 45 4 0 
Solução encontrada considerada boa
GAP de 1.64141
Numero maximo de geracoes sem evolucao: 1673
Solucão valida: Sim
====================================================================================================================


 ===================================================RESULTADOS=========================================================
Melhor fitness final: 819
Melhor fitness possivel: 792
Tempo de execução: 97
Melhor solução encontrada: 0 2 28 61 21 30 0 32 25 55 18 50 44 3 51 0 1 43 41 42 64 22 62 0 33 63 23 56 24 49 16 0 6 17 40 12 26 0 14 59 31 39 9 0 7 35 19 54 13 57 15 29 45 0 48 47 36 60 20 37 5 0 58 10 38 11 53 0 4 27 52 8 46 34 0 
Solução encontrada considerada boa
GAP de 3.40909
Numero maximo de geracoes sem evolucao: 39
Solucão valida: Sim
====================================================================================================================


 ===================================================RESULTADOS=========================================================
Melhor fitness final: 810
Melhor fitness possivel: 792
Tempo de execução: 102
Melhor solução encontrada: 0 12 40 32 44 3 17 0 52 13 54 19 59 14 35 0 33 63 23 56 24 49 16 0 53 11 38 10 58 0 1 43 41 42 64 22 62 0 47 36 60 20 37 15 57 27 0 21 61 28 2 6 51 0 4 45 29 5 48 30 0 9 50 18 55 25 31 39 0 34 46 8 7 26 0 
Solução encontrada considerada boa
GAP de 2.27273
Numero maximo de geracoes sem evolucao: 1511
Solucão valida: Sim
====================================================================================================================


 ===================================================RESULTADOS=========================================================
Melhor fitness final: 810
Melhor fitness possivel: 792
Tempo de execução: 98
Melhor solução encontrada: 0 35 14 59 19 54 13 27 0 33 63 23 56 24 49 16 0 34 46 52 8 7 26 0 45 29 5 21 61 28 0 53 11 38 10 58 0 62 22 64 42 41 43 1 0 57 15 37 20 60 36 47 48 0 39 31 25 55 18 50 44 3 0 17 40 32 9 12 0 4 30 2 6 51 0 
Solução encontrada considerada boa
GAP de 2.27273
Numero maximo de geracoes sem evolucao: 1722
Solucão valida: Sim
====================================================================================================================

