
 ===================================================RESULTADOS=========================================================
Melhor fitness final: 1821
Melhor fitness possivel: 1763
Tempo de execução: 93
Melhor solução encontrada: 0 51 77 64 41 25 46 39 3 0 76 72 54 9 55 56 69 65 35 26 19 47 15 33 0 71 14 48 18 79 28 52 0 13 74 29 44 12 23 62 0 6 30 59 27 17 60 0 36 50 45 22 4 32 73 0 5 78 68 43 16 61 57 75 20 31 0 49 38 58 70 67 66 53 42 0 24 8 37 2 34 11 63 10 0 1 7 21 40 0 
Solução encontrada considerada boa
GAP de 3.28985
Numero maximo de geracoes sem evolucao: 19
Solucão valida: Sim
====================================================================================================================


 ===================================================RESULTADOS=========================================================
Melhor fitness final: 1810
Melhor fitness possivel: 1763
Tempo de execução: 93
Melhor solução encontrada: 0 30 78 68 43 16 61 57 75 20 31 51 0 36 76 72 54 9 55 15 33 64 39 77 0 41 47 56 69 65 35 26 19 25 46 60 13 0 70 50 45 22 4 32 58 49 0 10 11 34 2 37 8 6 24 0 12 44 5 23 62 63 0 71 14 48 18 79 28 52 0 73 38 66 67 53 42 0 3 74 17 27 59 29 0 40 21 7 1 0 
Solução encontrada considerada boa
GAP de 2.66591
Numero maximo de geracoes sem evolucao: 44
Solucão valida: Sim
====================================================================================================================


 ===================================================RESULTADOS=========================================================
Melhor fitness final: 1779
Melhor fitness possivel: 1763
Tempo de execução: 95
Melhor solução encontrada: 0 12 44 5 23 62 63 10 0 29 78 61 16 43 68 8 37 2 34 0 11 24 6 30 59 27 17 0 71 14 48 18 79 28 52 0 3 39 60 74 13 0 49 73 36 66 67 53 42 0 38 58 32 4 22 45 70 0 50 76 72 54 9 15 41 25 46 64 77 51 0 33 55 56 69 65 35 26 47 19 57 75 20 31 0 40 21 7 1 0 
Solução encontrada considerada boa
GAP de 0.907544
Numero maximo de geracoes sem evolucao: 499
Solucão valida: Sim
====================================================================================================================


 ===================================================RESULTADOS=========================================================
Melhor fitness final: 1836
Melhor fitness possivel: 1763
Tempo de execução: 90
Melhor solução encontrada: 0 38 32 4 22 45 50 0 58 76 72 54 9 55 56 69 65 35 26 19 47 0 13 17 27 59 30 24 62 0 11 52 28 79 18 48 14 0 31 20 75 57 61 16 43 68 8 78 0 12 44 5 29 74 3 51 0 40 21 10 71 7 1 0 36 70 64 33 15 41 25 46 60 39 77 0 63 34 2 37 6 23 0 49 73 67 66 53 42 0 
Solução encontrada considerada boa
GAP de 4.14067
Numero maximo de geracoes sem evolucao: 177
Solucão valida: Sim
====================================================================================================================


 ===================================================RESULTADOS=========================================================
Melhor fitness final: 1796
Melhor fitness possivel: 1763
Tempo de execução: 90
Melhor solução encontrada: 0 36 53 66 67 38 73 49 0 10 63 11 34 2 37 8 24 0 58 32 4 22 45 50 76 70 0 6 30 78 68 43 16 61 57 31 0 42 39 60 3 13 0 71 14 48 18 79 28 52 0 20 75 19 47 26 35 65 69 56 55 9 54 72 0 17 27 59 46 25 41 15 33 64 77 51 0 74 29 5 44 12 23 62 0 1 7 21 40 0 
Solução encontrada considerada boa
GAP de 1.87181
Numero maximo de geracoes sem evolucao: 813
Solucão valida: Sim
====================================================================================================================


 ===================================================RESULTADOS=========================================================
Melhor fitness final: 1817
Melhor fitness possivel: 1763
Tempo de execução: 103
Melhor solução encontrada: 0 49 73 36 66 67 53 42 0 3 74 29 5 44 12 13 0 27 59 30 6 23 62 0 71 14 48 18 79 28 52 0 70 64 33 15 41 46 31 17 60 39 77 51 0 20 75 19 57 61 16 43 68 78 0 58 32 4 22 45 50 72 76 0 38 54 9 55 56 69 65 35 26 47 25 0 24 8 37 2 34 11 63 10 0 40 21 7 1 0 
Solução encontrada considerada boa
GAP de 3.06296
Numero maximo de geracoes sem evolucao: 490
Solucão valida: Sim
====================================================================================================================


 ===================================================RESULTADOS=========================================================
Melhor fitness final: 1798
Melhor fitness possivel: 1763
Tempo de execução: 87
Melhor solução encontrada: 0 49 73 36 67 66 53 42 0 3 60 17 27 59 5 0 38 72 54 9 55 15 33 64 39 77 51 0 24 8 37 2 34 11 63 10 0 52 28 79 18 48 14 71 0 58 32 4 22 45 50 76 70 0 31 20 75 19 26 35 65 69 56 47 41 25 46 0 30 78 61 57 16 43 68 6 0 62 23 12 44 29 74 13 0 40 21 7 1 0 
Solução encontrada considerada boa
GAP de 1.98525
Numero maximo de geracoes sem evolucao: 613
Solucão valida: Sim
====================================================================================================================


 ===================================================RESULTADOS=========================================================
Melhor fitness final: 1784
Melhor fitness possivel: 1763
Tempo de execução: 89
Melhor solução encontrada: 0 13 3 60 39 51 42 0 74 29 17 31 46 25 41 15 33 64 77 0 10 11 34 2 37 8 6 24 0 12 44 5 23 62 63 0 70 76 50 45 22 4 32 58 0 30 78 68 43 16 61 57 59 27 0 20 75 19 47 26 35 65 69 56 55 9 54 72 0 71 14 48 18 79 28 52 0 49 38 66 67 53 36 73 0 1 7 21 40 0 
Solução encontrada considerada boa
GAP de 1.19115
Numero maximo de geracoes sem evolucao: 33
Solucão valida: Sim
====================================================================================================================


 ===================================================RESULTADOS=========================================================
Melhor fitness final: 1811
Melhor fitness possivel: 1763
Tempo de execução: 76
Melhor solução encontrada: 0 42 53 66 67 70 58 38 49 0 36 72 54 9 55 15 41 25 46 64 77 0 10 71 28 79 18 48 14 0 7 63 11 23 62 0 68 43 16 61 57 19 26 35 65 69 56 47 33 0 52 34 2 37 8 78 20 75 31 74 51 0 76 50 45 22 4 32 73 0 3 39 60 17 29 13 0 12 44 5 27 59 30 6 24 0 1 21 40 0 
Solução encontrada considerada boa
GAP de 2.72263
Numero maximo de geracoes sem evolucao: 386
Solucão valida: Sim
====================================================================================================================


 ===================================================RESULTADOS=========================================================
Melhor fitness final: 1800
Melhor fitness possivel: 1763
Tempo de execução: 93
Melhor solução encontrada: 0 46 25 41 15 55 9 54 72 76 70 0 42 53 66 67 38 73 49 0 10 11 34 2 37 8 6 24 0 63 62 23 44 12 13 0 71 14 48 18 79 28 52 0 36 50 45 22 4 32 58 0 74 17 60 39 3 0 51 77 64 33 56 69 65 35 26 47 19 57 75 20 31 0 29 27 59 61 16 43 68 78 30 5 0 40 21 7 1 0 
Solução encontrada considerada boa
GAP de 2.0987
Numero maximo de geracoes sem evolucao: 599
Solucão valida: Sim
====================================================================================================================

