
 ===================================================RESULTADOS=========================================================
Melhor fitness final: 1793
Melhor fitness possivel: 1763
Tempo de execução: 54
Melhor solução encontrada: 0 30 78 68 43 16 61 57 75 20 31 0 71 14 48 18 79 28 52 0 3 74 17 27 59 29 0 38 72 54 9 55 15 33 64 39 77 51 0 12 44 5 23 62 63 0 13 60 46 25 19 26 35 65 69 56 47 41 0 24 6 8 37 2 34 11 10 0 58 32 4 22 45 50 76 70 0 49 73 36 67 66 53 42 0 1 7 21 40 0 
Solução encontrada considerada boa
GAP de 1.70164
Numero maximo de geracoes sem evolucao: 2354
Solucão valida: Sim
====================================================================================================================


 ===================================================RESULTADOS=========================================================
Melhor fitness final: 1794
Melhor fitness possivel: 1763
Tempo de execução: 54
Melhor solução encontrada: 0 29 59 27 17 74 3 0 70 50 45 22 4 32 58 49 0 51 77 64 15 56 69 65 35 26 19 47 41 25 46 60 0 10 11 34 2 37 8 6 24 0 31 20 75 57 61 16 43 68 78 30 0 38 76 72 54 9 55 33 39 0 12 44 5 23 62 63 0 71 14 48 18 79 28 52 0 13 42 53 66 67 36 73 0 1 7 21 40 0 
Solução encontrada considerada boa
GAP de 1.75837
Numero maximo de geracoes sem evolucao: 576
Solucão valida: Sim
====================================================================================================================


 ===================================================RESULTADOS=========================================================
Melhor fitness final: 1798
Melhor fitness possivel: 1763
Tempo de execução: 52
Melhor solução encontrada: 0 24 8 37 2 34 11 63 10 0 42 51 77 39 60 3 13 0 6 30 78 68 43 16 61 57 31 0 70 72 54 9 55 56 69 65 35 26 19 47 41 15 33 0 76 50 45 22 4 32 58 0 71 14 48 18 79 28 52 0 17 27 59 20 75 25 46 64 0 74 29 5 44 12 23 62 0 73 36 53 66 67 38 49 0 1 7 21 40 0 
Solução encontrada considerada boa
GAP de 1.98525
Numero maximo de geracoes sem evolucao: 14
Solucão valida: Sim
====================================================================================================================


 ===================================================RESULTADOS=========================================================
Melhor fitness final: 1779
Melhor fitness possivel: 1763
Tempo de execução: 55
Melhor solução encontrada: 0 71 28 79 18 48 14 10 0 31 20 75 57 26 35 65 69 56 47 19 25 77 51 0 58 32 4 22 45 50 76 70 0 52 34 2 37 8 68 43 16 61 78 0 23 30 6 24 11 63 0 38 72 54 9 55 33 15 41 46 64 0 3 39 60 29 74 13 0 17 27 59 5 44 12 62 0 42 53 66 67 36 73 49 0 1 7 21 40 0 
Solução encontrada considerada boa
GAP de 0.907544
Numero maximo de geracoes sem evolucao: 240
Solucão valida: Sim
====================================================================================================================


 ===================================================RESULTADOS=========================================================
Melhor fitness final: 1803
Melhor fitness possivel: 1763
Tempo de execução: 52
Melhor solução encontrada: 0 30 78 68 43 16 61 57 75 20 31 0 12 44 5 23 62 63 0 76 50 45 22 4 32 58 0 49 73 38 67 66 53 42 0 36 70 72 54 9 55 56 69 65 35 26 19 47 15 33 0 71 14 48 18 79 28 52 0 13 74 29 59 27 17 60 0 24 6 8 37 2 34 11 10 0 3 39 46 25 41 64 77 51 0 1 7 21 40 0 
Solução encontrada considerada boa
GAP de 2.26886
Numero maximo de geracoes sem evolucao: 759
Solucão valida: Sim
====================================================================================================================


 ===================================================RESULTADOS=========================================================
Melhor fitness final: 1812
Melhor fitness possivel: 1763
Tempo de execução: 51
Melhor solução encontrada: 0 73 36 53 67 66 38 49 0 57 19 47 26 35 65 69 56 55 9 54 72 0 29 59 27 31 17 74 3 0 78 61 16 43 68 8 37 2 34 52 0 10 71 28 79 18 48 14 0 13 5 30 6 24 11 63 0 62 23 44 12 77 51 42 0 39 64 33 15 41 25 75 20 46 60 0 58 32 4 22 45 50 76 70 0 40 21 7 1 0 
Solução encontrada considerada boa
GAP de 2.77935
Numero maximo de geracoes sem evolucao: 44
Solucão valida: Sim
====================================================================================================================


 ===================================================RESULTADOS=========================================================
Melhor fitness final: 1791
Melhor fitness possivel: 1763
Tempo de execução: 51
Melhor solução encontrada: 0 31 20 75 57 61 16 43 68 78 30 0 71 14 48 18 79 28 52 0 10 11 34 2 37 8 6 24 0 58 76 72 54 9 55 56 69 65 35 26 19 47 0 38 32 4 22 45 50 0 3 39 60 74 13 0 49 73 36 66 67 70 53 42 0 63 62 23 12 44 5 29 0 51 77 64 33 15 41 25 46 59 27 17 0 1 7 21 40 0 
Solução encontrada considerada boa
GAP de 1.5882
Numero maximo de geracoes sem evolucao: 19
Solucão valida: Sim
====================================================================================================================


 ===================================================RESULTADOS=========================================================
Melhor fitness final: 1793
Melhor fitness possivel: 1763
Tempo de execução: 46
Melhor solução encontrada: 0 42 51 77 39 60 3 13 0 74 29 5 44 12 23 62 0 63 11 24 6 30 59 31 0 10 71 28 79 18 48 14 0 33 56 69 65 35 26 47 19 57 61 16 43 68 0 70 76 50 45 22 4 32 58 0 53 64 46 25 41 15 55 9 54 72 0 52 34 2 37 8 78 20 75 27 17 0 73 36 67 66 38 49 0 1 7 21 40 0 
Solução encontrada considerada boa
GAP de 1.70164
Numero maximo de geracoes sem evolucao: 50
Solucão valida: Sim
====================================================================================================================


 ===================================================RESULTADOS=========================================================
Melhor fitness final: 1821
Melhor fitness possivel: 1763
Tempo de execução: 52
Melhor solução encontrada: 0 52 28 79 18 48 14 71 0 21 10 63 11 24 6 30 0 46 25 75 20 68 8 37 2 34 0 5 59 27 17 31 60 39 77 51 0 64 41 15 55 9 54 72 76 38 0 44 78 43 16 61 57 19 47 26 35 65 69 56 33 0 49 58 32 4 22 45 50 70 0 73 36 66 67 53 3 42 0 13 74 29 12 23 62 0 40 7 1 0 
Solução encontrada considerada boa
GAP de 3.28985
Numero maximo de geracoes sem evolucao: 397
Solucão valida: Sim
====================================================================================================================


 ===================================================RESULTADOS=========================================================
Melhor fitness final: 1819
Melhor fitness possivel: 1763
Tempo de execução: 48
Melhor solução encontrada: 0 1 7 71 10 21 40 0 36 72 54 9 55 15 41 25 46 64 51 0 14 48 18 79 28 52 11 0 74 29 5 44 12 23 62 0 24 6 30 59 27 17 60 77 0 3 39 53 66 67 38 0 58 32 4 22 45 50 76 70 0 31 75 20 78 8 37 2 34 63 0 68 43 16 61 57 19 47 26 35 65 69 56 33 0 49 73 42 13 0 
Solução encontrada considerada boa
GAP de 3.1764
Numero maximo de geracoes sem evolucao: 2203
Solucão valida: Sim
====================================================================================================================

