
 ===================================================RESULTADOS=========================================================
Melhor fitness final: 1822
Melhor fitness possivel: 1763
Tempo de execução: 109
Melhor solução encontrada: 0 17 27 59 30 6 23 0 13 74 29 5 44 12 62 0 36 50 45 22 4 32 58 0 25 47 26 35 65 69 56 55 9 54 72 76 70 0 10 71 28 79 18 48 14 0 78 68 43 16 61 57 19 75 20 31 0 42 53 67 66 38 73 49 0 3 60 46 41 15 33 64 39 77 51 0 24 8 37 2 34 52 11 63 0 1 7 21 40 0 
Solução encontrada considerada boa
GAP de 3.34657
Numero maximo de geracoes sem evolucao: 15
Solucão valida: Sim
====================================================================================================================


 ===================================================RESULTADOS=========================================================
Melhor fitness final: 1805
Melhor fitness possivel: 1763
Tempo de execução: 99
Melhor solução encontrada: 0 36 50 45 22 4 32 73 0 71 14 48 18 79 28 52 0 62 6 24 11 63 10 0 76 72 54 9 55 33 15 41 25 46 64 0 42 53 67 66 70 58 38 49 0 5 59 27 17 60 39 77 51 0 3 74 29 44 12 13 0 23 20 75 57 26 35 65 69 56 47 19 31 0 30 78 61 16 43 68 8 37 2 34 0 1 7 21 40 0 
Solução encontrada considerada boa
GAP de 2.3823
Numero maximo de geracoes sem evolucao: 188
Solucão valida: Sim
====================================================================================================================


 ===================================================RESULTADOS=========================================================
Melhor fitness final: 1815
Melhor fitness possivel: 1763
Tempo de execução: 106
Melhor solução encontrada: 0 19 47 56 69 65 35 26 57 61 16 43 68 0 13 64 33 15 55 9 54 72 76 38 0 3 39 60 31 17 74 0 29 27 59 20 75 25 41 46 77 51 0 1 7 10 21 40 0 6 24 34 2 37 8 78 30 5 0 71 14 48 18 79 28 52 0 49 58 32 4 22 45 50 70 0 12 44 23 11 63 62 0 42 53 67 66 36 73 0 
Solução encontrada considerada boa
GAP de 2.94952
Numero maximo de geracoes sem evolucao: 2233
Solucão valida: Sim
====================================================================================================================


 ===================================================RESULTADOS=========================================================
Melhor fitness final: 1817
Melhor fitness possivel: 1763
Tempo de execução: 100
Melhor solução encontrada: 0 49 32 4 22 45 50 36 0 71 14 48 18 79 28 52 0 29 20 75 57 61 16 43 68 78 0 17 31 27 59 30 6 24 0 76 72 54 9 55 15 41 25 46 64 0 42 53 67 66 70 58 38 73 0 10 63 62 23 5 44 12 0 11 34 2 37 8 19 47 26 35 65 69 56 33 0 51 77 3 39 60 74 13 0 1 7 21 40 0 
Solução encontrada considerada boa
GAP de 3.06296
Numero maximo de geracoes sem evolucao: 218
Solucão valida: Sim
====================================================================================================================


 ===================================================RESULTADOS=========================================================
Melhor fitness final: 1799
Melhor fitness possivel: 1763
Tempo de execução: 106
Melhor solução encontrada: 0 74 60 39 3 42 0 76 50 45 22 4 32 58 0 13 12 44 23 62 63 10 0 29 17 31 27 59 30 6 24 0 70 72 54 9 55 15 41 25 46 64 77 51 0 71 14 48 18 79 28 52 0 68 43 16 61 57 19 26 35 65 69 56 47 33 0 49 38 66 67 53 36 73 0 11 34 2 37 8 78 20 75 5 0 1 7 21 40 0 
Solução encontrada considerada boa
GAP de 2.04197
Numero maximo de geracoes sem evolucao: 1629
Solucão valida: Sim
====================================================================================================================


 ===================================================RESULTADOS=========================================================
Melhor fitness final: 1795
Melhor fitness possivel: 1763
Tempo de execução: 101
Melhor solução encontrada: 0 70 50 45 22 4 32 58 49 0 62 63 11 23 12 13 0 30 78 68 43 16 61 57 75 20 31 0 52 34 2 37 8 6 24 5 44 0 51 77 64 15 56 69 65 35 26 19 47 41 25 46 60 0 42 53 66 67 36 73 0 3 74 17 27 59 29 0 38 76 72 54 9 55 33 39 0 10 71 28 79 18 48 14 0 1 7 21 40 0 
Solução encontrada considerada boa
GAP de 1.81509
Numero maximo de geracoes sem evolucao: 854
Solucão valida: Sim
====================================================================================================================


 ===================================================RESULTADOS=========================================================
Melhor fitness final: 1815
Melhor fitness possivel: 1763
Tempo de execução: 104
Melhor solução encontrada: 0 24 8 37 2 34 11 63 10 0 70 50 45 22 4 32 58 73 0 49 38 67 66 53 42 0 62 23 12 44 29 74 13 0 39 64 33 15 55 9 54 72 76 36 0 46 25 41 47 56 69 65 35 26 19 75 20 31 0 71 14 48 18 79 28 52 0 5 59 27 17 60 3 77 51 0 30 78 61 57 16 43 68 6 0 1 7 21 40 0 
Solução encontrada considerada boa
GAP de 2.94952
Numero maximo de geracoes sem evolucao: 257
Solucão valida: Sim
====================================================================================================================


 ===================================================RESULTADOS=========================================================
Melhor fitness final: 1799
Melhor fitness possivel: 1763
Tempo de execução: 100
Melhor solução encontrada: 0 51 77 46 25 41 55 9 54 72 76 0 74 17 31 60 39 3 0 24 8 37 2 34 11 63 10 0 64 33 15 47 56 69 65 35 26 19 57 75 20 29 0 27 59 61 16 43 68 78 30 6 0 71 14 48 18 79 28 52 0 36 70 50 45 22 4 32 58 0 13 12 44 5 23 62 0 42 53 67 66 38 73 49 0 40 21 7 1 0 
Solução encontrada considerada boa
GAP de 2.04197
Numero maximo de geracoes sem evolucao: 1251
Solucão valida: Sim
====================================================================================================================


 ===================================================RESULTADOS=========================================================
Melhor fitness final: 1805
Melhor fitness possivel: 1763
Tempo de execução: 112
Melhor solução encontrada: 0 42 53 67 66 36 73 49 0 3 74 17 27 59 29 0 71 14 48 18 79 28 52 0 30 78 68 43 16 61 57 75 20 31 0 12 44 5 23 62 63 0 9 55 56 69 65 35 26 19 47 25 60 0 10 11 34 2 37 8 6 24 0 13 51 77 39 64 46 41 15 33 54 72 38 0 70 76 50 45 22 4 32 58 0 40 21 7 1 0 
Solução encontrada considerada boa
GAP de 2.3823
Numero maximo de geracoes sem evolucao: 166
Solucão valida: Sim
====================================================================================================================


 ===================================================RESULTADOS=========================================================
Melhor fitness final: 1776
Melhor fitness possivel: 1763
Tempo de execução: 102
Melhor solução encontrada: 0 23 6 24 11 63 10 0 38 72 54 9 55 33 15 41 46 77 51 0 71 14 48 18 79 28 52 0 49 73 36 66 67 53 42 0 3 39 60 29 74 13 0 70 76 50 45 22 4 32 58 0 17 27 59 5 44 12 62 0 31 20 75 57 26 35 65 69 56 47 19 25 64 0 30 78 61 16 43 68 8 37 2 34 0 1 7 21 40 0 
Solução encontrada considerada boa
GAP de 0.737379
Numero maximo de geracoes sem evolucao: 75
Solucão valida: Sim
====================================================================================================================

