GAP médio ≈ 7.35% 
 ===================================================RESULTADOS=========================================================
Melhor fitness final: 1110
Melhor fitness possivel: 1053
Tempo de execução: 457
Melhor solução encontrada: 0 112 89 147 6 94 95 97 117 13 58 40 53 0 47 36 143 49 64 11 107 19 123 88 31 127 0 83 114 8 125 45 17 113 16 5 118 60 0 18 82 106 7 148 62 10 108 126 63 90 32 131 128 20 0 105 26 21 73 74 133 22 41 145 115 2 57 144 87 137 0 138 12 109 54 130 134 24 29 121 80 150 68 116 0 76 50 102 33 81 120 9 51 30 70 101 69 132 0 149 110 4 55 25 139 39 67 23 56 75 72 0 77 3 79 129 78 34 135 35 136 65 71 66 103 122 1 0 59 98 37 100 119 44 141 91 85 93 104 99 0 96 92 42 15 43 142 14 38 140 86 61 84 46 124 48 52 0 28 111 27 146 0 
Solução encontrada considerada mediana
GAP de 5.41311
Numero maximo de geracoes sem evolucao: 62
Solucão valida: Sim
====================================================================================================================


 ===================================================RESULTADOS=========================================================
Melhor fitness final: 1147
Melhor fitness possivel: 1053
Tempo de execução: 396
Melhor solução encontrada: 0 13 92 98 91 141 16 85 93 99 104 96 6 0 31 10 108 131 32 90 63 126 62 148 88 127 146 0 40 21 73 72 74 22 133 75 56 39 139 4 110 0 7 123 19 107 11 64 49 143 36 47 46 124 48 0 18 83 84 17 113 86 61 5 118 60 0 112 147 94 95 97 87 144 57 115 2 58 0 121 29 24 134 54 130 55 25 67 23 41 145 15 43 142 42 117 0 53 105 12 76 50 102 122 30 70 101 69 132 111 0 28 116 77 3 79 33 81 120 9 103 51 1 0 20 128 66 71 65 136 35 135 34 78 129 68 150 80 109 0 26 149 138 27 52 106 82 114 8 45 125 89 0 137 14 38 140 44 119 100 37 59 0 
Solução encontrada considerada ruim
GAP de 8.92688
Numero maximo de geracoes sem evolucao: 1141
Solucão valida: Sim
====================================================================================================================


 ===================================================RESULTADOS=========================================================
Melhor fitness final: 1134
Melhor fitness possivel: 1053
Tempo de execução: 425
Melhor solução encontrada: 0 27 69 101 70 30 122 51 81 33 102 50 111 28 0 76 116 77 3 79 129 78 34 35 135 120 9 1 132 0 112 94 95 92 37 98 59 99 104 96 6 147 89 0 103 71 136 65 66 20 128 131 32 90 126 11 107 7 52 146 0 13 117 97 87 42 144 57 2 137 58 53 0 85 91 100 142 14 119 44 141 16 61 93 0 115 145 41 15 43 38 140 86 113 17 84 5 118 60 0 149 130 54 134 24 29 121 68 150 80 109 12 138 0 110 4 55 25 139 39 67 23 56 75 133 22 0 88 148 62 10 108 63 64 49 143 36 19 123 106 0 18 82 48 47 124 46 45 125 8 114 83 0 127 31 26 21 72 74 73 40 105 0 
Solução encontrada considerada mediana
GAP de 7.69231
Numero maximo de geracoes sem evolucao: 314
Solucão valida: Sim
====================================================================================================================


 ===================================================RESULTADOS=========================================================
Melhor fitness final: 1139
Melhor fitness possivel: 1053
Tempo de execução: 383
Melhor solução encontrada: 0 112 89 147 6 94 95 97 87 144 57 115 2 0 132 69 101 70 10 108 90 63 126 62 148 88 31 127 27 0 106 7 107 11 64 49 143 36 47 48 82 18 0 53 105 26 149 109 150 80 68 116 138 28 0 1 51 103 71 9 120 34 78 129 79 3 77 76 111 0 54 130 55 25 39 56 75 133 22 74 72 73 21 0 99 104 59 98 85 91 141 44 119 100 37 92 0 118 60 83 114 8 125 45 17 113 61 93 96 0 122 30 32 131 128 20 66 65 136 35 135 81 33 0 58 40 110 4 139 67 23 41 145 15 43 142 42 137 13 0 146 52 123 19 124 46 84 5 16 86 140 38 14 117 0 12 134 24 29 121 102 50 0 
Solução encontrada considerada ruim
GAP de 8.16714
Numero maximo de geracoes sem evolucao: 775
Solucão valida: Sim
====================================================================================================================


 ===================================================RESULTADOS=========================================================
Melhor fitness final: 1116
Melhor fitness possivel: 1053
Tempo de execução: 379
Melhor solução encontrada: 0 96 93 85 16 141 44 119 14 142 42 137 0 48 47 124 46 36 143 49 64 11 107 19 123 7 0 31 10 108 131 32 90 63 126 62 148 88 127 146 0 27 132 69 101 70 30 122 1 76 116 68 80 150 111 0 26 149 110 4 139 39 56 133 22 74 72 21 0 13 117 95 59 98 37 97 87 144 57 115 2 58 0 89 118 60 83 114 8 125 45 17 84 5 99 104 6 0 94 92 100 91 61 113 86 140 38 43 15 41 145 105 0 134 24 29 121 79 129 78 34 120 81 33 3 77 28 0 20 128 66 65 136 35 135 71 103 9 51 102 50 0 138 12 109 54 130 55 25 67 23 75 73 40 53 0 112 147 18 82 106 52 0 
Solução encontrada considerada mediana
GAP de 5.98291
Numero maximo de geracoes sem evolucao: 336
Solucão valida: Sim
====================================================================================================================


 ===================================================RESULTADOS=========================================================
Melhor fitness final: 1127
Melhor fitness possivel: 1053
Tempo de execução: 420
Melhor solução encontrada: 0 89 147 6 96 99 104 93 85 98 92 95 94 0 50 102 103 9 120 81 33 3 77 116 76 0 121 29 24 134 54 130 139 39 56 75 74 72 73 0 112 2 115 145 41 22 133 23 67 25 55 4 110 21 0 7 123 19 107 11 64 63 126 90 32 131 128 20 30 122 70 101 0 52 106 88 148 62 108 10 31 127 69 1 132 27 0 53 58 40 105 26 149 109 12 138 111 28 0 59 37 100 91 16 141 44 119 140 38 14 97 0 18 114 8 84 17 113 86 61 5 118 60 0 83 125 45 46 36 143 49 47 124 48 82 146 0 51 66 71 65 136 35 135 34 78 129 79 68 80 150 0 13 117 87 42 142 43 15 57 144 137 0 
Solução encontrada considerada mediana
GAP de 7.02754
Numero maximo de geracoes sem evolucao: 100
Solucão valida: Sim
====================================================================================================================


 ===================================================RESULTADOS=========================================================
Melhor fitness final: 1138
Melhor fitness possivel: 1053
Tempo de execução: 434
Melhor solução encontrada: 0 137 2 115 57 144 87 97 117 95 94 6 147 112 0 50 102 33 81 120 9 71 103 51 122 70 127 0 27 132 69 1 111 12 109 149 26 105 53 0 72 56 139 39 67 23 75 133 74 73 21 0 89 96 13 58 40 110 4 25 55 130 54 134 24 29 121 0 31 10 108 131 32 90 63 126 62 148 88 106 52 146 0 104 99 93 61 5 84 125 8 114 83 60 118 0 59 98 85 91 141 44 119 14 142 42 100 37 92 0 48 124 47 36 143 49 64 11 107 19 123 7 0 101 30 20 128 66 65 136 35 135 34 78 129 79 3 77 0 22 41 145 15 43 38 140 86 16 113 17 45 46 82 18 0 28 76 116 68 150 80 138 0 
Solução encontrada considerada ruim
GAP de 8.07217
Numero maximo de geracoes sem evolucao: 1147
Solucão valida: Sim
====================================================================================================================


 ===================================================RESULTADOS=========================================================
Melhor fitness final: 1121
Melhor fitness possivel: 1053
Tempo de execução: 389
Melhor solução encontrada: 0 148 62 10 108 126 63 90 32 131 128 20 30 122 70 101 0 27 52 106 82 7 88 31 127 69 132 111 28 0 112 6 147 89 146 138 12 109 149 26 105 53 0 40 21 73 72 74 22 133 75 56 39 139 4 110 0 48 124 46 47 36 143 49 64 11 107 19 123 0 150 80 68 121 29 24 134 54 130 55 25 67 23 0 58 137 87 144 57 42 142 14 119 44 141 16 91 98 92 0 13 117 97 37 100 85 93 99 104 96 94 0 95 59 61 113 86 140 38 43 15 41 145 115 2 0 76 116 77 3 79 129 78 34 120 81 33 102 0 18 83 114 8 125 45 17 84 5 118 60 0 1 66 65 136 35 135 71 103 9 51 50 0 
Solução encontrada considerada mediana
GAP de 6.45774
Numero maximo de geracoes sem evolucao: 529
Solucão valida: Sim
====================================================================================================================


 ===================================================RESULTADOS=========================================================
Melhor fitness final: 1175
Melhor fitness possivel: 1053
Tempo de execução: 416
Melhor solução encontrada: 0 40 21 73 72 74 22 133 75 56 39 139 4 110 0 52 106 48 47 36 143 49 64 107 123 7 146 0 127 88 148 62 126 63 90 32 108 10 31 0 114 8 125 45 17 113 16 141 44 119 14 117 0 53 105 58 13 94 6 147 89 112 0 59 93 85 91 38 140 86 61 104 99 96 0 111 50 102 33 81 120 79 3 77 116 0 137 87 144 57 2 115 145 41 15 43 142 42 100 98 37 92 97 95 0 27 69 101 70 30 20 103 71 35 135 9 51 122 1 132 0 23 67 25 55 130 54 134 24 29 121 68 80 150 0 26 149 109 12 138 28 18 83 84 5 118 60 0 82 46 124 19 11 131 128 66 65 136 34 78 129 76 0 
Solução encontrada considerada ruim
GAP de 11.5859
Numero maximo de geracoes sem evolucao: 100
Solucão valida: Sim
====================================================================================================================


 ===================================================RESULTADOS=========================================================
Melhor fitness final: 1097
Melhor fitness possivel: 1053
Tempo de execução: 363
Melhor solução encontrada: 0 53 94 95 92 98 85 93 99 104 96 6 0 105 58 137 117 97 37 100 14 119 44 141 16 61 0 27 31 10 108 32 90 63 126 62 148 88 127 146 0 112 147 60 118 5 84 125 83 18 89 0 13 87 42 142 43 15 57 144 2 115 145 41 22 133 74 73 0 40 21 72 75 56 23 67 39 139 25 55 4 110 0 116 77 3 79 129 78 34 135 35 136 65 71 9 120 0 48 124 46 47 36 143 49 64 11 107 19 123 7 0 69 101 70 122 30 131 128 20 66 103 51 81 33 76 138 0 59 91 38 140 86 113 17 45 8 114 82 106 52 0 26 149 130 54 134 24 29 121 68 150 80 109 12 0 28 111 50 102 1 132 0 
Solução encontrada considerada boa
GAP de 4.17854
Numero maximo de geracoes sem evolucao: 1298
Solucão valida: Sim
====================================================================================================================

