
 ===================================================RESULTADOS=========================================================
Melhor fitness final: 1800
Melhor fitness possivel: 1763
Tempo de execução: 329
Melhor solução encontrada: 0 38 54 9 55 56 69 65 35 26 19 47 0 49 73 36 66 67 70 53 42 0 10 11 34 2 37 8 6 24 0 17 27 59 46 25 41 15 33 64 77 51 0 29 5 44 12 23 62 63 0 31 20 75 57 61 16 43 68 78 30 0 76 72 50 45 22 4 32 58 0 71 14 48 18 79 28 52 0 3 39 60 74 13 0 1 7 21 40 0 
Solução encontrada considerada boa
GAP de 2.0987
Numero maximo de geracoes sem evolucao: 121
Solucão valida: Sim
====================================================================================================================


 ===================================================RESULTADOS=========================================================
Melhor fitness final: 1794
Melhor fitness possivel: 1763
Tempo de execução: 288
Melhor solução encontrada: 0 49 58 32 4 22 45 50 70 0 38 76 72 54 9 55 33 39 0 73 36 66 67 53 42 13 0 63 62 23 5 44 12 0 71 14 48 18 79 28 52 0 30 78 68 43 16 61 57 75 20 31 0 24 6 8 37 2 34 11 10 0 60 46 25 41 47 19 26 35 65 69 56 15 64 77 51 0 3 74 17 27 59 29 0 40 21 7 1 0 
Solução encontrada considerada boa
GAP de 1.75837
Numero maximo de geracoes sem evolucao: 783
Solucão valida: Sim
====================================================================================================================


 ===================================================RESULTADOS=========================================================
Melhor fitness final: 1804
Melhor fitness possivel: 1763
Tempo de execução: 271
Melhor solução encontrada: 0 64 33 15 41 47 19 26 35 65 69 56 55 9 54 0 71 14 48 18 79 28 52 0 10 34 2 37 8 68 43 16 61 78 0 74 39 3 77 51 42 0 76 72 50 45 22 4 32 58 0 62 63 11 23 12 13 0 60 46 25 75 57 20 5 44 0 29 17 31 27 59 30 6 24 0 73 36 53 66 67 70 38 49 0 1 7 21 40 0 
Solução encontrada considerada boa
GAP de 2.32558
Numero maximo de geracoes sem evolucao: 322
Solucão valida: Sim
====================================================================================================================


 ===================================================RESULTADOS=========================================================
Melhor fitness final: 1801
Melhor fitness possivel: 1763
Tempo de execução: 279
Melhor solução encontrada: 0 13 3 60 39 77 51 42 0 76 72 54 9 55 33 15 41 25 46 64 0 62 23 12 44 5 29 74 0 53 70 50 45 22 4 32 58 0 63 11 34 24 6 30 59 0 17 31 27 75 20 78 8 37 2 52 0 10 71 28 79 18 48 14 0 19 47 56 69 65 35 26 57 61 16 43 68 0 49 73 38 66 67 36 0 1 7 21 40 0 
Solução encontrada considerada boa
GAP de 2.15542
Numero maximo de geracoes sem evolucao: 32
Solucão valida: Sim
====================================================================================================================


 ===================================================RESULTADOS=========================================================
Melhor fitness final: 1796
Melhor fitness possivel: 1763
Tempo de execução: 271
Melhor solução encontrada: 0 70 76 50 45 22 4 32 58 0 20 75 19 47 26 35 65 69 56 55 9 54 72 0 6 30 78 68 43 16 61 57 31 0 36 53 67 66 38 73 49 0 71 14 48 18 79 28 52 0 42 51 77 39 60 3 13 0 62 23 12 44 5 29 74 0 10 63 11 34 2 37 8 24 0 64 33 15 41 25 46 59 27 17 0 1 7 21 40 0 
Solução encontrada considerada boa
GAP de 1.87181
Numero maximo de geracoes sem evolucao: 74
Solucão valida: Sim
====================================================================================================================


 ===================================================RESULTADOS=========================================================
Melhor fitness final: 1809
Melhor fitness possivel: 1763
Tempo de execução: 265
Melhor solução encontrada: 0 31 20 75 57 61 16 43 68 78 30 0 36 70 50 45 22 4 32 58 0 76 72 54 9 55 56 69 65 35 26 19 47 0 3 74 17 27 59 29 0 13 60 46 25 41 15 33 64 39 77 51 0 10 11 34 2 37 8 6 24 0 63 62 23 5 44 12 0 42 53 67 66 38 73 49 0 71 14 48 18 79 28 52 0 40 21 7 1 0 
Solução encontrada considerada boa
GAP de 2.60919
Numero maximo de geracoes sem evolucao: 616
Solucão valida: Sim
====================================================================================================================


 ===================================================RESULTADOS=========================================================
Melhor fitness final: 1814
Melhor fitness possivel: 1763
Tempo de execução: 269
Melhor solução encontrada: 0 5 59 27 17 60 3 0 6 68 43 16 57 61 78 30 0 71 14 48 18 79 28 52 0 62 23 12 44 29 74 13 0 49 58 32 4 22 45 50 70 0 10 63 11 34 2 37 8 24 0 31 20 75 19 26 35 65 69 56 47 41 25 46 77 0 51 39 64 33 15 55 9 54 72 76 36 0 73 38 67 66 53 42 0 1 7 21 40 0 
Solução encontrada considerada boa
GAP de 2.8928
Numero maximo de geracoes sem evolucao: 473
Solucão valida: Sim
====================================================================================================================


 ===================================================RESULTADOS=========================================================
Melhor fitness final: 1798
Melhor fitness possivel: 1763
Tempo de execução: 261
Melhor solução encontrada: 0 71 14 48 18 79 28 52 0 49 38 66 67 53 36 73 0 74 29 5 44 12 23 62 0 24 8 37 2 34 11 63 10 0 70 72 54 9 55 56 69 65 35 26 19 47 41 15 33 0 31 57 61 16 43 68 78 30 6 0 76 50 45 22 4 32 58 0 42 51 77 39 60 3 13 0 64 46 25 75 20 59 27 17 0 1 7 21 40 0 
Solução encontrada considerada boa
GAP de 1.98525
Numero maximo de geracoes sem evolucao: 90
Solucão valida: Sim
====================================================================================================================


 ===================================================RESULTADOS=========================================================
Melhor fitness final: 1794
Melhor fitness possivel: 1763
Tempo de execução: 239
Melhor solução encontrada: 0 70 50 45 22 4 32 58 49 0 73 36 66 67 53 42 13 0 38 76 72 54 9 55 33 39 0 10 11 34 2 37 8 6 24 0 60 46 25 41 47 19 26 35 65 69 56 15 64 77 51 0 31 20 75 57 61 16 43 68 78 30 0 29 59 27 17 74 3 0 63 62 23 5 44 12 0 71 14 48 18 79 28 52 0 1 7 21 40 0 
Solução encontrada considerada boa
GAP de 1.75837
Numero maximo de geracoes sem evolucao: 1691
Solucão valida: Sim
====================================================================================================================


 ===================================================RESULTADOS=========================================================
Melhor fitness final: 1820
Melhor fitness possivel: 1763
Tempo de execução: 246
Melhor solução encontrada: 0 74 29 5 44 12 23 62 0 19 47 56 69 65 35 26 57 61 16 43 68 0 63 34 2 37 8 78 20 75 31 77 51 0 17 27 59 30 6 24 11 0 52 28 79 18 48 14 71 0 76 72 54 9 55 33 15 41 25 46 64 0 49 58 32 4 22 45 50 70 0 36 53 39 60 3 13 0 40 21 10 7 1 0 42 66 67 38 73 0 
Solução encontrada considerada boa
GAP de 3.23313
Numero maximo de geracoes sem evolucao: 240
Solucão valida: Sim
====================================================================================================================

