
 ===================================================RESULTADOS=========================================================
Melhor fitness final: 1074
Melhor fitness possivel: 1053
Tempo de execução: 81
Melhor solução encontrada: 0 52 82 48 124 47 36 143 49 64 62 148 88 0 146 127 31 10 108 128 20 66 103 51 122 1 132 0 149 54 130 55 25 134 24 29 121 68 80 150 109 12 0 27 69 101 70 30 131 32 90 63 126 11 107 19 123 7 106 0 33 81 120 9 71 65 136 35 135 34 78 129 79 0 21 72 75 56 23 67 39 139 4 110 26 0 40 73 74 133 22 41 145 15 43 38 140 44 119 14 142 42 137 0 89 60 5 84 17 113 86 141 16 61 112 0 147 118 83 125 45 46 8 114 18 0 13 117 95 97 87 144 57 115 2 58 105 53 0 94 59 92 98 37 100 91 85 93 99 104 96 6 0 111 50 102 3 77 116 76 138 28 0 
Solução encontrada considerada boa
GAP de 1.9943
Numero maximo de geracoes sem evolucao: 211
Solucão valida: Sim
====================================================================================================================


 ===================================================RESULTADOS=========================================================
Melhor fitness final: 1074
Melhor fitness possivel: 1053
Tempo de execução: 76
Melhor solução encontrada: 0 83 114 8 125 45 46 124 47 48 82 106 52 0 27 31 10 108 63 64 49 143 36 19 123 7 146 0 149 110 4 55 25 139 39 67 23 56 75 73 21 0 138 12 109 54 130 134 24 29 121 68 150 80 28 0 111 50 102 33 81 34 78 129 79 3 77 116 76 0 13 117 92 91 119 44 141 16 61 5 118 60 18 0 127 88 148 62 107 11 126 90 32 131 30 122 70 101 69 132 0 112 94 95 97 14 38 140 86 113 17 84 0 51 103 9 120 135 35 136 65 71 66 128 20 1 0 137 87 42 142 43 15 57 144 2 115 145 41 22 133 74 72 0 59 98 37 100 85 93 99 104 96 6 147 89 0 105 26 40 58 53 0 
Solução encontrada considerada boa
GAP de 1.9943
Numero maximo de geracoes sem evolucao: 200
Solucão valida: Sim
====================================================================================================================


 ===================================================RESULTADOS=========================================================
Melhor fitness final: 1100
Melhor fitness possivel: 1053
Tempo de execução: 89
Melhor solução encontrada: 0 111 132 69 31 10 108 62 148 88 127 27 0 13 87 144 57 115 2 58 40 149 26 105 53 0 28 150 80 68 121 29 24 134 130 54 109 12 138 0 76 79 129 78 34 135 35 136 65 71 66 128 20 122 1 0 82 124 46 36 143 49 64 107 11 126 63 90 32 131 30 70 101 0 112 94 95 97 92 59 104 99 96 6 147 89 0 116 77 3 33 81 120 9 103 51 102 50 0 137 42 142 14 119 44 140 38 43 15 145 41 23 67 25 55 0 93 85 61 16 86 141 91 100 98 37 117 0 18 83 114 8 125 45 17 113 84 5 118 60 0 110 4 139 39 56 75 133 22 74 72 73 21 0 106 48 47 19 123 7 52 146 0 
Solução encontrada considerada boa
GAP de 4.46344
Numero maximo de geracoes sem evolucao: 1429
Solucão valida: Sim
====================================================================================================================


 ===================================================RESULTADOS=========================================================
Melhor fitness final: 1077
Melhor fitness possivel: 1053
Tempo de execução: 87
Melhor solução encontrada: 0 132 1 51 103 66 71 65 136 35 135 9 81 111 0 148 62 10 108 126 63 90 32 131 128 20 30 122 70 101 69 0 105 40 21 72 74 133 22 41 145 115 2 57 144 87 0 18 114 8 125 45 17 113 84 5 118 60 0 27 127 123 19 107 11 64 49 143 36 47 124 46 83 0 112 147 6 94 95 117 13 137 58 53 0 138 109 54 130 134 24 29 121 68 80 150 12 28 0 50 102 33 120 34 78 129 79 3 77 116 76 0 59 92 98 37 100 91 141 85 93 99 104 96 0 26 149 110 4 55 25 139 39 67 23 56 75 73 0 97 42 15 43 142 14 119 44 38 140 86 16 61 89 0 31 88 7 48 82 106 52 146 0 
Solução encontrada considerada boa
GAP de 2.2792
Numero maximo de geracoes sem evolucao: 312
Solucão valida: Sim
====================================================================================================================


 ===================================================RESULTADOS=========================================================
Melhor fitness final: 1056
Melhor fitness possivel: 1053
Tempo de execução: 78
Melhor solução encontrada: 0 48 124 46 47 36 143 49 64 11 107 19 123 7 0 5 118 60 83 125 45 8 114 82 106 18 0 53 94 59 92 98 37 100 91 85 93 99 104 96 0 111 76 77 3 121 29 24 134 150 80 68 116 28 0 138 12 109 54 130 55 25 67 23 75 72 21 0 40 73 74 22 133 56 39 139 4 110 149 26 105 0 127 31 10 108 131 32 90 63 126 62 148 88 52 146 0 13 117 95 97 87 144 57 42 142 43 15 41 145 115 2 137 58 0 69 101 70 30 122 51 103 9 120 81 33 102 50 0 27 132 1 20 128 66 71 65 136 35 135 34 78 129 79 0 84 17 113 86 140 38 14 119 44 141 16 61 6 0 89 147 112 0 
Solução encontrada considerada boa
GAP de 0.2849
Numero maximo de geracoes sem evolucao: 653
Solucão valida: Sim
====================================================================================================================


 ===================================================RESULTADOS=========================================================
Melhor fitness final: 1084
Melhor fitness possivel: 1053
Tempo de execução: 84
Melhor solução encontrada: 0 50 102 33 81 135 35 136 65 71 66 103 51 0 94 95 92 37 98 85 93 99 104 96 6 147 0 127 88 148 62 123 19 107 11 64 49 143 36 46 8 0 59 61 16 86 140 38 43 15 41 145 57 115 2 58 0 83 114 125 45 17 113 84 5 118 60 0 31 10 108 126 63 90 32 131 128 20 30 122 70 101 132 0 21 72 56 23 67 39 139 25 55 4 110 149 0 28 12 80 150 68 121 29 24 134 130 54 109 138 0 112 89 18 82 124 47 48 7 106 52 146 0 13 117 97 100 91 141 44 119 14 142 42 144 87 137 0 111 76 116 77 3 79 129 78 34 120 9 1 69 27 0 53 40 73 74 22 133 75 26 105 0 
Solução encontrada considerada boa
GAP de 2.94397
Numero maximo de geracoes sem evolucao: 1469
Solucão valida: Sim
====================================================================================================================


 ===================================================RESULTADOS=========================================================
Melhor fitness final: 1069
Melhor fitness possivel: 1053
Tempo de execução: 84
Melhor solução encontrada: 0 5 84 17 113 86 140 38 14 142 43 15 42 137 58 0 53 40 73 74 75 23 67 39 139 56 72 21 0 27 69 101 70 30 20 128 66 71 65 136 35 135 34 78 76 0 48 124 46 47 36 143 49 64 11 107 19 123 7 0 28 116 77 3 79 129 121 29 24 134 109 12 138 0 13 117 37 100 91 119 44 141 16 61 85 98 92 0 111 50 102 33 81 120 9 103 51 122 1 132 0 89 118 60 83 125 45 8 114 82 106 18 0 127 31 10 108 131 32 90 63 126 62 148 88 52 146 0 68 150 80 54 130 55 25 4 110 149 26 105 0 112 95 97 87 144 57 145 41 133 22 115 2 0 94 59 93 104 99 96 6 147 0 
Solução encontrada considerada boa
GAP de 1.51947
Numero maximo de geracoes sem evolucao: 379
Solucão valida: Sim
====================================================================================================================


 ===================================================RESULTADOS=========================================================
Melhor fitness final: 1101
Melhor fitness possivel: 1053
Tempo de execução: 81
Melhor solução encontrada: 0 28 12 150 80 68 129 79 3 77 116 76 111 0 82 48 124 47 19 107 11 64 63 126 90 32 131 0 1 122 30 20 128 66 65 136 35 135 71 103 51 50 0 102 33 81 9 120 34 78 121 29 24 134 109 138 0 2 115 145 41 22 133 56 39 139 4 110 72 21 0 13 117 95 97 42 142 14 140 38 43 15 57 144 87 137 0 18 83 114 8 125 45 46 36 143 49 123 7 106 52 146 0 89 60 118 5 84 17 113 86 91 100 98 104 96 0 27 132 69 101 70 108 10 62 148 88 31 127 0 112 147 6 94 58 40 26 105 53 0 59 92 37 119 44 141 16 61 85 93 99 0 73 74 75 23 67 25 55 130 54 149 0 
Solução encontrada considerada boa
GAP de 4.5584
Numero maximo de geracoes sem evolucao: 614
Solucão valida: Sim
====================================================================================================================


 ===================================================RESULTADOS=========================================================
Melhor fitness final: 1080
Melhor fitness possivel: 1053
Tempo de execução: 79
Melhor solução encontrada: 0 87 144 57 145 41 22 133 75 56 39 139 4 110 0 60 118 5 84 61 113 17 45 125 8 114 83 0 95 59 92 37 98 100 91 141 44 119 14 142 42 97 117 0 104 99 93 85 16 86 140 38 43 15 115 2 137 0 51 103 9 120 135 35 136 65 71 66 128 20 122 69 0 132 1 101 70 30 131 32 90 63 126 108 10 62 148 88 0 76 116 77 3 79 129 78 34 81 33 102 50 111 0 40 21 73 72 74 23 67 25 55 130 54 109 138 0 28 12 80 150 68 121 29 24 134 149 26 105 0 53 58 13 94 96 6 147 89 112 0 48 124 46 47 36 143 49 64 11 107 19 123 7 0 27 127 31 106 82 18 52 146 0 
Solução encontrada considerada boa
GAP de 2.5641
Numero maximo de geracoes sem evolucao: 74
Solucão valida: Sim
====================================================================================================================


 ===================================================RESULTADOS=========================================================
Melhor fitness final: 1087
Melhor fitness possivel: 1053
Tempo de execução: 82
Melhor solução encontrada: 0 60 83 8 46 124 47 36 143 49 64 11 107 19 123 7 146 0 76 116 77 3 79 129 78 34 81 33 102 50 111 0 53 40 21 72 23 67 25 55 130 54 149 26 0 137 2 115 144 57 145 41 15 43 38 140 86 113 16 61 6 0 69 101 70 30 128 131 32 90 63 126 108 10 62 148 127 0 147 96 99 104 93 85 98 37 59 94 0 132 122 20 66 71 65 136 35 135 120 9 103 51 1 0 28 138 12 150 80 68 121 29 24 134 109 105 0 13 117 97 87 42 142 14 119 44 141 91 100 92 95 0 58 73 74 22 133 75 56 39 139 4 110 0 52 106 114 125 45 17 84 5 118 112 0 89 18 82 48 88 31 27 0 
Solução encontrada considerada boa
GAP de 3.22887
Numero maximo de geracoes sem evolucao: 355
Solucão valida: Sim
====================================================================================================================

