
 ===================================================RESULTADOS=========================================================
Melhor fitness final: 1404
Melhor fitness possivel: 1373
Tempo de execução: 164
Melhor solução encontrada: 0 103 161 71 135 35 136 65 66 188 20 122 1 0 189 10 108 90 32 131 181 63 126 159 62 148 0 180 21 72 197 4 155 179 195 149 26 0 156 5 84 173 113 17 45 125 174 8 114 18 0 39 23 186 56 75 133 74 171 73 40 105 0 53 58 2 178 115 22 41 145 144 87 97 117 13 0 198 110 139 187 67 170 25 55 165 130 54 109 12 0 95 100 193 91 191 141 44 119 192 14 142 42 172 137 0 106 194 7 36 143 49 64 11 175 107 19 123 182 0 28 154 138 111 176 132 69 167 27 0 102 157 33 185 81 51 128 160 30 70 101 162 0 166 118 60 83 199 46 124 47 168 48 82 153 146 0 112 183 6 147 89 52 88 31 190 127 0 184 116 150 80 68 129 79 158 3 77 196 76 0 177 134 163 24 29 121 169 78 34 164 120 9 50 0 94 59 151 92 37 98 85 93 104 99 96 0 152 57 15 43 38 140 86 16 61 0 
Solução encontrada considerada boa
GAP de 2.25783
Numero maximo de geracoes sem evolucao: 202
Solucão valida: Sim
====================================================================================================================


 ===================================================RESULTADOS=========================================================
Melhor fitness final: 1424
Melhor fitness possivel: 1373
Tempo de execução: 161
Melhor solução encontrada: 0 40 21 72 197 75 133 22 74 171 73 152 0 32 131 160 128 20 188 66 65 136 71 103 51 0 13 137 2 115 178 57 144 87 97 95 94 0 111 176 1 167 52 89 147 6 183 112 156 0 151 98 193 91 16 86 140 38 14 142 43 15 42 172 117 0 53 105 180 198 155 4 179 195 149 26 0 166 18 153 106 194 7 182 62 159 10 148 88 0 9 161 35 135 120 81 185 79 129 3 158 0 154 138 76 50 102 122 30 70 101 162 69 132 27 0 58 145 41 56 186 23 67 170 39 187 139 110 0 83 199 114 8 174 45 125 84 173 5 118 60 0 126 63 11 175 107 19 123 168 47 124 48 82 0 157 33 164 34 78 169 121 29 24 163 134 25 55 165 130 54 0 96 99 104 93 85 191 141 44 119 192 100 37 92 0 59 61 113 17 46 36 143 49 64 181 90 108 189 0 28 184 196 116 77 68 150 80 177 109 12 0 127 190 31 146 0 
Solução encontrada considerada boa
GAP de 3.71449
Numero maximo de geracoes sem evolucao: 872
Solucão valida: Sim
====================================================================================================================


 ===================================================RESULTADOS=========================================================
Melhor fitness final: 1405
Melhor fitness possivel: 1373
Tempo de execução: 159
Melhor solução encontrada: 0 12 109 177 80 150 68 3 77 116 196 76 111 0 60 118 5 84 17 125 45 46 174 8 114 199 83 0 167 127 190 31 162 101 1 176 132 69 27 0 93 85 193 91 191 141 44 119 192 100 98 37 117 0 184 158 79 129 169 34 164 120 9 103 51 0 13 57 15 43 142 14 38 140 86 113 16 61 173 0 147 6 96 104 99 59 92 151 97 95 94 183 0 160 131 32 181 64 175 11 126 63 90 108 10 189 146 0 89 166 18 153 106 194 7 182 62 159 148 88 0 149 179 155 4 187 170 25 55 165 130 54 134 163 0 105 180 21 72 197 198 195 154 138 28 0 123 19 107 49 143 36 47 168 124 48 82 0 137 87 42 172 144 2 178 115 145 41 22 171 40 53 0 26 110 139 39 67 23 186 56 75 133 74 73 0 128 20 188 66 161 71 65 136 35 135 78 121 29 24 0 156 112 52 70 30 122 33 81 185 157 102 50 0 58 152 0 
Solução encontrada considerada boa
GAP de 2.33066
Numero maximo de geracoes sem evolucao: 1094
Solucão valida: Sim
====================================================================================================================


 ===================================================RESULTADOS=========================================================
Melhor fitness final: 1377
Melhor fitness possivel: 1373
Tempo de execução: 164
Melhor solução encontrada: 0 54 130 165 55 25 134 163 24 29 121 158 3 157 102 50 0 96 104 99 91 192 119 44 191 141 16 86 113 17 60 0 152 58 40 180 149 179 195 26 105 53 0 87 144 172 42 142 14 140 38 43 15 145 115 178 2 0 89 18 82 124 47 168 48 7 194 106 153 52 0 13 94 183 6 147 112 156 0 118 5 61 173 84 125 45 174 199 83 166 0 114 8 46 36 143 49 64 11 175 107 19 123 182 146 0 101 122 30 20 128 160 131 32 181 90 190 167 0 12 109 177 80 150 68 77 196 116 184 28 0 33 81 9 120 164 34 78 169 129 79 185 76 0 95 59 93 85 193 100 98 37 151 92 97 117 0 31 10 189 108 63 126 159 62 148 88 127 0 198 21 73 72 197 75 74 171 133 22 41 57 137 0 110 4 155 139 187 39 170 67 23 186 56 0 162 70 188 66 65 136 35 135 71 161 103 51 0 138 154 111 176 1 69 132 27 0 
Solução encontrada considerada boa
GAP de 0.291333
Numero maximo de geracoes sem evolucao: 361
Solucão valida: Sim
====================================================================================================================


 ===================================================RESULTADOS=========================================================
Melhor fitness final: 1393
Melhor fitness possivel: 1373
Tempo de execução: 160
Melhor solução encontrada: 0 183 96 93 59 151 92 97 87 117 95 94 0 179 165 55 25 170 67 39 187 139 75 74 171 73 0 172 42 142 14 119 44 191 141 16 61 173 84 5 6 0 160 131 32 90 63 126 108 10 189 159 62 148 0 80 150 68 121 29 169 34 164 120 81 33 0 176 9 161 71 65 136 35 135 78 129 79 185 111 0 138 154 184 116 158 3 77 196 76 28 0 118 60 83 199 46 36 143 49 64 181 66 128 122 1 0 53 58 152 40 180 149 195 12 26 105 0 166 114 8 174 125 45 17 113 86 104 99 0 18 82 48 124 47 168 123 19 107 175 11 146 0 178 144 57 15 43 38 140 192 100 193 91 85 98 37 0 21 198 110 155 4 130 54 134 24 163 177 109 0 72 197 56 186 23 133 22 41 145 115 2 137 13 0 27 132 69 162 101 70 30 20 188 103 51 157 102 50 0 167 127 190 31 88 182 7 194 106 153 52 0 89 147 112 156 0 
Solução encontrada considerada boa
GAP de 1.45666
Numero maximo de geracoes sem evolucao: 361
Solucão valida: Sim
====================================================================================================================


 ===================================================RESULTADOS=========================================================
Melhor fitness final: 1396
Melhor fitness possivel: 1373
Tempo de execução: 165
Melhor solução encontrada: 0 144 172 42 142 14 192 119 44 191 141 16 61 173 84 60 0 115 145 41 22 133 75 23 186 56 197 74 171 40 0 28 184 116 68 80 150 177 109 12 138 154 0 4 155 139 187 39 67 170 25 55 165 130 54 0 27 167 127 190 114 8 174 199 83 166 89 0 31 189 10 159 62 148 182 194 106 0 105 180 21 73 72 198 110 179 195 149 26 0 134 163 24 29 121 78 135 35 136 65 71 161 103 51 122 0 111 76 196 77 3 158 157 102 1 176 0 85 91 193 100 37 98 92 151 95 117 13 0 178 2 57 15 43 38 140 86 113 17 45 125 18 0 53 152 58 137 87 97 59 93 104 99 96 6 0 112 183 94 5 118 147 156 0 52 7 123 168 47 49 143 36 46 124 48 82 153 146 0 50 33 81 9 120 164 34 169 129 79 185 0 88 19 107 175 11 64 126 63 181 66 188 20 128 69 0 132 101 70 30 160 131 32 90 108 162 0 
Solução encontrada considerada boa
GAP de 1.67516
Numero maximo de geracoes sem evolucao: 614
Solucão valida: Sim
====================================================================================================================


 ===================================================RESULTADOS=========================================================
Melhor fitness final: 1422
Melhor fitness possivel: 1373
Tempo de execução: 162
Melhor solução encontrada: 0 111 76 196 77 3 158 116 184 12 109 195 0 177 80 150 68 121 29 24 163 134 54 130 149 26 0 40 21 72 110 155 4 139 187 39 170 25 55 165 179 0 31 10 189 108 131 32 90 63 126 11 175 107 19 0 180 198 197 56 186 67 23 75 74 171 73 0 87 144 172 42 142 43 15 57 145 41 133 22 115 178 2 0 132 69 160 128 20 188 66 161 103 1 176 0 27 162 101 70 30 122 51 120 81 185 102 50 0 167 127 88 148 159 62 182 7 194 106 153 52 146 0 156 89 166 147 13 137 58 152 105 53 0 79 129 169 78 34 164 135 35 136 65 71 9 33 157 0 94 95 97 151 92 59 99 104 96 183 112 0 82 48 123 168 47 124 8 174 45 125 0 190 181 64 49 143 36 46 17 113 86 140 38 117 0 18 114 199 83 84 173 16 141 61 5 118 60 0 98 37 100 192 14 119 44 191 91 193 85 93 6 0 138 154 28 0 
Solução encontrada considerada boa
GAP de 3.56883
Numero maximo de geracoes sem evolucao: 1029
Solucão valida: Sim
====================================================================================================================


 ===================================================RESULTADOS=========================================================
Melhor fitness final: 1396
Melhor fitness possivel: 1373
Tempo de execução: 162
Melhor solução encontrada: 0 180 21 73 171 22 133 74 72 4 155 179 0 176 1 103 71 65 136 35 135 164 34 78 169 29 121 0 183 96 99 104 59 92 151 95 94 112 0 31 189 10 159 62 148 182 7 194 106 153 0 111 102 157 185 79 129 158 3 77 196 76 0 58 152 40 198 110 139 187 170 25 55 165 130 54 109 0 5 84 17 113 86 140 38 43 15 57 144 87 0 161 66 188 20 128 160 131 32 90 108 0 18 48 168 47 46 174 45 125 83 147 0 154 12 177 134 24 163 150 80 68 116 184 0 167 127 190 88 82 8 114 199 60 166 89 156 0 118 173 61 16 141 191 91 85 93 6 0 27 132 69 162 101 70 30 122 51 9 120 81 33 50 0 13 117 97 37 98 100 193 192 44 119 14 142 42 172 2 137 0 124 36 143 49 64 181 63 126 11 175 107 19 123 52 146 0 197 56 186 39 67 23 75 41 145 115 178 0 28 138 195 149 26 105 53 0 
Solução encontrada considerada boa
GAP de 1.67516
Numero maximo de geracoes sem evolucao: 214
Solucão valida: Sim
====================================================================================================================


 ===================================================RESULTADOS=========================================================
Melhor fitness final: 1389
Melhor fitness possivel: 1373
Tempo de execução: 161
Melhor solução encontrada: 0 72 197 75 56 186 39 187 170 25 55 165 130 149 0 139 67 23 15 43 38 140 86 91 193 100 13 0 83 199 114 8 174 125 45 17 113 173 84 118 60 0 31 10 189 108 90 126 63 181 64 49 143 36 46 153 0 182 123 19 107 175 11 159 62 148 88 127 0 40 73 171 74 133 22 41 145 57 144 178 115 2 58 0 138 154 12 109 177 80 150 68 116 184 28 0 5 61 16 141 191 44 119 192 14 142 42 172 117 0 33 81 120 9 161 71 103 122 101 162 69 0 183 59 37 98 85 93 99 104 96 6 147 0 176 1 30 20 188 66 128 160 131 32 70 132 0 111 50 102 157 185 79 129 3 158 77 196 76 0 146 52 106 194 7 48 168 47 124 82 18 166 89 0 53 105 180 21 198 110 4 155 179 195 26 0 54 134 163 24 29 121 169 78 34 164 135 35 136 65 51 0 152 137 87 97 92 151 95 94 112 156 0 190 167 27 0 
Solução encontrada considerada boa
GAP de 1.16533
Numero maximo de geracoes sem evolucao: 198
Solucão valida: Sim
====================================================================================================================


 ===================================================RESULTADOS=========================================================
Melhor fitness final: 1404
Melhor fitness possivel: 1373
Tempo de execução: 162
Melhor solução encontrada: 0 109 134 163 24 29 121 158 3 185 157 102 50 111 0 176 33 81 120 135 35 164 34 78 169 129 79 0 42 142 14 192 119 44 191 141 16 113 17 45 46 82 0 28 184 76 196 116 77 68 80 150 177 12 0 156 89 166 60 173 61 86 140 38 43 15 57 178 2 0 105 180 40 115 144 172 87 137 58 152 53 0 181 64 49 143 36 47 168 124 48 123 7 153 0 108 189 10 159 62 148 182 194 106 52 146 0 26 149 179 25 55 165 130 54 195 138 154 0 118 5 84 125 174 8 114 199 83 18 0 198 110 155 4 197 74 133 22 41 145 171 73 21 0 1 51 9 103 161 71 136 65 66 20 30 70 101 0 72 75 56 186 23 67 170 39 187 139 0 122 188 128 160 131 32 90 63 126 11 175 107 19 88 0 183 96 104 99 59 92 151 95 94 112 0 13 117 97 37 98 100 193 91 85 93 6 147 0 167 127 190 31 162 69 132 27 0 
Solução encontrada considerada boa
GAP de 2.25783
Numero maximo de geracoes sem evolucao: 705
Solucão valida: Sim
====================================================================================================================

