
 ===================================================RESULTADOS=========================================================
Melhor fitness final: 1429
Melhor fitness possivel: 1373
Tempo de execução: 314
Melhor solução encontrada: 0 59 100 192 119 44 191 141 16 61 118 0 132 1 102 33 81 120 9 51 122 101 162 167 0 198 110 4 155 56 186 75 133 22 74 171 73 40 0 88 159 126 63 181 131 32 90 108 189 10 31 0 28 111 138 154 12 109 195 149 26 180 0 38 140 86 113 17 45 125 174 8 114 199 83 0 179 54 130 165 55 170 39 187 139 197 72 21 0 147 6 96 99 104 93 85 98 37 92 151 97 117 13 0 193 91 14 142 43 15 145 41 23 67 25 24 163 134 177 0 137 87 42 172 144 57 178 115 2 152 58 105 53 0 69 70 30 160 128 20 188 66 65 103 157 50 0 82 48 168 47 124 46 36 143 49 64 7 194 106 146 0 182 123 19 107 175 11 62 148 190 127 0 184 121 29 169 78 34 164 135 35 136 71 161 176 0 150 80 68 129 79 185 3 158 77 116 196 76 0 27 52 153 18 166 60 84 173 5 95 94 183 89 0 112 156 0 
Solução encontrada considerada boa
GAP de 4.07866
Numero maximo de geracoes sem evolucao: 755
Solucão valida: Sim
====================================================================================================================


 ===================================================RESULTADOS=========================================================
Melhor fitness final: 1440
Melhor fitness possivel: 1373
Tempo de execução: 318
Melhor solução encontrada: 0 13 87 37 98 85 93 59 99 104 96 0 134 163 24 29 121 169 129 79 185 81 33 157 102 0 111 76 196 158 3 77 116 184 138 154 28 0 1 120 9 51 122 30 70 101 162 31 190 127 0 100 193 91 16 61 173 17 113 86 140 38 43 15 41 145 137 0 12 150 80 177 54 130 165 55 25 170 39 187 139 110 40 0 198 56 186 67 23 75 133 22 74 171 73 0 103 161 71 66 65 136 35 135 164 34 78 0 26 149 195 179 155 4 197 72 21 180 0 191 141 44 119 192 14 142 42 172 144 57 178 115 2 0 107 175 11 126 63 181 90 32 131 160 128 188 20 0 166 18 82 48 168 47 124 46 36 143 49 64 88 0 89 147 6 183 94 95 151 92 97 117 112 156 0 83 199 114 8 174 45 125 84 5 118 60 0 52 182 62 159 108 10 189 167 27 0 109 68 50 176 132 69 148 19 123 7 194 106 153 146 0 53 58 152 105 0 
Solução encontrada considerada boa
GAP de 4.87983
Numero maximo de geracoes sem evolucao: 432
Solucão valida: Sim
====================================================================================================================


 ===================================================RESULTADOS=========================================================
Melhor fitness final: 1418
Melhor fitness possivel: 1373
Tempo de execução: 315
Melhor solução encontrada: 0 6 96 104 99 93 85 91 193 100 98 37 151 92 59 0 52 182 62 159 30 122 157 102 50 111 0 18 114 8 125 45 17 113 173 84 118 60 89 0 147 5 16 141 191 44 119 192 14 142 42 172 0 184 77 158 3 78 34 164 135 35 136 65 71 103 0 106 194 7 123 19 168 47 124 48 82 153 0 166 83 199 174 46 36 143 49 64 11 175 107 148 88 0 179 25 55 165 130 54 177 150 80 68 116 196 76 0 156 146 167 127 190 31 162 69 27 0 28 154 138 12 109 195 149 26 180 105 0 134 163 24 29 121 169 129 79 185 81 120 9 33 0 87 144 57 178 2 115 145 22 133 74 171 73 40 0 56 186 23 67 170 39 187 139 155 4 110 0 53 21 198 72 197 75 41 15 43 38 140 86 61 0 152 58 137 13 117 97 95 94 183 112 0 161 66 131 32 181 63 126 90 108 10 189 0 176 1 51 188 20 128 160 70 101 132 0 
Solução encontrada considerada boa
GAP de 3.27749
Numero maximo de geracoes sem evolucao: 636
Solucão valida: Sim
====================================================================================================================


 ===================================================RESULTADOS=========================================================
Melhor fitness final: 1376
Melhor fitness possivel: 1373
Tempo de execução: 318
Melhor solução encontrada: 0 107 175 11 64 181 63 126 90 32 131 30 70 101 162 69 132 0 51 103 161 71 135 164 120 9 50 0 176 1 122 160 128 20 188 66 65 136 35 34 78 169 0 106 194 7 48 168 47 49 143 36 46 124 82 153 0 5 84 173 17 113 86 16 61 85 93 0 40 21 73 171 74 75 133 22 41 145 57 144 137 0 154 138 184 116 3 158 77 196 76 28 0 108 189 10 159 62 19 123 182 148 88 146 0 12 68 80 150 177 109 195 149 105 53 0 54 130 165 55 25 170 67 187 139 4 155 179 26 0 27 167 31 190 127 52 89 112 156 0 166 118 60 83 199 125 45 174 8 114 18 0 111 102 157 33 81 185 79 129 121 29 24 163 134 0 117 97 37 100 192 119 14 38 140 44 141 191 91 193 98 0 183 94 95 92 151 59 99 104 96 6 147 0 152 58 2 115 178 15 43 142 42 172 87 13 0 198 110 39 23 186 56 197 72 180 0 
Solução encontrada considerada boa
GAP de 0.2185
Numero maximo de geracoes sem evolucao: 292
Solucão valida: Sim
====================================================================================================================


 ===================================================RESULTADOS=========================================================
Melhor fitness final: 1460
Melhor fitness possivel: 1373
Tempo de execução: 283
Melhor solução encontrada: 0 156 112 147 89 166 18 153 106 127 69 132 27 0 198 110 4 155 56 186 75 133 22 74 171 73 21 0 2 178 115 145 41 57 172 42 142 14 38 140 44 119 192 100 117 0 52 194 7 182 62 159 108 189 10 148 88 146 0 79 129 169 78 34 164 135 35 136 65 71 120 33 0 122 51 188 20 160 131 32 90 31 190 167 0 123 19 107 64 49 143 36 47 168 48 82 0 13 97 37 98 85 193 91 191 43 15 144 87 137 0 162 101 70 30 128 66 103 161 9 81 185 0 76 196 116 77 68 80 150 177 54 130 165 55 179 0 25 170 67 23 39 187 139 197 72 53 0 83 199 114 8 174 125 45 17 113 173 84 118 60 0 184 134 163 24 29 121 3 158 157 102 50 1 176 0 183 94 95 151 92 59 93 99 104 96 6 0 5 61 16 141 86 46 124 175 11 126 63 181 0 40 180 26 149 195 109 12 138 154 111 28 0 152 58 105 0 
Solução encontrada considerada mediana
GAP de 6.33649
Numero maximo de geracoes sem evolucao: 1422
Solucão valida: Sim
====================================================================================================================


 ===================================================RESULTADOS=========================================================
Melhor fitness final: 1408
Melhor fitness possivel: 1373
Tempo de execução: 274
Melhor solução encontrada: 0 2 178 115 145 41 22 133 74 72 197 4 110 198 0 157 33 81 9 120 164 34 78 169 129 79 185 0 167 127 190 31 148 182 194 106 153 52 146 0 152 58 40 180 149 179 54 195 26 105 53 0 18 48 124 168 47 36 143 175 11 107 19 123 7 0 28 111 50 102 51 103 128 181 64 49 46 82 0 95 91 16 61 173 17 113 86 140 38 43 15 57 144 137 0 155 170 25 55 165 130 134 163 24 29 121 184 138 154 0 12 109 177 150 80 68 158 3 77 116 196 76 0 83 199 114 8 174 45 125 84 5 118 60 0 13 117 97 151 92 98 85 93 59 104 99 96 0 139 187 39 67 23 186 56 75 171 73 21 0 88 62 159 10 189 108 126 63 90 32 131 160 122 0 87 172 42 142 14 192 119 44 141 191 193 100 37 0 156 112 94 183 6 147 166 89 0 161 71 135 35 136 65 66 188 20 30 70 101 69 0 27 132 162 1 176 0 
Solução encontrada considerada boa
GAP de 2.54916
Numero maximo de geracoes sem evolucao: 629
Solucão valida: Sim
====================================================================================================================


 ===================================================RESULTADOS=========================================================
Melhor fitness final: 1409
Melhor fitness possivel: 1373
Tempo de execução: 300
Melhor solução encontrada: 0 27 167 190 31 162 101 70 122 157 102 50 0 10 189 108 90 126 63 181 64 49 143 36 46 18 89 0 152 58 110 155 39 67 170 25 55 165 130 179 0 112 147 6 183 94 95 97 87 117 13 0 59 151 92 37 100 193 85 93 99 104 96 0 66 65 136 71 161 9 120 81 33 185 0 4 139 187 23 186 56 75 133 22 74 171 73 0 156 153 82 124 47 168 48 7 194 106 52 146 0 182 123 19 107 175 11 159 62 148 88 127 0 166 60 118 17 113 86 140 38 43 15 41 145 115 137 0 98 91 191 141 44 119 192 14 142 42 172 144 57 178 2 0 54 134 163 24 29 121 169 34 35 135 164 78 129 79 0 111 76 196 116 77 3 158 68 80 150 177 109 0 176 1 51 103 188 20 128 160 131 32 30 69 132 0 28 138 154 184 12 195 149 26 105 0 5 61 16 173 84 125 45 174 8 114 199 83 0 180 198 197 72 21 40 53 0 
Solução encontrada considerada boa
GAP de 2.622
Numero maximo de geracoes sem evolucao: 554
Solucão valida: Sim
====================================================================================================================


 ===================================================RESULTADOS=========================================================
Melhor fitness final: 1427
Melhor fitness possivel: 1373
Tempo de execução: 281
Melhor solução encontrada: 0 28 78 34 164 135 35 136 65 71 161 1 176 0 48 124 168 47 36 143 49 64 181 90 108 0 132 160 131 32 63 126 11 175 107 19 123 7 106 52 0 27 69 122 128 20 188 66 103 81 157 50 111 0 166 118 60 199 125 45 46 174 8 114 82 153 0 102 185 79 129 169 29 121 3 158 77 196 76 0 195 109 177 150 80 68 116 184 12 154 138 0 156 112 94 95 117 97 87 144 57 178 2 0 13 137 115 145 41 23 67 186 75 198 180 26 0 5 17 113 86 140 38 43 15 142 100 91 193 37 151 0 146 194 182 62 159 10 189 148 88 167 0 33 120 9 51 30 70 101 162 31 190 127 0 147 6 96 104 99 93 85 98 92 59 183 0 149 179 155 4 110 72 74 133 22 171 73 21 0 163 24 134 54 130 165 55 25 170 39 187 139 56 197 0 172 42 14 192 119 44 191 141 16 61 173 84 83 18 89 0 105 40 58 152 53 0 
Solução encontrada considerada boa
GAP de 3.93299
Numero maximo de geracoes sem evolucao: 718
Solucão valida: Sim
====================================================================================================================


 ===================================================RESULTADOS=========================================================
Melhor fitness final: 1422
Melhor fitness possivel: 1373
Tempo de execução: 279
Melhor solução encontrada: 0 176 51 9 71 65 136 35 135 164 34 78 33 102 0 6 86 113 17 45 125 174 8 114 199 83 166 0 21 72 56 186 23 39 187 139 130 54 179 0 30 128 20 188 103 161 66 181 64 62 0 198 110 4 155 197 75 133 22 74 171 73 0 194 48 168 47 49 143 36 46 124 82 0 68 150 80 177 165 55 25 170 67 41 145 115 178 2 0 192 119 44 191 141 16 61 173 84 5 118 60 0 1 122 160 131 32 90 63 126 11 175 107 19 123 52 146 0 89 18 153 106 7 182 88 31 162 69 27 0 154 138 184 116 3 158 77 196 76 111 28 0 50 157 120 81 185 79 129 169 121 29 24 163 134 0 53 58 152 40 180 149 195 109 12 26 105 0 132 101 70 108 189 10 159 148 190 127 167 0 13 117 97 92 151 95 94 183 112 156 0 59 98 37 100 193 91 85 93 99 104 96 147 0 137 144 57 15 43 38 140 14 142 42 172 87 0 
Solução encontrada considerada boa
GAP de 3.56883
Numero maximo de geracoes sem evolucao: 760
Solucão valida: Sim
====================================================================================================================


 ===================================================RESULTADOS=========================================================
Melhor fitness final: 1373
Melhor fitness possivel: 1373
Tempo de execução: 275
Melhor solução encontrada: 0 31 70 30 160 128 20 188 66 103 51 122 1 0 53 73 22 133 75 23 186 56 155 4 179 149 0 27 132 176 102 157 185 79 3 158 77 184 0 183 94 96 99 104 59 92 151 97 95 117 137 13 0 69 101 131 32 90 63 126 11 175 107 19 123 182 7 194 0 9 161 71 65 136 35 135 120 81 33 50 0 162 181 64 49 143 36 46 124 47 168 48 82 0 173 17 113 86 140 38 44 119 192 14 142 42 172 43 15 57 0 167 127 190 189 10 108 159 62 148 88 0 76 196 116 68 150 80 12 138 154 28 0 195 109 177 134 163 24 29 121 169 34 164 78 129 111 0 21 72 197 74 171 41 145 115 178 2 144 87 0 98 37 100 193 91 191 141 16 61 85 93 6 0 54 130 165 55 25 170 67 39 187 139 110 198 0 105 26 180 40 152 58 112 156 0 118 60 83 199 114 8 174 45 125 84 5 0 89 147 166 18 153 106 52 146 0 
Solução encontrada considerada boa
GAP de 0
Numero maximo de geracoes sem evolucao: 522
Solucão valida: Sim
====================================================================================================================

