
 ===================================================RESULTADOS=========================================================
Melhor fitness final: 1437
Melhor fitness possivel: 1373
Tempo de execução: 238
Melhor solução encontrada: 0 58 13 94 183 6 147 89 112 156 0 123 19 107 175 11 62 159 10 189 108 162 0 88 182 7 124 46 86 140 38 14 142 43 15 42 172 137 0 166 60 5 61 16 141 191 44 119 192 100 37 97 117 0 101 70 181 64 49 143 36 47 168 48 82 18 0 53 73 171 75 23 67 186 56 197 72 0 184 116 77 158 3 78 34 164 120 9 1 69 132 0 176 122 30 20 66 65 136 35 135 196 76 111 0 27 167 127 190 31 148 194 106 153 52 146 0 177 163 24 134 54 130 165 55 25 170 39 187 139 0 95 92 151 98 193 91 85 93 59 99 104 96 0 105 21 74 133 22 41 145 115 2 178 57 144 87 0 51 103 161 71 188 128 160 131 32 90 63 126 0 28 138 154 12 68 109 195 26 0 118 84 173 113 17 45 125 174 8 114 199 83 0 150 80 121 29 169 129 79 185 81 33 157 102 50 0 152 40 180 198 110 155 4 179 149 0 
Solução encontrada considerada boa
GAP de 4.66133
Numero maximo de geracoes sem evolucao: 503
Solucão valida: Sim
====================================================================================================================


 ===================================================RESULTADOS=========================================================
Melhor fitness final: 1416
Melhor fitness possivel: 1373
Tempo de execução: 236
Melhor solução encontrada: 0 176 1 51 9 120 81 33 185 3 158 77 116 76 0 166 5 93 37 43 15 145 41 198 110 179 195 149 26 0 103 66 188 20 128 160 131 32 181 63 126 90 0 167 127 190 31 70 30 122 101 162 69 132 27 0 79 129 169 78 34 164 135 35 136 65 71 161 0 183 94 96 104 99 59 151 92 97 95 117 13 0 53 105 152 58 2 115 178 57 144 87 137 0 180 54 134 163 24 29 121 68 150 80 177 109 12 0 155 4 186 23 75 133 22 74 171 73 21 0 199 125 45 17 86 140 38 91 193 100 98 85 6 0 18 114 8 174 46 124 168 47 36 143 49 64 11 52 0 10 189 108 159 62 175 107 19 123 148 88 146 0 89 118 60 83 82 48 182 7 194 106 153 0 130 165 55 25 170 67 39 187 139 56 197 72 40 0 172 42 142 14 192 119 44 191 141 16 61 113 173 84 0 28 138 154 184 196 157 102 50 111 0 147 112 156 0 
Solução encontrada considerada boa
GAP de 3.13183
Numero maximo de geracoes sem evolucao: 569
Solucão valida: Sim
====================================================================================================================


 ===================================================RESULTADOS=========================================================
Melhor fitness final: 1384
Melhor fitness possivel: 1373
Tempo de execução: 234
Melhor solução encontrada: 0 95 151 92 37 98 100 193 85 93 99 104 96 6 0 154 138 111 176 1 122 30 70 101 162 69 167 27 0 76 129 169 78 34 164 135 35 71 161 103 51 132 0 94 87 144 2 178 115 145 41 171 73 180 0 198 110 4 155 139 187 39 56 197 72 21 53 0 196 77 3 158 79 185 81 33 157 102 50 0 153 82 124 47 168 48 182 7 194 106 52 0 190 31 189 10 108 159 62 148 88 146 0 18 114 8 174 45 125 199 83 60 118 166 0 89 5 84 173 17 113 61 16 86 140 38 43 15 57 137 0 127 123 19 107 175 11 126 63 90 32 131 160 128 20 0 13 117 97 172 42 142 14 192 119 44 141 191 91 59 0 120 9 136 65 66 188 181 64 49 143 36 46 0 40 74 22 133 75 186 23 67 170 25 55 165 130 0 12 121 29 24 163 134 54 179 149 58 152 0 28 184 116 68 80 150 177 109 195 26 105 0 112 183 147 156 0 
Solução encontrada considerada boa
GAP de 0.801165
Numero maximo de geracoes sem evolucao: 695
Solucão valida: Sim
====================================================================================================================


 ===================================================RESULTADOS=========================================================
Melhor fitness final: 1442
Melhor fitness possivel: 1373
Tempo de execução: 244
Melhor solução encontrada: 0 93 85 16 141 44 191 91 193 100 98 37 117 0 182 7 194 106 153 18 166 89 112 156 0 86 119 192 14 142 42 172 87 144 57 178 115 2 0 189 10 108 126 63 90 32 131 160 128 188 20 69 132 0 118 60 83 199 114 8 174 125 84 173 61 5 0 176 1 122 30 70 101 162 31 190 127 167 27 0 134 163 24 29 121 169 129 79 185 81 33 157 102 0 198 110 4 155 197 74 133 22 171 73 21 53 0 28 184 116 68 80 150 177 109 12 138 154 0 48 124 168 47 36 143 49 175 107 19 123 0 78 34 164 135 35 136 65 71 161 9 120 0 147 6 96 104 99 59 92 151 97 95 94 183 0 72 75 56 186 39 139 187 170 25 55 165 130 54 0 179 67 23 41 145 15 43 38 140 113 17 45 46 82 52 146 0 50 51 103 66 181 64 11 159 62 148 88 0 105 26 195 149 180 40 152 58 137 13 0 111 3 158 77 196 76 0 
Solução encontrada considerada mediana
GAP de 5.02549
Numero maximo de geracoes sem evolucao: 2095
Solucão valida: Sim
====================================================================================================================


 ===================================================RESULTADOS=========================================================
Melhor fitness final: 1415
Melhor fitness possivel: 1373
Tempo de execução: 232
Melhor solução encontrada: 0 160 128 20 188 66 9 120 169 121 29 24 163 109 0 183 94 95 97 92 151 59 99 104 96 6 147 0 134 165 55 25 170 39 187 139 4 155 110 198 0 48 168 123 19 107 175 11 126 63 32 131 162 0 13 87 144 57 43 15 41 133 22 145 115 178 2 0 103 161 71 65 136 35 135 164 34 78 129 79 0 166 60 17 113 16 141 191 44 192 14 142 42 172 137 0 50 102 157 33 81 185 3 158 77 196 76 0 93 85 61 86 140 38 119 91 193 100 98 37 117 0 27 167 31 190 127 52 112 156 0 195 179 130 54 177 150 80 68 116 184 12 0 189 10 108 90 181 64 49 143 36 47 124 46 82 0 21 72 197 56 186 67 23 75 74 171 73 0 89 18 153 106 194 7 182 62 159 148 88 146 0 118 5 173 84 125 45 174 8 114 199 83 0 132 69 101 70 30 122 51 1 176 111 138 154 28 0 152 58 40 180 149 26 105 53 0 
Solução encontrada considerada boa
GAP de 3.05899
Numero maximo de geracoes sem evolucao: 522
Solucão valida: Sim
====================================================================================================================


 ===================================================RESULTADOS=========================================================
Melhor fitness final: 1410
Melhor fitness possivel: 1373
Tempo de execução: 235
Melhor solução encontrada: 0 176 50 102 157 33 81 164 34 78 129 79 185 0 96 86 113 17 45 125 174 8 114 199 83 60 0 109 177 134 163 24 29 121 169 158 3 77 196 76 28 0 111 184 116 68 80 150 12 138 154 0 162 108 189 10 159 62 123 182 148 88 0 5 173 61 16 141 191 44 119 140 38 14 142 42 117 0 132 122 20 188 66 128 30 70 31 190 127 146 0 59 151 92 37 98 100 192 91 193 85 93 104 99 6 0 147 183 94 95 97 172 43 15 57 144 87 0 9 120 135 35 136 65 71 161 103 51 1 0 118 84 46 36 143 49 47 168 124 48 82 0 27 167 52 194 106 153 18 166 89 112 156 0 105 26 195 54 130 165 55 25 179 149 180 40 53 0 72 75 56 186 23 67 170 39 187 139 0 198 110 155 4 197 74 133 22 41 145 171 73 21 0 7 19 107 175 11 64 181 63 126 90 32 131 160 101 69 0 58 152 115 178 2 137 13 0 
Solução encontrada considerada boa
GAP de 2.69483
Numero maximo de geracoes sem evolucao: 504
Solucão valida: Sim
====================================================================================================================


 ===================================================RESULTADOS=========================================================
Melhor fitness final: 1412
Melhor fitness possivel: 1373
Tempo de execução: 218
Melhor solução encontrada: 0 54 130 165 55 25 170 67 23 39 187 139 0 156 112 58 152 40 180 26 105 53 0 154 138 12 68 80 150 177 109 195 179 149 0 118 60 83 199 114 8 174 45 125 84 5 0 166 82 48 124 47 168 123 19 107 175 11 0 93 85 61 16 141 191 91 193 100 37 98 0 189 10 108 126 63 90 32 131 160 128 188 20 122 1 0 28 184 116 169 129 79 158 3 77 196 76 111 0 137 87 144 172 43 15 57 178 2 115 145 41 171 73 21 0 27 167 127 190 88 148 159 62 182 52 146 0 95 97 42 142 14 192 119 44 38 140 86 113 17 173 0 185 81 120 135 35 136 65 71 161 9 33 0 31 162 101 70 30 51 164 34 78 121 29 24 163 134 0 13 117 151 92 59 104 99 96 94 183 6 147 89 0 198 110 155 4 197 56 186 75 133 22 74 72 0 18 153 106 194 7 46 36 143 49 64 181 66 103 69 132 0 50 102 157 176 0 
Solução encontrada considerada boa
GAP de 2.8405
Numero maximo de geracoes sem evolucao: 642
Solucão valida: Sim
====================================================================================================================


 ===================================================RESULTADOS=========================================================
Melhor fitness final: 1398
Melhor fitness possivel: 1373
Tempo de execução: 246
Melhor solução encontrada: 0 58 2 178 115 145 41 22 133 75 74 171 73 53 0 111 76 196 116 121 29 24 163 134 109 12 28 0 79 129 169 78 34 164 35 135 120 81 33 50 0 195 179 4 155 139 39 67 23 186 56 0 18 114 8 174 45 125 84 5 118 60 0 153 106 194 7 123 19 107 175 11 159 62 148 88 0 93 85 61 173 17 113 86 140 38 43 15 57 137 0 27 132 69 162 101 122 30 70 31 190 127 167 146 0 172 42 142 14 192 119 44 141 16 191 91 193 100 37 0 51 9 161 71 136 65 66 181 64 182 52 0 89 166 83 199 46 36 143 49 47 168 124 48 82 0 189 10 108 126 63 90 32 131 160 128 20 188 103 0 152 144 87 97 95 94 183 156 0 154 138 184 77 3 158 185 157 102 1 176 0 112 147 6 96 99 104 59 98 151 92 117 13 0 68 80 150 177 54 130 165 55 25 170 187 110 149 26 0 105 180 198 197 72 21 40 0 
Solução encontrada considerada boa
GAP de 1.82083
Numero maximo de geracoes sem evolucao: 689
Solucão valida: Sim
====================================================================================================================


 ===================================================RESULTADOS=========================================================
Melhor fitness final: 1387
Melhor fitness possivel: 1373
Tempo de execução: 239
Melhor solução encontrada: 0 137 2 178 115 145 41 22 133 75 74 171 73 21 0 176 1 33 81 120 164 34 78 169 129 79 185 0 166 60 118 5 84 173 61 16 141 44 191 0 28 154 138 26 180 40 58 152 105 53 0 198 110 139 187 39 67 23 186 56 197 72 0 30 128 66 71 65 136 35 135 9 157 102 50 0 114 8 125 45 174 46 124 47 168 48 153 0 106 194 182 88 148 62 159 189 10 108 70 69 0 18 82 36 143 49 64 63 126 11 175 107 19 123 7 52 0 87 144 57 15 43 97 95 94 183 6 147 89 0 196 77 158 3 121 29 24 163 134 150 80 68 12 0 59 151 92 98 37 100 193 91 85 93 104 99 96 0 122 51 161 103 188 20 160 131 32 181 90 101 0 156 112 146 167 127 190 31 162 132 27 0 149 179 155 4 170 25 55 165 130 54 177 109 195 0 13 117 172 42 142 14 192 119 38 140 86 113 17 199 83 0 184 116 76 111 0 
Solução encontrada considerada boa
GAP de 1.01966
Numero maximo de geracoes sem evolucao: 379
Solucão valida: Sim
====================================================================================================================


 ===================================================RESULTADOS=========================================================
Melhor fitness final: 1435
Melhor fitness possivel: 1373
Tempo de execução: 231
Melhor solução encontrada: 0 127 190 31 162 101 70 30 122 157 102 50 0 19 107 175 11 126 63 32 131 160 128 188 20 1 0 177 134 163 24 29 121 169 78 34 164 136 65 66 69 0 195 179 155 4 139 187 39 23 186 56 74 21 0 51 103 161 71 35 135 9 120 81 33 185 0 167 159 10 189 108 90 181 64 49 143 36 46 18 0 110 67 170 25 55 165 130 54 109 12 138 154 28 0 26 149 198 72 197 75 133 22 171 73 0 76 196 77 3 158 79 129 68 150 80 116 184 0 191 141 44 119 192 14 142 42 172 144 57 178 115 2 0 52 194 7 182 123 168 47 124 48 82 153 0 53 105 180 40 13 94 183 112 156 0 58 152 137 87 97 100 193 91 16 61 173 84 5 0 147 118 83 199 125 45 174 8 114 89 0 117 95 151 92 37 98 85 93 59 104 99 96 6 0 145 41 15 43 38 140 86 113 17 60 166 106 62 148 88 146 0 111 176 132 27 0 
Solução encontrada considerada boa
GAP de 4.51566
Numero maximo de geracoes sem evolucao: 588
Solucão valida: Sim
====================================================================================================================

