
 ===================================================RESULTADOS=========================================================
Melhor fitness final: 822
Melhor fitness possivel: 792
Tempo de execução: 84
Melhor solução encontrada: 0 8 54 19 59 14 35 7 0 37 20 60 36 47 21 48 0 2 28 61 64 22 62 0 45 29 5 15 57 13 27 52 0 33 63 49 24 18 55 25 50 0 1 43 42 41 56 23 16 51 0 6 30 4 34 46 0 58 10 38 11 53 0 3 44 32 9 31 39 0 17 40 12 26 0 
Solução encontrada considerada boa
GAP de 3.78788
Numero maximo de geracoes sem evolucao: 21
Solucão valida: Sim
====================================================================================================================


 ===================================================RESULTADOS=========================================================
Melhor fitness final: 818
Melhor fitness possivel: 792
Tempo de execução: 82
Melhor solução encontrada: 0 30 21 61 28 2 0 48 47 36 60 20 37 5 0 51 3 44 32 9 39 12 0 35 14 19 54 13 57 15 29 0 34 46 8 52 27 45 0 58 10 31 25 55 18 50 0 33 63 23 56 24 49 16 0 62 22 64 42 41 43 1 0 7 53 59 11 38 0 26 40 17 6 4 0 
Solução encontrada considerada boa
GAP de 3.28283
Numero maximo de geracoes sem evolucao: 1405
Solucão valida: Sim
====================================================================================================================


 ===================================================RESULTADOS=========================================================
Melhor fitness final: 818
Melhor fitness possivel: 792
Tempo de execução: 91
Melhor solução encontrada: 0 16 63 49 24 18 50 44 3 0 6 51 17 40 12 26 0 2 28 61 64 22 62 0 21 36 60 20 37 15 57 27 0 53 11 38 10 58 0 7 35 14 59 19 54 13 0 33 1 43 42 41 56 23 0 39 31 55 25 9 32 0 45 29 5 47 48 30 0 4 52 8 46 34 0 
Solução encontrada considerada boa
GAP de 3.28283
Numero maximo de geracoes sem evolucao: 2208
Solucão valida: Sim
====================================================================================================================


 ===================================================RESULTADOS=========================================================
Melhor fitness final: 822
Melhor fitness possivel: 792
Tempo de execução: 84
Melhor solução encontrada: 0 39 31 25 55 18 50 44 3 0 12 9 32 40 17 0 6 2 33 63 16 51 0 34 52 13 54 19 8 46 0 24 49 23 56 41 42 43 1 0 4 45 29 5 15 57 27 0 26 58 10 38 11 0 30 28 61 64 22 62 0 21 47 36 60 20 37 48 0 35 14 59 53 7 0 
Solução encontrada considerada boa
GAP de 3.78788
Numero maximo de geracoes sem evolucao: 648
Solucão valida: Sim
====================================================================================================================


 ===================================================RESULTADOS=========================================================
Melhor fitness final: 822
Melhor fitness possivel: 792
Tempo de execução: 100
Melhor solução encontrada: 0 30 21 61 28 2 0 7 53 11 59 14 0 8 35 19 54 13 57 15 29 45 0 34 46 52 27 4 0 58 38 10 31 55 18 3 0 6 17 40 12 26 0 5 37 20 60 36 47 48 0 33 1 43 41 23 63 16 51 0 44 32 50 25 9 39 0 62 22 64 42 56 24 49 0 
Solução encontrada considerada boa
GAP de 3.78788
Numero maximo de geracoes sem evolucao: 51
Solucão valida: Sim
====================================================================================================================


 ===================================================RESULTADOS=========================================================
Melhor fitness final: 814
Melhor fitness possivel: 792
Tempo de execução: 87
Melhor solução encontrada: 0 14 59 11 53 7 0 26 12 40 17 51 6 0 5 37 20 60 36 47 48 0 16 49 24 56 23 63 33 0 46 8 35 19 54 13 57 15 0 39 9 50 32 44 3 0 2 28 61 21 30 0 18 55 25 31 10 38 58 0 34 52 27 29 45 4 0 1 43 41 42 64 22 62 0 
Solução encontrada considerada boa
GAP de 2.77778
Numero maximo de geracoes sem evolucao: 1755
Solucão valida: Sim
====================================================================================================================


 ===================================================RESULTADOS=========================================================
Melhor fitness final: 803
Melhor fitness possivel: 792
Tempo de execução: 95
Melhor solução encontrada: 0 29 5 36 60 20 37 15 57 13 0 62 28 61 21 47 48 0 8 54 19 59 14 35 7 0 22 64 42 41 43 1 33 0 58 10 38 11 53 0 9 50 18 55 25 31 39 0 45 27 52 34 46 26 0 12 40 32 44 3 17 0 51 16 49 24 56 23 63 6 0 2 30 4 0 
Solução encontrada considerada boa
GAP de 1.38889
Numero maximo de geracoes sem evolucao: 294
Solucão valida: Sim
====================================================================================================================


 ===================================================RESULTADOS=========================================================
Melhor fitness final: 819
Melhor fitness possivel: 792
Tempo de execução: 81
Melhor solução encontrada: 0 34 46 8 52 27 4 0 7 35 19 54 13 57 15 29 45 0 33 63 23 56 24 49 16 0 30 21 61 28 2 0 48 47 36 60 20 37 5 0 1 43 41 42 64 22 62 0 32 25 55 18 50 44 3 51 0 58 10 38 11 53 0 14 59 31 39 9 0 6 17 40 12 26 0 
Solução encontrada considerada boa
GAP de 3.40909
Numero maximo de geracoes sem evolucao: 37
Solucão valida: Sim
====================================================================================================================


 ===================================================RESULTADOS=========================================================
Melhor fitness final: 821
Melhor fitness possivel: 792
Tempo de execução: 80
Melhor solução encontrada: 0 48 47 36 60 20 37 4 0 3 44 18 50 9 39 58 0 19 14 59 11 53 0 26 12 40 17 51 6 0 38 10 31 55 25 32 0 1 43 41 42 64 22 62 0 34 46 52 8 35 7 0 2 28 61 21 30 0 33 63 23 56 24 49 16 0 27 13 54 57 15 5 29 45 0 
Solução encontrada considerada boa
GAP de 3.66162
Numero maximo de geracoes sem evolucao: 35
Solucão valida: Sim
====================================================================================================================


 ===================================================RESULTADOS=========================================================
Melhor fitness final: 803
Melhor fitness possivel: 792
Tempo de execução: 82
Melhor solução encontrada: 0 9 50 18 55 25 31 39 0 45 29 5 15 57 13 27 52 0 8 54 19 59 14 35 7 0 2 62 28 61 21 0 12 40 32 44 3 17 0 53 11 38 10 58 0 33 1 43 41 42 64 22 0 30 48 47 36 60 20 37 0 6 63 23 56 24 49 16 51 0 4 34 46 26 0 
Solução encontrada considerada boa
GAP de 1.38889
Numero maximo de geracoes sem evolucao: 2043
Solucão valida: Sim
====================================================================================================================

