
 ===================================================RESULTADOS=========================================================
Melhor fitness final: 16882
Melhor fitness possivel: 15700
Tempo de execução: 241
Melhor solução encontrada: 0 78 2 41 86 5 107 8 43 114 110 53 102 6 31 98 79 60 72 111 1 87 48 93 17 116 0 109 9 85 91 56 83 142 55 137 82 123 125 33 62 96 47 133 90 44 64 61 45 0 127 36 16 32 7 97 120 50 49 51 88 40 70 124 115 136 126 0 117 108 92 134 38 103 63 10 113 129 76 3 94 75 112 140 141 15 27 106 24 73 71 0 4 135 58 67 46 30 121 34 138 105 26 29 42 131 69 39 80 119 22 77 122 37 14 0 13 130 59 52 20 99 101 66 57 95 139 21 23 132 104 100 11 74 81 18 28 35 19 25 0 84 128 118 54 65 89 12 68 0 
Solução encontrada considerada mediana
GAP de 7.52866
Numero maximo de geracoes sem evolucao: 2347
Solucão valida: Sim
====================================================================================================================

