GAP médio ≈ 3.60%
 ===================================================RESULTADOS=========================================================
Melhor fitness final: 16000
Melhor fitness possivel: 15700
Tempo de execução: 83
Melhor solução encontrada: 0 25 32 19 97 120 50 49 51 73 88 99 20 52 59 40 70 124 115 136 126 0 9 57 95 139 77 119 80 39 29 42 131 69 141 140 112 63 10 103 38 15 27 106 24 66 71 0 78 2 41 86 5 107 8 43 114 110 53 102 6 31 98 79 60 72 111 1 87 48 93 17 116 0 109 91 56 83 142 55 137 82 123 21 14 122 22 37 23 132 104 125 90 65 54 0 4 135 58 67 46 30 121 34 138 105 129 76 3 94 75 26 113 134 92 108 117 101 0 130 36 16 7 85 35 28 133 18 47 96 33 62 81 100 11 74 44 64 61 45 89 12 118 0 13 127 84 128 68 0 
Solução encontrada considerada boa
GAP de 1.91083
Numero maximo de geracoes sem evolucao: 824
Solucão valida: Sim
====================================================================================================================


 ===================================================RESULTADOS=========================================================
Melhor fitness final: 16185
Melhor fitness possivel: 15700
Tempo de execução: 82
Melhor solução encontrada: 0 78 2 41 86 5 107 8 43 114 110 53 102 6 31 98 79 60 72 111 1 87 48 93 17 116 0 118 12 89 45 64 44 90 133 28 83 56 91 35 85 120 97 19 7 32 16 36 0 136 115 124 58 67 46 30 121 34 138 105 129 76 3 113 94 75 26 112 140 141 15 27 0 71 52 20 66 24 106 38 103 63 10 134 92 108 117 101 135 59 40 70 4 0 25 18 47 96 62 33 125 123 82 137 142 55 139 95 57 73 88 51 49 50 9 109 0 54 65 61 74 81 11 100 104 132 23 21 14 37 119 80 39 29 42 131 69 22 122 77 99 130 0 126 13 127 84 128 68 0 
Solução encontrada considerada boa
GAP de 3.08917
Numero maximo de geracoes sem evolucao: 1223
Solucão valida: Sim
====================================================================================================================


 ===================================================RESULTADOS=========================================================
Melhor fitness final: 16185
Melhor fitness possivel: 15700
Tempo de execução: 84
Melhor solução encontrada: 0 4 67 46 30 121 34 138 105 129 76 3 94 75 26 112 63 113 10 103 38 117 24 66 130 0 126 136 115 78 116 124 70 40 59 52 20 99 88 73 51 49 50 71 97 9 109 0 93 135 58 48 87 1 111 72 60 79 98 31 6 102 53 110 114 43 8 107 5 86 41 2 17 0 57 95 14 37 122 77 22 119 80 39 29 42 131 69 140 141 15 27 106 108 92 134 101 0 120 91 56 83 142 55 139 137 82 123 21 23 132 104 33 125 28 35 85 19 16 25 0 118 54 12 89 45 61 64 44 74 11 100 81 62 96 47 18 133 90 65 7 32 36 0 13 127 84 128 68 0 
Solução encontrada considerada boa
GAP de 3.08917
Numero maximo de geracoes sem evolucao: 1413
Solucão valida: Sim
====================================================================================================================


 ===================================================RESULTADOS=========================================================
Melhor fitness final: 16281
Melhor fitness possivel: 15700
Tempo de execução: 84
Melhor solução encontrada: 0 117 108 92 134 38 103 63 10 113 129 76 3 94 75 26 112 140 141 15 27 106 24 71 0 25 16 32 7 19 85 35 91 56 83 55 139 95 57 66 99 88 73 51 49 50 120 97 36 0 78 2 41 86 5 107 8 43 114 110 53 102 6 31 98 79 60 72 111 1 87 48 93 17 116 0 118 54 65 90 133 28 142 137 82 123 125 33 62 81 100 11 74 44 64 61 45 89 12 0 18 47 96 104 132 23 21 14 37 119 80 39 29 42 131 69 22 122 77 9 109 130 0 4 52 20 101 34 105 138 121 30 46 67 58 135 59 40 70 124 115 136 126 0 13 127 84 128 68 0 
Solução encontrada considerada boa
GAP de 3.70064
Numero maximo de geracoes sem evolucao: 1671
Solucão valida: Sim
====================================================================================================================


 ===================================================RESULTADOS=========================================================
Melhor fitness final: 16346
Melhor fitness possivel: 15700
Tempo de execução: 81
Melhor solução encontrada: 0 9 27 141 140 69 131 42 29 39 80 119 22 77 122 37 14 21 23 132 104 18 54 0 71 24 106 15 38 103 10 113 63 112 26 75 94 3 76 129 105 138 34 134 92 108 117 130 0 48 58 67 46 30 121 98 79 31 6 102 53 110 114 43 8 72 60 111 1 87 107 5 86 41 17 0 25 65 90 133 28 82 123 125 33 62 96 47 81 100 11 74 44 64 61 45 89 12 0 109 36 97 120 50 49 51 73 88 99 20 52 59 93 2 78 116 115 136 126 0 118 16 32 7 19 85 35 91 56 83 142 137 55 139 95 57 66 101 135 40 70 124 4 0 68 128 84 127 13 0 
Solução encontrada considerada boa
GAP de 4.11465
Numero maximo de geracoes sem evolucao: 221
Solucão valida: Sim
====================================================================================================================


 ===================================================RESULTADOS=========================================================
Melhor fitness final: 16456
Melhor fitness possivel: 15700
Tempo de execução: 85
Melhor solução encontrada: 0 85 35 91 56 83 142 55 137 82 123 125 33 62 96 47 18 133 28 90 44 64 61 0 4 59 135 58 67 46 30 121 34 138 105 129 76 113 10 63 103 38 106 24 66 99 0 50 49 51 88 73 27 15 141 140 112 26 75 94 3 134 92 108 117 101 20 52 130 0 11 100 74 81 104 132 23 21 14 37 119 80 39 29 42 131 69 22 122 77 139 95 57 109 0 78 17 2 41 86 5 107 8 43 114 110 53 102 6 31 98 79 60 72 111 1 87 48 93 116 0 25 118 54 12 89 45 65 19 120 97 7 32 16 36 9 71 40 70 124 115 136 126 0 13 127 84 128 68 0 
Solução encontrada considerada boa
GAP de 4.81529
Numero maximo de geracoes sem evolucao: 670
Solucão valida: Sim
====================================================================================================================


 ===================================================RESULTADOS=========================================================
Melhor fitness final: 16463
Melhor fitness possivel: 15700
Tempo de execução: 86
Melhor solução encontrada: 0 48 58 67 46 30 121 98 79 31 6 102 53 110 114 43 8 72 60 111 1 87 107 5 86 41 17 0 104 132 23 21 14 37 122 77 22 119 80 39 29 42 131 69 141 140 112 113 10 130 0 4 124 117 108 92 134 34 138 105 129 76 3 94 75 26 63 103 38 15 27 106 24 9 109 0 126 136 115 116 78 2 93 59 52 20 99 88 73 51 49 50 71 120 97 16 25 0 36 32 7 19 85 35 91 56 83 28 133 18 90 44 64 61 45 65 89 12 54 118 0 11 100 74 81 47 96 62 33 125 123 82 137 142 55 139 95 57 66 101 135 40 70 0 13 127 84 128 68 0 
Solução encontrada considerada boa
GAP de 4.85987
Numero maximo de geracoes sem evolucao: 213
Solucão valida: Sim
====================================================================================================================


 ===================================================RESULTADOS=========================================================
Melhor fitness final: 16253
Melhor fitness possivel: 15700
Tempo de execução: 82
Melhor solução encontrada: 0 25 36 16 32 7 19 85 35 28 133 18 74 81 100 11 44 64 90 61 45 65 89 12 54 118 0 97 21 104 132 23 37 14 77 122 22 119 80 39 29 42 69 131 63 10 103 38 0 116 17 78 2 41 86 8 43 114 110 53 102 6 31 98 79 60 72 111 1 87 107 5 93 4 0 48 30 121 34 138 105 129 76 3 113 94 75 26 112 140 141 15 27 106 108 92 134 117 24 0 130 9 71 88 52 20 99 66 101 46 67 58 135 59 40 70 124 115 136 126 0 109 50 49 51 73 57 95 139 55 142 137 82 123 125 33 62 96 47 83 56 91 120 0 68 128 84 127 13 0 
Solução encontrada considerada boa
GAP de 3.52229
Numero maximo de geracoes sem evolucao: 1762
Solucão valida: Sim
====================================================================================================================


 ===================================================RESULTADOS=========================================================
Melhor fitness final: 16205
Melhor fitness possivel: 15700
Tempo de execução: 81
Melhor solução encontrada: 0 118 54 12 89 45 61 64 44 18 133 28 83 56 91 35 85 120 97 19 7 32 16 36 25 0 109 73 106 117 108 92 134 38 103 10 113 63 112 26 75 94 3 76 129 105 138 34 101 130 0 9 24 27 15 141 140 69 131 42 29 39 80 119 22 77 122 37 14 21 23 132 104 0 65 90 74 11 100 81 47 96 62 33 125 123 82 137 142 55 139 95 57 66 135 4 0 115 124 70 40 71 50 49 51 88 99 20 52 59 93 2 78 116 136 126 0 48 58 67 46 30 121 98 79 31 6 102 53 110 114 43 8 72 60 111 1 87 107 5 86 41 17 0 13 127 84 128 68 0 
Solução encontrada considerada boa
GAP de 3.21656
Numero maximo de geracoes sem evolucao: 394
Solucão valida: Sim
====================================================================================================================


 ===================================================RESULTADOS=========================================================
Melhor fitness final: 16119
Melhor fitness possivel: 15700
Tempo de execução: 83
Melhor solução encontrada: 0 78 2 41 86 5 107 8 43 114 110 53 102 6 31 98 79 60 72 111 1 87 48 93 17 116 0 126 136 115 124 70 40 52 20 99 88 51 49 50 120 97 7 32 16 36 109 0 135 58 67 46 30 121 34 138 105 129 76 3 94 75 26 112 63 113 10 134 92 108 73 71 9 0 130 66 24 106 27 15 141 77 22 119 80 39 29 42 131 69 140 103 38 117 101 59 4 0 19 85 35 91 56 83 57 95 139 55 142 137 82 123 125 33 62 96 47 133 28 25 0 118 54 65 90 18 21 14 122 37 23 132 104 100 11 81 74 44 64 61 45 89 12 0 68 128 84 127 13 0 
Solução encontrada considerada boa
GAP de 2.66879
Numero maximo de geracoes sem evolucao: 882
Solucão valida: Sim
====================================================================================================================

