
 ===================================================RESULTADOS=========================================================
Melhor fitness final: 25958
Melhor fitness possivel: 25569
Tempo de execução: 272
Melhor solução encontrada: 0 165 144 124 176 98 88 130 73 0 108 12 121 70 76 18 8 21 0 170 155 123 174 48 6 126 0 152 52 51 95 163 90 26 149 0 132 44 61 140 63 85 89 2 0 166 146 87 147 167 125 39 34 0 47 27 29 122 157 19 11 143 0 55 23 135 5 105 179 24 71 0 62 86 64 54 111 43 10 31 0 127 15 37 164 97 150 177 156 0 49 137 14 9 30 79 128 60 0 133 129 173 56 99 81 141 172 0 68 109 161 107 20 3 93 78 0 106 160 154 38 136 77 13 145 0 153 82 46 74 103 83 134 33 0 42 84 116 92 131 169 65 32 0 45 148 112 101 120 139 59 180 0 110 175 117 35 4 53 151 7 0 138 115 178 40 118 113 75 57 0 36 158 96 171 159 80 58 102 0 100 119 28 69 94 50 16 1 0 168 162 91 66 25 72 41 22 0 142 114 67 104 17 0 
Solução encontrada considerada boa
GAP de 1.52137
Numero maximo de geracoes sem evolucao: 245
Solucão valida: Sim
====================================================================================================================


 ===================================================RESULTADOS=========================================================
Melhor fitness final: 25897
Melhor fitness possivel: 25569
Tempo de execução: 255
Melhor solução encontrada: 0 162 91 153 82 74 46 81 141 0 52 51 29 27 122 157 47 143 0 179 5 105 64 86 62 135 23 0 40 177 150 15 37 164 97 34 0 49 60 128 137 161 109 68 19 0 142 11 42 84 26 90 163 95 0 114 67 130 73 124 144 165 104 0 1 50 94 146 87 147 167 166 0 108 12 8 159 171 96 79 30 0 7 83 103 125 39 134 33 151 0 88 78 93 3 102 21 98 176 0 56 99 16 100 69 28 119 173 0 106 154 38 129 136 77 13 145 0 45 170 155 123 174 48 6 126 0 132 140 63 85 89 2 149 152 0 113 118 4 53 35 117 175 110 0 138 115 10 43 178 75 57 31 0 160 172 66 25 72 168 41 22 0 148 112 101 120 139 59 133 180 0 54 111 156 127 76 18 70 121 0 116 92 131 169 61 65 32 44 0 58 80 158 36 9 14 20 107 0 17 24 71 55 0 
Solução encontrada considerada boa
GAP de 1.2828
Numero maximo de geracoes sem evolucao: 122
Solucão valida: Sim
====================================================================================================================


 ===================================================RESULTADOS=========================================================
Melhor fitness final: 25993
Melhor fitness possivel: 25569
Tempo de execução: 319
Melhor solução encontrada: 0 108 76 18 159 171 96 80 58 0 153 82 46 74 50 16 1 81 0 32 131 92 169 65 61 44 132 0 117 35 4 53 151 7 91 168 0 130 88 78 3 93 161 109 68 0 57 110 162 175 75 31 115 138 0 142 114 67 73 124 144 165 104 0 90 26 2 89 85 63 149 0 47 60 128 137 49 19 11 143 0 120 6 22 160 106 139 112 148 0 180 133 172 141 66 25 72 41 0 176 98 102 21 8 70 121 12 0 152 51 95 163 29 122 27 52 0 101 126 48 174 123 155 170 45 0 15 164 37 147 87 167 146 166 0 17 24 179 105 5 135 71 55 0 99 56 100 94 69 28 119 173 0 145 13 77 136 129 38 154 59 0 34 97 39 125 103 83 134 33 0 14 9 30 79 158 36 20 107 0 113 118 40 150 177 127 156 178 0 10 43 111 54 64 86 62 23 0 157 42 84 116 140 0 
Solução encontrada considerada boa
GAP de 1.65826
Numero maximo de geracoes sem evolucao: 975
Solucão valida: Sim
====================================================================================================================


 ===================================================RESULTADOS=========================================================
Melhor fitness final: 25908
Melhor fitness possivel: 25569
Tempo de execução: 345
Melhor solução encontrada: 0 50 94 146 87 147 167 125 39 0 38 154 172 141 99 56 173 129 0 148 112 59 133 139 120 101 45 0 17 170 155 123 174 48 6 126 0 91 7 33 4 53 151 35 117 0 156 177 127 76 18 159 171 96 0 152 52 51 29 27 122 157 47 0 14 36 158 79 30 9 128 60 0 108 12 121 70 54 111 43 10 0 132 44 61 65 169 92 131 32 0 179 24 71 55 23 104 67 114 0 136 28 119 69 100 16 1 81 0 19 68 109 161 20 107 137 49 0 134 83 103 166 74 46 82 153 0 138 115 5 105 64 86 62 135 0 178 40 150 15 37 164 97 34 0 165 144 124 176 98 88 130 73 0 95 163 90 26 2 85 63 140 0 106 160 66 25 72 168 41 22 0 31 75 118 113 175 162 110 57 0 8 80 58 21 102 3 93 78 0 149 89 116 84 42 11 143 142 0 180 13 77 145 0 
Solução encontrada considerada boa
GAP de 1.32582
Numero maximo de geracoes sem evolucao: 1462
Solucão valida: Sim
====================================================================================================================


 ===================================================RESULTADOS=========================================================
Melhor fitness final: 25912
Melhor fitness possivel: 25569
Tempo de execução: 279
Melhor solução encontrada: 0 118 34 97 39 125 134 33 7 0 57 110 175 162 168 72 41 22 0 141 81 46 74 82 153 66 25 0 107 20 158 36 9 14 137 19 0 17 55 71 23 104 67 114 142 0 148 112 139 6 48 126 120 101 0 124 21 80 58 102 98 176 73 0 152 95 163 90 26 29 51 52 0 47 27 122 157 42 60 11 143 0 179 5 105 64 86 62 135 24 0 149 2 89 85 63 140 44 132 0 54 127 15 164 37 147 87 167 0 121 76 18 70 12 108 144 165 0 84 116 92 131 169 61 65 32 0 49 128 30 79 96 171 159 8 0 138 115 31 174 123 155 170 45 0 91 117 35 151 53 4 113 75 0 178 40 150 177 156 111 43 10 0 99 56 100 69 28 119 173 136 0 68 109 161 93 3 78 88 130 0 83 103 166 146 94 50 16 1 0 59 106 160 172 154 38 129 133 0 180 13 77 145 0 
Solução encontrada considerada boa
GAP de 1.34147
Numero maximo de geracoes sem evolucao: 552
Solucão valida: Sim
====================================================================================================================


 ===================================================RESULTADOS=========================================================
Melhor fitness final: 25899
Melhor fitness possivel: 25569
Tempo de execução: 266
Melhor solução encontrada: 0 23 70 76 18 159 171 96 158 0 161 14 36 30 79 9 128 60 0 130 102 21 58 80 8 124 144 0 52 157 122 27 29 95 51 152 0 138 115 31 174 123 155 170 45 0 43 111 54 121 12 108 165 104 0 127 15 164 37 147 87 167 39 0 44 61 65 169 89 85 63 140 0 55 71 135 5 105 179 24 17 0 11 42 84 116 92 131 32 132 0 168 72 25 66 91 162 175 110 0 114 67 73 176 98 109 68 19 0 156 177 40 150 97 34 118 113 0 1 16 50 146 94 69 28 136 0 38 99 56 100 119 173 129 133 0 22 41 81 141 172 154 160 106 0 148 112 59 139 6 126 120 101 0 83 125 103 166 74 46 82 153 0 142 143 47 163 90 26 2 149 0 49 137 107 20 3 93 78 88 0 48 57 75 178 10 64 86 62 0 7 33 134 4 53 151 35 117 0 145 77 13 180 0 
Solução encontrada considerada boa
GAP de 1.29063
Numero maximo de geracoes sem evolucao: 903
Solucão valida: Sim
====================================================================================================================


 ===================================================RESULTADOS=========================================================
Melhor fitness final: 25858
Melhor fitness possivel: 25569
Tempo de execução: 266
Melhor solução encontrada: 0 21 58 80 159 171 96 79 30 0 108 12 121 70 76 18 8 144 0 22 41 160 154 38 129 133 59 0 114 67 104 165 23 55 17 45 0 34 97 147 87 167 125 39 134 0 75 118 40 177 156 111 43 10 0 138 115 31 57 174 123 155 170 0 107 20 158 36 9 14 128 60 0 1 16 50 166 74 46 82 153 0 73 78 93 3 102 98 176 124 0 47 157 42 84 26 90 163 95 0 110 162 91 7 66 25 72 168 0 83 103 146 94 69 28 119 100 0 148 112 139 6 48 126 120 101 0 19 49 137 161 109 68 88 130 0 24 179 5 105 86 62 135 71 0 152 149 2 89 85 63 140 132 0 116 92 131 169 61 65 32 44 0 106 172 141 81 99 56 173 136 0 175 117 35 151 33 53 4 113 0 52 51 29 27 122 11 143 142 0 64 54 127 15 37 164 150 178 0 180 13 77 145 0 
Solução encontrada considerada boa
GAP de 1.13027
Numero maximo de geracoes sem evolucao: 1234
Solucão valida: Sim
====================================================================================================================


 ===================================================RESULTADOS=========================================================
Melhor fitness final: 26065
Melhor fitness possivel: 25569
Tempo de execução: 263
Melhor solução encontrada: 0 175 117 35 53 4 33 151 110 0 142 143 47 157 122 27 29 52 0 114 67 130 73 124 144 165 104 0 149 2 26 90 163 95 51 152 0 81 1 166 103 125 83 134 162 0 178 156 177 150 97 34 118 113 0 176 98 21 80 58 102 78 88 0 133 38 154 172 160 106 41 22 0 155 31 75 57 48 126 174 123 0 30 79 96 171 159 18 76 8 0 140 63 85 89 169 65 61 44 0 55 23 108 12 62 135 71 17 0 60 128 9 36 158 14 137 49 0 45 101 120 6 139 59 112 148 0 138 10 43 54 111 127 70 121 0 66 153 46 74 82 7 91 168 0 132 32 131 92 116 84 42 11 0 93 3 20 107 161 109 68 19 0 16 50 146 94 69 28 119 100 0 39 167 87 147 37 164 15 40 0 72 25 141 99 56 173 129 136 0 24 179 5 105 86 64 115 170 0 180 13 77 145 0 
Solução encontrada considerada boa
GAP de 1.93985
Numero maximo de geracoes sem evolucao: 1495
Solucão valida: Sim
====================================================================================================================


 ===================================================RESULTADOS=========================================================
Melhor fitness final: 26089
Melhor fitness possivel: 25569
Tempo de execução: 263
Melhor solução encontrada: 0 73 130 88 98 176 124 144 165 0 129 173 56 99 141 172 154 38 0 78 21 102 3 93 161 109 68 0 72 153 82 103 83 134 33 162 0 152 95 163 90 26 89 2 149 0 135 62 86 64 10 105 5 179 0 143 47 157 122 27 29 51 52 0 75 156 15 127 111 54 43 178 0 49 128 9 14 20 107 137 19 0 164 37 147 87 167 125 39 53 0 32 131 92 116 84 42 60 11 0 50 94 146 166 74 46 66 25 0 140 63 85 169 65 61 44 132 0 81 1 16 100 69 119 28 136 0 36 158 30 79 96 171 159 80 0 110 175 117 35 151 7 91 168 0 17 138 115 31 57 123 155 170 0 142 114 67 104 23 55 71 24 0 113 118 40 177 150 97 34 4 0 148 112 59 133 139 120 101 45 0 174 48 22 41 160 106 6 126 0 58 8 18 76 70 121 12 108 0 180 13 77 145 0 
Solução encontrada considerada boa
GAP de 2.03371
Numero maximo de geracoes sem evolucao: 1446
Solucão valida: Sim
====================================================================================================================


 ===================================================RESULTADOS=========================================================
Melhor fitness final: 25913
Melhor fitness possivel: 25569
Tempo de execução: 264
Melhor solução encontrada: 0 113 118 40 150 97 34 4 53 0 116 92 131 169 61 65 32 44 0 41 168 162 175 110 57 155 170 0 138 115 64 10 178 75 31 45 0 117 35 151 7 91 66 25 72 0 17 24 179 105 5 135 71 55 0 22 81 153 46 1 141 172 160 0 142 143 11 42 84 26 90 163 0 21 158 36 30 79 9 14 49 0 123 174 48 6 126 120 101 148 0 152 149 2 89 85 63 140 132 0 47 157 122 27 29 95 51 52 0 136 173 119 28 69 100 56 99 0 112 139 106 154 38 129 133 59 0 33 134 83 125 103 166 74 82 0 39 167 147 87 146 94 50 16 0 43 111 127 15 37 164 177 156 0 68 93 3 102 78 88 130 114 0 67 73 98 176 124 144 165 104 0 60 128 137 107 20 161 109 19 0 108 12 121 70 54 86 62 23 0 8 76 18 159 171 96 80 58 0 145 77 13 180 0 
Solução encontrada considerada boa
GAP de 1.34538
Numero maximo de geracoes sem evolucao: 677
Solucão valida: Sim
====================================================================================================================

