
 ===================================================RESULTADOS=========================================================
Melhor fitness final: 25990
Melhor fitness possivel: 25569
Tempo de execução: 252
Melhor solução encontrada: 0 91 7 33 134 39 53 35 117 0 23 62 86 64 10 178 115 138 0 42 84 116 92 131 169 65 32 0 99 56 100 94 69 28 119 173 0 152 52 51 95 163 90 26 149 0 120 126 48 6 139 59 133 180 0 22 168 162 110 175 113 75 31 0 19 68 109 161 78 88 130 67 0 160 172 141 81 66 25 72 41 0 47 27 29 122 157 11 143 0 102 3 93 20 107 137 128 60 0 145 13 77 136 129 38 154 106 0 17 24 179 105 5 135 71 55 0 151 83 103 166 74 46 82 153 0 132 44 61 140 63 85 89 2 0 49 14 9 36 158 80 58 21 0 125 167 147 87 146 50 16 1 0 8 76 18 159 171 96 79 30 0 104 165 108 12 121 70 144 114 0 148 112 101 174 123 155 170 45 0 43 111 156 177 97 34 4 57 0 118 40 150 164 37 15 127 54 0 142 73 98 176 124 0 
Solução encontrada considerada boa
GAP de 1.64653
Numero maximo de geracoes sem evolucao: 1108
Solucão valida: Sim
====================================================================================================================


 ===================================================RESULTADOS=========================================================
Melhor fitness final: 25849
Melhor fitness possivel: 25569
Tempo de execução: 234
Melhor solução encontrada: 0 30 79 96 171 159 18 76 70 0 153 82 46 74 166 50 16 1 0 32 65 131 92 169 61 44 132 0 17 24 179 105 5 135 71 55 0 130 88 78 102 21 58 80 8 0 99 56 100 94 69 28 119 173 0 52 51 90 26 2 89 85 149 0 47 157 122 27 29 163 95 152 0 10 43 111 54 121 12 108 104 0 136 129 141 81 172 154 38 133 0 19 68 109 161 107 20 3 93 0 140 63 116 84 42 11 143 142 0 106 160 168 162 175 110 41 22 0 146 167 87 147 37 164 15 127 0 33 134 83 103 125 39 4 53 0 114 67 73 98 176 124 144 165 0 113 118 34 97 150 40 177 156 0 23 62 86 64 178 75 57 48 0 72 25 66 91 7 151 35 117 0 60 128 9 36 158 14 137 49 0 45 170 155 123 174 31 115 138 0 101 120 126 6 139 59 112 148 0 145 77 13 180 0 
Solução encontrada considerada boa
GAP de 1.09508
Numero maximo de geracoes sem evolucao: 1018
Solucão valida: Sim
====================================================================================================================


 ===================================================RESULTADOS=========================================================
Melhor fitness final: 26111
Melhor fitness possivel: 25569
Tempo de execução: 245
Melhor solução encontrada: 0 161 107 20 93 3 102 78 88 0 113 4 53 33 151 35 117 162 0 19 68 109 137 128 60 49 11 0 70 76 18 159 171 96 79 30 0 71 24 179 105 5 135 23 55 0 104 165 144 124 176 98 130 73 0 83 103 125 167 87 147 39 134 0 127 15 37 164 97 34 175 110 0 99 100 69 94 146 166 50 16 0 129 56 119 28 173 136 77 13 0 81 1 46 74 82 153 7 91 0 32 131 92 169 65 61 44 132 0 123 174 48 6 126 120 101 148 0 17 138 115 31 75 57 155 170 0 38 154 172 141 66 25 72 168 0 14 9 36 158 80 58 8 21 0 163 90 26 2 89 85 63 149 0 10 111 156 177 150 40 118 178 0 59 133 106 160 41 22 139 112 0 152 95 51 52 47 143 67 114 0 140 116 84 42 157 122 27 29 0 62 86 64 43 54 121 12 108 0 145 180 45 142 0 
Solução encontrada considerada boa
GAP de 2.11975
Numero maximo de geracoes sem evolucao: 830
Solucão valida: Sim
====================================================================================================================


 ===================================================RESULTADOS=========================================================
Melhor fitness final: 25916
Melhor fitness possivel: 25569
Tempo de execução: 242
Melhor solução encontrada: 0 75 113 4 53 151 35 117 162 0 8 159 171 96 158 80 58 21 0 149 26 90 163 95 51 52 152 0 42 84 116 92 131 32 44 132 0 153 82 46 74 166 103 83 134 0 170 155 123 174 48 31 115 138 0 126 168 72 91 7 175 110 57 0 17 24 179 105 5 135 71 55 0 40 150 15 37 164 97 34 118 0 73 176 98 102 3 78 88 130 0 2 89 85 63 169 65 61 140 0 114 67 124 12 108 144 165 104 0 45 101 120 6 139 59 112 148 0 142 143 11 157 122 29 27 47 0 25 66 81 141 99 56 173 129 0 19 137 107 20 93 161 109 68 0 10 43 111 54 64 86 62 23 0 133 38 154 172 160 106 41 22 0 178 156 177 127 76 18 70 121 0 1 16 94 69 100 119 28 136 0 50 146 87 147 167 125 39 33 0 60 128 9 79 30 36 14 49 0 145 77 13 180 0 
Solução encontrada considerada boa
GAP de 1.35711
Numero maximo de geracoes sem evolucao: 537
Solucão valida: Sim
====================================================================================================================


 ===================================================RESULTADOS=========================================================
Melhor fitness final: 25806
Melhor fitness possivel: 25569
Tempo de execução: 293
Melhor solução encontrada: 0 17 71 24 179 138 115 31 155 0 133 136 129 141 81 66 25 168 0 55 135 5 105 64 86 62 23 0 132 44 32 65 61 140 149 152 0 156 127 15 164 37 147 87 167 0 153 82 46 74 83 134 7 91 0 120 6 22 41 160 106 139 112 0 47 157 42 84 116 92 131 169 0 8 76 18 159 171 96 158 36 0 67 73 98 176 124 144 165 104 0 45 170 123 174 48 126 101 148 0 52 51 29 27 122 11 143 142 0 99 56 100 94 69 28 119 173 0 130 88 78 102 3 93 109 68 0 114 21 80 58 20 107 161 19 0 175 117 35 151 33 53 4 113 0 63 85 89 2 26 90 163 95 0 75 118 34 97 150 177 40 178 0 108 12 121 70 54 111 43 10 0 60 128 79 30 9 14 137 49 0 59 38 154 172 72 162 110 57 0 39 125 103 166 146 50 16 1 0 180 13 77 145 0 
Solução encontrada considerada boa
GAP de 0.926904
Numero maximo de geracoes sem evolucao: 157
Solucão valida: Sim
====================================================================================================================


 ===================================================RESULTADOS=========================================================
Melhor fitness final: 25840
Melhor fitness possivel: 25569
Tempo de execução: 249
Melhor solução encontrada: 0 140 63 85 89 169 61 44 132 0 133 129 38 154 172 160 106 22 0 104 165 144 124 176 73 67 114 0 30 79 96 171 159 18 76 8 0 19 161 20 107 137 128 60 49 0 23 62 86 64 10 178 75 57 0 81 46 74 82 153 66 25 72 0 41 168 91 7 151 117 175 110 0 45 170 155 138 115 123 101 148 0 113 118 34 97 4 53 35 162 0 52 29 27 122 157 47 143 142 0 149 2 26 90 163 95 51 152 0 156 127 15 37 164 150 177 40 0 17 24 179 105 5 135 71 55 0 32 65 131 92 116 84 42 11 0 141 1 16 50 94 146 166 103 0 14 9 36 158 80 58 21 98 0 130 88 78 102 3 93 109 68 0 112 59 139 120 126 6 48 174 0 33 134 39 147 87 167 125 83 0 99 56 100 69 28 119 173 136 0 31 43 111 54 70 121 12 108 0 145 77 13 180 0 
Solução encontrada considerada boa
GAP de 1.05988
Numero maximo de geracoes sem evolucao: 590
Solucão valida: Sim
====================================================================================================================


 ===================================================RESULTADOS=========================================================
Melhor fitness final: 26049
Melhor fitness possivel: 25569
Tempo de execução: 285
Melhor solução encontrada: 0 33 134 39 125 103 83 7 91 0 149 2 89 84 116 92 131 32 0 178 40 150 177 156 111 43 10 0 148 112 59 139 6 126 120 101 0 93 3 20 107 137 128 60 47 0 155 31 57 110 162 72 168 123 0 75 113 4 53 151 35 117 175 0 54 127 15 37 164 97 34 118 0 51 29 42 157 122 27 52 0 12 70 18 76 121 86 64 62 0 14 36 158 80 58 21 102 78 0 142 19 68 109 161 49 11 143 0 172 154 38 129 136 77 13 145 0 108 8 159 171 96 79 30 9 0 173 119 28 69 100 56 99 141 0 25 66 153 82 74 46 1 81 0 180 133 106 160 41 22 48 174 0 132 44 61 65 169 85 63 140 0 45 170 138 115 105 5 135 179 0 16 50 94 146 87 147 167 166 0 17 24 71 55 23 104 67 114 0 165 144 124 176 98 88 130 73 0 152 95 26 90 163 0 
Solução encontrada considerada boa
GAP de 1.87727
Numero maximo de geracoes sem evolucao: 190
Solucão valida: Sim
====================================================================================================================


 ===================================================RESULTADOS=========================================================
Melhor fitness final: 25960
Melhor fitness possivel: 25569
Tempo de execução: 284
Melhor solução encontrada: 0 152 51 95 163 90 26 2 149 0 145 13 77 136 129 133 59 180 0 10 43 54 111 156 178 75 57 0 38 173 56 99 81 141 172 154 0 44 61 65 169 116 84 42 157 0 137 14 9 36 158 20 107 161 0 143 11 60 128 49 19 142 0 148 101 126 48 174 123 170 45 0 17 55 71 24 138 115 31 155 0 120 6 22 41 160 106 139 112 0 168 72 25 66 91 162 175 110 0 117 35 151 33 82 74 46 153 0 4 34 97 150 177 40 118 113 0 124 8 18 76 70 121 12 108 0 114 67 73 98 176 144 165 104 0 68 109 93 3 102 78 88 130 0 140 63 85 89 92 131 32 132 0 1 16 50 94 69 28 119 100 0 127 15 164 37 147 87 167 146 0 21 58 80 159 171 96 79 30 0 179 5 105 64 86 62 135 23 0 7 134 83 166 103 125 39 53 0 52 29 122 27 47 0 
Solução encontrada considerada boa
GAP de 1.5292
Numero maximo de geracoes sem evolucao: 916
Solucão valida: Sim
====================================================================================================================


 ===================================================RESULTADOS=========================================================
Melhor fitness final: 25834
Melhor fitness possivel: 25569
Tempo de execução: 272
Melhor solução encontrada: 0 142 143 11 42 84 122 157 47 0 52 27 29 26 90 163 95 51 0 60 128 9 79 30 36 14 49 0 19 137 107 3 93 161 109 68 0 82 166 146 167 87 147 37 164 0 59 106 160 41 22 6 139 112 0 168 91 151 35 117 175 110 57 0 153 46 74 103 125 39 83 134 0 55 71 135 5 105 179 24 17 0 114 67 130 73 124 144 165 104 0 13 77 136 173 28 119 56 129 0 176 98 21 80 58 102 78 88 0 75 118 40 177 150 15 127 156 0 8 76 18 159 171 96 158 20 0 101 120 126 48 174 123 155 170 0 162 7 33 53 4 97 34 113 0 133 38 154 172 141 66 25 72 0 44 32 65 61 169 131 92 116 0 23 62 86 64 10 31 115 138 0 178 43 111 54 70 121 12 108 0 152 149 2 89 85 63 140 132 0 99 100 69 94 50 16 1 81 0 45 148 180 145 0 
Solução encontrada considerada boa
GAP de 1.03641
Numero maximo de geracoes sem evolucao: 176
Solucão valida: Sim
====================================================================================================================


 ===================================================RESULTADOS=========================================================
Melhor fitness final: 25798
Melhor fitness possivel: 25569
Tempo de execução: 261
Melhor solução encontrada: 0 60 128 137 107 20 161 109 19 0 52 51 29 27 122 157 47 143 0 30 79 96 171 159 18 76 8 0 49 14 9 36 158 80 58 21 0 59 139 22 41 48 6 126 120 0 152 95 163 90 26 89 2 149 0 75 113 4 53 33 151 35 117 0 106 160 172 154 38 129 136 133 0 127 15 37 164 39 83 134 7 0 132 44 61 65 169 85 63 140 0 104 165 144 124 176 98 73 114 0 108 12 121 70 54 111 43 10 0 32 131 92 116 84 42 11 142 0 168 72 25 66 91 162 175 110 0 153 82 46 74 166 16 1 81 0 17 71 24 179 138 115 31 57 0 178 156 177 40 150 97 34 118 0 67 130 88 78 102 3 93 68 0 148 112 101 174 123 155 170 45 0 141 99 56 100 69 28 119 173 0 103 125 167 147 87 146 94 50 0 55 135 5 105 64 86 62 23 0 145 77 13 180 0 
Solução encontrada considerada boa
GAP de 0.895616
Numero maximo de geracoes sem evolucao: 136
Solucão valida: Sim
====================================================================================================================

