
 ===================================================RESULTADOS=========================================================
Melhor fitness final: 25911
Melhor fitness possivel: 25569
Tempo de execução: 154
Melhor solução encontrada: 0 135 62 121 76 18 70 12 108 0 170 155 31 75 178 10 115 138 0 145 13 77 136 129 38 154 59 0 5 86 54 111 43 64 105 179 0 166 146 94 69 100 119 28 173 0 180 133 106 160 41 22 139 112 0 153 82 46 74 50 16 1 81 0 149 169 131 92 116 84 42 157 0 90 26 2 89 85 63 140 0 168 72 25 66 141 99 56 172 0 123 174 48 6 126 120 101 148 0 156 177 40 150 97 34 118 113 0 8 159 171 96 80 58 21 102 0 91 7 151 35 117 175 110 57 0 52 27 122 29 163 95 51 152 0 68 109 161 107 3 93 78 88 0 127 15 164 37 147 87 167 125 0 20 36 158 79 30 9 14 137 0 162 33 134 83 103 39 4 53 0 47 143 11 60 128 49 19 142 0 45 17 24 71 55 23 104 114 0 165 144 124 176 98 130 73 67 0 32 65 61 44 132 0 
Solução encontrada considerada boa
GAP de 1.33756
Numero maximo de geracoes sem evolucao: 439
Solucão valida: Sim
====================================================================================================================


 ===================================================RESULTADOS=========================================================
Melhor fitness final: 25878
Melhor fitness possivel: 25569
Tempo de execução: 153
Melhor solução encontrada: 0 17 138 115 31 57 155 170 45 0 107 20 36 30 79 9 14 137 0 114 67 73 98 176 144 165 104 0 148 112 120 139 59 133 13 180 0 124 8 18 76 70 121 12 108 0 140 63 85 89 2 26 90 0 173 119 28 69 94 100 56 99 0 7 33 134 83 74 46 82 153 0 88 78 102 3 93 161 109 68 0 156 177 40 150 97 34 118 75 0 130 21 58 80 159 171 96 158 0 1 16 50 146 166 103 39 113 0 149 169 131 92 116 84 42 157 0 168 91 151 53 4 35 117 175 0 127 15 164 37 147 87 167 125 0 106 160 154 38 129 136 77 145 0 110 162 72 25 66 81 141 172 0 71 135 64 54 111 43 178 10 0 123 174 48 41 22 6 126 101 0 24 179 5 105 86 62 23 55 0 152 51 95 163 29 122 27 52 0 142 19 49 128 60 11 143 47 0 32 65 61 44 132 0 
Solução encontrada considerada boa
GAP de 1.20849
Numero maximo de geracoes sem evolucao: 189
Solucão valida: Sim
====================================================================================================================


 ===================================================RESULTADOS=========================================================
Melhor fitness final: 25884
Melhor fitness possivel: 25569
Tempo de execução: 168
Melhor solução encontrada: 0 23 62 64 86 121 12 108 104 0 142 143 11 42 84 116 92 131 0 132 44 32 65 169 61 140 149 0 165 144 124 176 98 73 67 114 0 49 9 30 79 96 158 36 14 0 117 35 151 53 134 33 7 91 0 68 93 3 102 21 78 88 130 0 173 119 28 69 94 100 56 99 0 101 120 126 48 174 123 155 170 0 60 128 137 107 20 161 109 19 0 110 175 162 25 66 81 141 172 0 8 58 80 171 159 18 76 70 0 152 52 51 29 27 122 157 47 0 6 22 41 160 106 139 112 148 0 31 57 75 178 10 105 5 135 0 17 55 71 24 179 115 138 45 0 113 118 40 150 177 156 111 43 0 168 72 154 38 129 136 133 59 0 63 85 89 2 26 90 163 95 0 1 16 50 166 74 46 82 153 0 39 125 167 147 87 146 103 83 0 4 34 97 164 37 15 127 54 0 145 77 13 180 0 
Solução encontrada considerada boa
GAP de 1.23196
Numero maximo de geracoes sem evolucao: 798
Solucão valida: Sim
====================================================================================================================


 ===================================================RESULTADOS=========================================================
Melhor fitness final: 25767
Melhor fitness possivel: 25569
Tempo de execução: 155
Melhor solução encontrada: 0 21 8 18 76 70 121 12 108 0 49 137 14 158 36 9 128 60 0 148 112 139 6 48 126 120 101 0 132 44 32 65 61 85 63 140 0 45 170 155 123 174 31 115 138 0 117 35 53 4 134 33 151 7 0 167 87 147 37 164 15 127 54 0 81 166 146 94 50 16 1 141 0 168 162 91 66 25 72 41 22 0 153 82 46 74 103 125 39 83 0 124 176 98 78 88 130 73 67 0 93 3 20 107 161 109 68 19 0 10 43 111 156 177 150 40 178 0 179 5 105 64 86 62 135 24 0 30 79 96 171 159 80 58 102 0 47 27 29 122 157 11 143 142 0 59 106 160 172 154 38 129 133 0 42 84 116 92 131 169 89 2 0 75 113 118 97 34 175 110 57 0 152 52 51 95 163 90 26 149 0 99 56 100 69 28 119 173 136 0 17 55 71 23 144 165 104 114 0 145 77 13 180 0 
Solução encontrada considerada boa
GAP de 0.774375
Numero maximo de geracoes sem evolucao: 353
Solucão valida: Sim
====================================================================================================================


 ===================================================RESULTADOS=========================================================
Melhor fitness final: 26000
Melhor fitness possivel: 25569
Tempo de execução: 160
Melhor solução encontrada: 0 58 80 96 171 159 18 76 70 0 56 99 16 100 69 28 119 173 0 166 50 94 146 87 147 167 39 0 138 115 179 24 71 55 23 104 0 135 5 105 86 64 10 178 31 0 143 47 122 27 29 51 52 152 0 60 128 9 30 79 158 36 14 0 141 1 46 74 82 153 81 66 0 131 92 116 84 42 157 11 142 0 130 88 78 93 3 102 21 8 0 13 77 136 129 172 25 72 168 0 133 38 154 160 106 41 22 48 0 132 44 32 65 169 61 140 149 0 148 112 101 174 123 155 170 0 49 137 107 20 161 109 68 19 0 63 85 89 2 26 90 163 95 0 145 180 59 139 6 126 120 45 0 57 110 175 4 53 35 117 162 0 75 118 40 150 177 156 111 43 0 54 127 15 37 164 97 34 113 0 91 7 83 103 125 134 33 151 0 165 144 124 176 98 73 67 114 0 108 12 121 62 17 0 
Solução encontrada considerada boa
GAP de 1.68563
Numero maximo de geracoes sem evolucao: 495
Solucão valida: Sim
====================================================================================================================


 ===================================================RESULTADOS=========================================================
Melhor fitness final: 25945
Melhor fitness possivel: 25569
Tempo de execução: 160
Melhor solução encontrada: 0 116 92 131 169 61 65 32 44 0 30 79 96 171 159 80 58 21 0 174 48 168 162 110 57 31 155 0 145 13 77 136 133 59 112 148 0 99 56 100 94 69 28 119 173 0 81 1 16 50 146 166 74 46 0 127 15 164 37 147 87 167 39 0 180 129 38 154 172 141 66 25 0 137 107 20 158 36 9 14 128 0 132 140 63 85 89 2 149 152 0 41 72 91 151 35 117 175 123 0 143 11 60 49 19 67 114 0 126 6 22 160 106 139 120 101 0 51 95 163 90 29 122 27 52 0 23 62 86 64 105 5 135 55 0 17 71 24 179 115 138 170 45 0 10 43 54 111 156 118 113 75 0 88 78 102 3 93 161 109 68 0 53 4 34 97 150 177 40 178 0 7 33 134 83 125 103 82 153 0 104 165 144 124 176 98 130 142 0 73 8 18 76 70 121 12 108 0 26 84 42 157 47 0 
Solução encontrada considerada boa
GAP de 1.47053
Numero maximo de geracoes sem evolucao: 789
Solucão valida: Sim
====================================================================================================================


 ===================================================RESULTADOS=========================================================
Melhor fitness final: 25780
Melhor fitness possivel: 25569
Tempo de execução: 156
Melhor solução encontrada: 0 17 24 179 105 5 135 71 55 0 39 125 167 87 147 37 164 15 0 170 155 123 174 48 6 126 101 0 33 134 83 74 46 82 153 66 0 152 149 140 61 65 32 44 132 0 118 40 177 150 97 34 4 53 0 81 1 16 50 94 146 166 103 0 114 67 124 12 108 144 165 104 0 130 88 20 107 161 109 68 19 0 60 128 9 36 158 14 137 49 0 173 119 28 69 100 56 99 141 0 73 176 98 21 102 3 93 78 0 168 72 25 91 7 151 35 117 0 52 51 29 27 122 157 47 143 0 8 58 80 159 171 96 79 30 0 115 10 43 111 54 64 86 62 0 178 156 127 76 18 70 121 23 0 138 31 75 113 175 162 110 57 0 13 77 136 129 172 154 38 133 0 95 163 90 26 2 89 85 63 0 142 11 42 84 116 92 131 169 0 59 106 160 41 22 139 120 112 0 145 180 148 45 0 
Solução encontrada considerada boa
GAP de 0.825218
Numero maximo de geracoes sem evolucao: 1352
Solucão valida: Sim
====================================================================================================================


 ===================================================RESULTADOS=========================================================
Melhor fitness final: 25965
Melhor fitness possivel: 25569
Tempo de execução: 159
Melhor solução encontrada: 0 162 74 166 146 94 50 16 1 0 20 36 158 96 79 30 9 14 0 108 12 121 70 124 144 165 104 0 133 173 119 28 69 100 56 99 0 132 140 63 85 89 2 149 152 0 31 75 113 118 97 34 175 110 0 8 76 18 159 171 80 58 21 0 143 11 19 49 137 128 60 47 0 114 67 73 176 98 88 130 142 0 117 35 151 53 4 33 7 91 0 145 180 59 139 120 101 112 148 0 10 43 111 156 177 150 40 178 0 68 109 161 107 93 3 102 78 0 106 160 154 38 129 136 77 13 0 54 127 15 164 37 147 87 167 0 95 163 90 29 122 27 51 0 55 135 5 105 64 86 62 23 0 17 71 24 179 115 138 155 170 0 134 83 39 125 103 82 46 153 0 172 141 81 66 25 72 168 57 0 44 61 65 169 84 42 157 52 0 45 123 174 48 41 22 6 126 0 32 131 92 116 26 0 
Solução encontrada considerada boa
GAP de 1.54875
Numero maximo de geracoes sem evolucao: 1044
Solucão valida: Sim
====================================================================================================================


 ===================================================RESULTADOS=========================================================
Melhor fitness final: 25910
Melhor fitness possivel: 25569
Tempo de execução: 156
Melhor solução encontrada: 0 9 30 79 96 171 159 80 58 0 56 99 16 100 69 28 119 173 0 46 74 166 146 94 50 1 81 0 32 131 92 116 84 89 2 149 0 178 40 177 150 97 34 4 53 0 168 72 25 66 141 172 160 106 0 152 95 163 90 26 29 51 52 0 140 63 85 169 65 61 44 132 0 127 15 164 37 147 87 167 39 0 75 113 118 156 111 54 43 10 0 59 133 154 38 129 136 77 13 0 17 55 71 23 165 104 67 114 0 47 27 122 157 42 60 128 49 0 112 139 6 22 41 31 115 138 0 144 124 176 98 73 130 11 143 0 142 68 109 93 3 102 78 88 0 101 120 126 48 174 123 155 170 0 21 8 18 76 70 121 12 108 0 7 33 134 83 125 103 82 153 0 24 135 62 86 64 105 5 179 0 162 91 151 35 117 175 110 57 0 161 107 20 158 36 14 137 19 0 45 148 180 145 0 
Solução encontrada considerada boa
GAP de 1.33365
Numero maximo de geracoes sem evolucao: 252
Solucão valida: Sim
====================================================================================================================


 ===================================================RESULTADOS=========================================================
Melhor fitness final: 25900
Melhor fitness possivel: 25569
Tempo de execução: 155
Melhor solução encontrada: 0 24 64 43 54 121 12 108 104 0 107 20 158 96 159 171 79 60 0 136 129 38 154 160 106 41 22 0 152 51 95 163 90 26 2 149 0 114 67 73 98 176 124 144 165 0 127 15 164 37 147 87 167 39 0 110 162 91 7 66 25 72 168 0 19 137 14 36 30 9 128 49 0 148 112 59 133 139 120 101 45 0 50 94 146 166 103 125 83 134 0 11 42 84 89 85 63 140 132 0 138 115 31 57 75 178 10 179 0 70 76 18 8 80 58 21 130 0 52 29 27 122 157 47 143 142 0 118 34 97 150 40 177 156 111 0 116 92 131 169 61 65 32 44 0 141 1 16 74 46 82 153 81 0 55 23 62 86 105 5 135 71 0 113 4 53 33 151 35 117 175 0 68 109 161 93 3 102 78 88 0 172 99 56 100 69 28 119 173 0 126 6 48 174 123 155 170 17 0 180 13 77 145 0 
Solução encontrada considerada boa
GAP de 1.29454
Numero maximo de geracoes sem evolucao: 1312
Solucão valida: Sim
====================================================================================================================

