2.31
 ===================================================RESULTADOS=========================================================
Melhor fitness final: 1073
Melhor fitness possivel: 1053
Tempo de execução: 200
Melhor solução encontrada: 0 40 73 74 133 22 41 145 15 43 38 140 44 119 14 142 42 137 0 147 118 60 83 125 45 46 8 114 18 89 0 5 84 17 113 86 141 16 61 112 0 13 117 95 97 87 144 57 115 2 58 105 53 0 94 59 92 98 37 100 91 85 93 99 104 96 6 0 27 69 101 70 30 131 32 90 63 126 11 107 19 123 7 106 0 149 54 130 55 25 134 24 29 121 68 80 150 109 12 0 132 1 122 51 103 66 20 128 108 10 31 127 146 0 26 110 4 139 39 67 23 56 75 72 21 0 52 82 48 124 47 36 143 49 64 62 148 88 0 79 129 78 34 135 35 136 65 71 9 120 81 33 0 28 138 76 116 77 3 102 50 111 0 
Solução encontrada considerada boa
GAP de 1.89934
Numero maximo de geracoes sem evolucao: 3562
Solucão valida: Sim
====================================================================================================================


 ===================================================RESULTADOS=========================================================
Melhor fitness final: 1072
Melhor fitness possivel: 1053
Tempo de execução: 200
Melhor solução encontrada: 0 84 17 113 86 140 38 14 97 95 94 112 0 13 117 92 91 119 44 141 16 61 5 118 60 18 0 111 50 102 33 81 34 78 129 79 3 77 116 76 0 28 12 80 150 68 121 29 24 134 130 54 109 138 0 27 31 10 108 63 64 49 143 36 19 123 7 146 0 21 73 75 56 23 67 39 139 25 55 4 110 149 0 52 106 82 48 47 124 46 45 125 8 114 83 0 89 147 6 96 104 99 93 85 100 37 98 59 0 1 51 103 9 120 135 35 136 65 71 66 20 122 132 0 72 74 133 22 41 145 115 2 144 57 15 43 142 42 87 137 0 127 88 148 62 107 11 126 90 32 131 128 30 70 101 69 0 58 40 26 105 53 0 
Solução encontrada considerada boa
GAP de 1.80437
Numero maximo de geracoes sem evolucao: 3925
Solucão valida: Sim
====================================================================================================================


 ===================================================RESULTADOS=========================================================
Melhor fitness final: 1099
Melhor fitness possivel: 1053
Tempo de execução: 200
Melhor solução encontrada: 0 27 127 88 148 62 108 10 31 69 132 111 0 112 94 95 97 92 59 99 104 96 6 147 89 0 18 83 114 8 125 45 17 113 84 5 118 60 0 55 25 67 23 41 145 15 43 38 140 44 119 14 142 42 137 0 28 12 80 150 68 121 29 24 134 130 54 109 138 0 82 124 46 36 143 49 64 107 11 126 63 90 32 131 30 70 101 0 1 122 20 128 66 71 65 136 35 135 34 78 129 79 76 0 93 85 61 16 86 141 91 100 98 37 117 0 116 77 3 33 81 120 9 103 51 102 50 0 40 21 73 72 74 22 133 75 56 39 139 4 110 0 53 58 13 87 144 57 115 2 149 26 105 0 106 48 47 19 123 7 52 146 0 
Solução encontrada considerada boa
GAP de 4.36847
Numero maximo de geracoes sem evolucao: 2622
Solucão valida: Sim
====================================================================================================================


 ===================================================RESULTADOS=========================================================
Melhor fitness final: 1075
Melhor fitness possivel: 1053
Tempo de execução: 200
Melhor solução encontrada: 0 87 144 57 2 115 145 41 22 133 74 72 21 40 105 0 96 99 104 93 85 141 91 100 37 98 92 59 0 27 127 123 19 107 11 64 49 143 36 47 124 46 83 0 89 61 16 86 140 38 44 119 14 142 43 15 42 97 117 0 148 62 10 108 126 63 90 32 131 128 20 30 122 70 101 69 0 28 150 80 68 121 29 24 134 130 54 109 12 138 0 18 114 8 125 45 17 113 84 5 118 60 0 26 149 110 4 55 25 139 39 67 23 56 75 73 0 76 116 77 3 79 129 78 34 120 81 33 102 0 112 147 6 94 95 13 137 58 53 0 111 50 9 135 35 136 65 71 66 103 51 1 132 0 31 88 7 48 82 106 52 146 0 
Solução encontrada considerada boa
GAP de 2.08927
Numero maximo de geracoes sem evolucao: 3744
Solucão valida: Sim
====================================================================================================================


 ===================================================RESULTADOS=========================================================
Melhor fitness final: 1056
Melhor fitness possivel: 1053
Tempo de execução: 200
Melhor solução encontrada: 0 48 124 46 47 36 143 49 64 11 107 19 123 7 0 5 118 60 83 125 45 8 114 82 106 18 0 53 94 59 92 98 37 100 91 85 93 99 104 96 0 111 76 77 3 121 29 24 134 150 80 68 116 28 0 138 12 109 54 130 55 25 67 23 75 72 21 0 40 73 74 22 133 56 39 139 4 110 149 26 105 0 127 31 10 108 131 32 90 63 126 62 148 88 52 146 0 13 117 95 97 87 144 57 42 142 43 15 41 145 115 2 137 58 0 69 101 70 30 122 51 103 9 120 81 33 102 50 0 27 132 1 20 128 66 71 65 136 35 135 34 78 129 79 0 84 17 113 86 140 38 14 119 44 141 16 61 6 0 89 147 112 0 
Solução encontrada considerada boa
GAP de 0.2849
Numero maximo de geracoes sem evolucao: 4790
Solucão valida: Sim
====================================================================================================================


 ===================================================RESULTADOS=========================================================
Melhor fitness final: 1079
Melhor fitness possivel: 1053
Tempo de execução: 200
Melhor solução encontrada: 0 83 114 125 45 17 113 84 5 118 60 0 13 117 97 100 91 141 44 119 14 142 42 144 87 137 0 146 52 106 7 48 47 124 82 18 89 112 0 94 95 92 37 98 85 93 99 104 96 6 147 0 111 102 9 120 34 78 129 79 3 77 116 76 0 27 69 1 51 103 66 71 65 136 35 135 81 33 50 0 8 46 36 143 49 64 11 107 19 123 62 148 88 127 0 59 61 16 86 140 38 43 15 57 41 145 115 2 58 0 31 10 108 126 63 90 32 131 128 20 30 122 70 101 132 0 138 109 54 130 134 24 29 121 68 80 150 12 28 0 26 149 55 25 139 39 67 23 56 4 110 105 0 21 72 75 133 22 74 73 40 53 0 
Solução encontrada considerada boa
GAP de 2.46914
Numero maximo de geracoes sem evolucao: 3621
Solucão valida: Sim
====================================================================================================================


 ===================================================RESULTADOS=========================================================
Melhor fitness final: 1069
Melhor fitness possivel: 1053
Tempo de execução: 200
Melhor solução encontrada: 0 5 84 17 113 86 140 38 14 142 43 15 42 137 58 0 53 40 73 74 75 23 67 39 139 56 72 21 0 27 69 101 70 30 20 128 66 71 65 136 35 135 34 78 76 0 48 124 46 47 36 143 49 64 11 107 19 123 7 0 28 116 77 3 79 129 121 29 24 134 109 12 138 0 13 117 37 100 91 119 44 141 16 61 85 98 92 0 111 50 102 33 81 120 9 103 51 122 1 132 0 89 118 60 83 125 45 8 114 82 106 18 0 127 31 10 108 131 32 90 63 126 62 148 88 52 146 0 68 150 80 54 130 55 25 4 110 149 26 105 0 112 95 97 87 144 57 145 41 133 22 115 2 0 94 59 93 104 99 96 6 147 0 
Solução encontrada considerada boa
GAP de 1.51947
Numero maximo de geracoes sem evolucao: 4107
Solucão valida: Sim
====================================================================================================================


 ===================================================RESULTADOS=========================================================
Melhor fitness final: 1091
Melhor fitness possivel: 1053
Tempo de execução: 200
Melhor solução encontrada: 0 96 104 99 98 91 16 86 113 17 84 5 118 60 0 111 76 116 77 3 79 129 68 150 80 12 28 0 138 109 134 24 29 121 78 34 120 81 33 102 50 0 70 131 32 90 63 126 11 107 19 47 124 48 82 0 1 122 30 20 128 66 65 136 35 135 71 103 9 51 0 2 115 145 41 22 133 56 39 139 4 110 72 21 0 13 117 95 97 42 142 14 140 38 43 15 57 144 87 137 0 18 83 114 8 125 45 46 36 143 49 64 123 7 106 52 0 146 127 31 88 148 62 10 108 101 69 132 27 0 112 89 147 6 94 58 40 105 53 0 59 93 85 61 141 44 119 100 37 92 0 26 149 54 130 55 25 67 23 75 74 73 0 
Solução encontrada considerada boa
GAP de 3.60874
Numero maximo de geracoes sem evolucao: 1653
Solucão valida: Sim
====================================================================================================================


 ===================================================RESULTADOS=========================================================
Melhor fitness final: 1078
Melhor fitness possivel: 1053
Tempo de execução: 200
Melhor solução encontrada: 0 132 1 101 70 30 131 32 90 63 126 108 10 62 148 88 0 51 103 9 120 135 35 136 65 71 66 128 20 122 69 0 99 104 93 85 16 86 140 38 43 15 115 2 137 0 109 54 134 24 29 121 68 150 80 12 138 28 0 87 144 57 145 41 22 133 75 56 39 139 4 110 0 117 97 42 142 14 119 44 141 91 100 37 98 92 59 96 0 111 50 102 33 81 34 78 129 79 3 77 116 76 0 105 40 21 73 72 74 23 67 25 55 130 149 26 0 83 114 8 125 45 17 113 61 84 5 118 60 0 53 58 13 95 94 6 147 89 112 0 48 124 46 47 36 143 49 64 11 107 19 123 7 0 27 127 31 106 82 18 52 146 0 
Solução encontrada considerada boa
GAP de 2.37417
Numero maximo de geracoes sem evolucao: 5786
Solucão valida: Sim
====================================================================================================================


 ===================================================RESULTADOS=========================================================
Melhor fitness final: 1081
Melhor fitness possivel: 1053
Tempo de execução: 200
Melhor solução encontrada: 0 69 101 70 30 128 131 32 90 63 126 108 10 62 148 127 0 111 50 102 33 81 34 78 129 79 3 77 116 76 0 137 2 115 144 57 145 41 15 43 38 140 86 113 16 61 6 0 147 96 99 104 93 85 98 37 59 94 0 132 122 20 66 71 65 136 35 135 120 9 103 51 1 0 60 83 8 46 124 47 36 143 49 64 11 107 19 123 7 146 0 53 40 21 72 23 67 25 55 130 54 149 26 0 109 134 24 29 121 68 80 150 12 138 28 0 13 117 97 87 42 142 14 119 44 141 91 100 92 95 0 105 110 4 139 39 56 75 133 22 74 73 58 0 118 5 84 17 45 125 114 18 89 112 0 52 106 82 48 88 31 27 0 
Solução encontrada considerada boa
GAP de 2.65907
Numero maximo de geracoes sem evolucao: 2842
Solucão valida: Sim
====================================================================================================================

