1.32
 ===================================================RESULTADOS=========================================================
Melhor fitness final: 1369
Melhor fitness possivel: 1373
Tempo de execução: 200
Melhor solução encontrada: 0 73 197 56 186 23 67 39 139 187 170 25 55 165 0 148 11 175 107 19 123 168 47 124 48 82 0 12 177 150 80 68 121 29 24 163 134 130 54 109 0 118 5 84 173 61 16 141 191 44 119 192 37 0 184 76 196 116 77 158 3 157 102 50 111 0 176 1 30 70 101 162 31 190 127 167 27 0 53 2 178 57 15 43 14 142 42 172 144 87 137 13 0 185 79 129 169 78 34 164 135 9 120 81 33 0 117 97 38 140 86 113 17 45 125 174 8 114 0 69 122 128 20 188 66 65 136 35 71 161 103 51 0 59 151 92 98 100 193 91 85 93 104 99 96 0 156 112 95 94 183 6 89 166 18 153 52 146 0 58 152 115 145 41 22 133 75 74 171 72 40 0 147 60 83 199 46 36 143 49 64 181 32 131 160 132 0 105 180 21 198 110 155 4 179 195 149 26 0 106 194 7 182 62 159 126 63 90 108 10 189 88 0 28 154 138 0 
Solução encontrada considerada ruim
GAP de -0.291333
Numero maximo de geracoes sem evolucao: 702
Solucão valida: Sim
====================================================================================================================


 ===================================================RESULTADOS=========================================================
Melhor fitness final: 1393
Melhor fitness possivel: 1373
Tempo de execução: 200
Melhor solução encontrada: 0 88 62 159 11 107 175 64 181 63 126 108 189 101 0 134 163 24 29 121 169 34 164 135 35 136 65 71 103 0 73 171 75 23 39 187 139 4 155 110 0 147 6 183 94 95 92 151 97 117 13 112 0 82 48 124 168 47 36 143 49 19 123 7 52 146 0 76 185 79 129 78 120 9 81 33 157 102 50 0 16 141 44 119 192 14 142 42 172 144 178 2 137 0 10 90 32 131 160 128 20 188 66 161 51 0 87 57 15 43 38 140 86 113 17 45 199 83 166 89 0 179 54 130 165 55 25 170 67 186 56 197 198 180 0 156 58 152 115 145 41 22 133 74 72 21 40 53 0 111 176 132 69 162 31 190 127 167 27 0 184 196 116 77 3 158 68 80 150 177 0 59 98 37 100 193 91 191 85 93 99 104 96 0 105 26 149 195 109 12 138 154 28 0 60 118 5 61 173 84 125 46 174 8 114 18 0 153 106 194 182 148 70 30 122 1 0 
Solução encontrada considerada boa
GAP de 1.45666
Numero maximo de geracoes sem evolucao: 221
Solucão valida: Sim
====================================================================================================================


 ===================================================RESULTADOS=========================================================
Melhor fitness final: 1392
Melhor fitness possivel: 1373
Tempo de execução: 200
Melhor solução encontrada: 0 122 20 188 128 160 131 32 181 64 49 143 36 46 0 61 16 141 191 44 119 192 14 142 42 172 57 144 53 0 28 184 116 68 150 80 177 109 12 138 154 0 137 87 2 178 115 145 41 15 43 38 140 86 113 17 173 0 22 133 75 23 67 186 56 197 72 105 0 69 101 70 30 108 189 10 159 62 88 190 127 0 83 199 125 45 174 8 114 82 7 182 148 52 146 0 48 124 47 168 123 19 107 175 11 126 63 90 162 0 195 54 130 165 55 25 170 39 187 139 155 4 110 0 132 176 1 51 103 9 120 164 78 169 3 196 0 58 152 40 180 21 73 171 74 198 179 149 26 0 134 163 24 29 121 34 135 35 136 65 66 71 161 0 156 112 13 95 96 94 183 6 147 89 0 111 50 102 157 33 81 185 79 129 158 77 76 0 99 104 59 93 85 91 193 100 98 37 151 92 97 117 0 166 60 118 5 84 18 153 106 194 31 167 0 27 0 
Solução encontrada considerada boa
GAP de 1.38383
Numero maximo de geracoes sem evolucao: 1878
Solucão valida: Sim
====================================================================================================================


 ===================================================RESULTADOS=========================================================
Melhor fitness final: 1386
Melhor fitness possivel: 1373
Tempo de execução: 200
Melhor solução encontrada: 0 183 147 89 166 18 153 106 194 7 182 148 88 0 138 154 12 109 177 150 80 68 116 184 28 0 111 50 102 157 185 79 3 158 77 196 76 0 1 160 128 66 65 136 35 135 164 34 78 169 129 0 13 144 57 172 42 142 14 119 44 192 100 37 92 151 95 0 82 48 124 168 47 49 143 36 46 8 114 199 83 60 0 62 159 189 32 131 20 188 71 161 103 0 31 10 108 90 126 63 181 64 11 175 107 19 123 0 156 6 96 99 104 93 85 59 94 112 0 121 29 24 163 134 54 130 165 55 25 170 67 186 56 197 0 137 2 178 115 145 41 22 133 74 171 73 21 53 0 152 58 40 180 149 179 195 26 105 0 118 5 84 173 61 16 141 191 91 193 98 97 117 0 198 110 155 4 139 187 39 23 75 72 0 87 15 43 38 140 86 113 17 45 125 174 0 176 33 81 120 9 51 122 30 70 101 162 69 132 27 0 167 190 127 52 146 0 
Solução encontrada considerada boa
GAP de 0.946832
Numero maximo de geracoes sem evolucao: 868
Solucão valida: Sim
====================================================================================================================


 ===================================================RESULTADOS=========================================================
Melhor fitness final: 1377
Melhor fitness possivel: 1373
Tempo de execução: 200
Melhor solução encontrada: 0 76 196 77 158 3 79 68 150 80 116 184 0 13 117 16 141 191 44 119 192 14 142 42 172 144 137 0 166 83 199 125 45 17 113 61 173 84 5 118 60 0 86 140 38 43 15 145 41 22 133 74 171 73 198 0 167 127 190 88 7 48 124 46 174 8 114 18 0 156 112 183 147 89 146 27 28 138 154 0 94 95 97 87 57 178 115 2 40 180 105 0 59 151 92 37 98 100 193 91 85 93 99 104 96 6 0 162 108 189 159 62 148 182 194 106 52 0 176 103 161 71 135 35 136 65 66 188 20 70 0 195 54 130 165 55 25 187 139 4 155 110 179 149 26 0 153 82 168 47 36 143 49 64 11 175 107 19 123 0 31 10 90 126 63 181 32 131 160 128 30 1 0 111 50 81 78 34 164 120 9 51 122 101 69 132 0 72 75 23 67 170 39 186 56 197 21 0 12 109 177 134 163 24 29 121 169 129 185 33 157 102 0 58 152 53 0 
Solução encontrada considerada boa
GAP de 0.291333
Numero maximo de geracoes sem evolucao: 939
Solucão valida: Sim
====================================================================================================================


 ===================================================RESULTADOS=========================================================
Melhor fitness final: 1375
Melhor fitness possivel: 1373
Tempo de execução: 200
Melhor solução encontrada: 0 195 54 130 165 55 25 170 187 139 155 4 110 198 0 193 91 191 141 44 14 142 43 15 42 172 144 87 137 0 5 84 173 113 17 125 45 46 174 8 114 199 83 18 0 159 64 49 143 36 47 168 124 48 82 153 0 13 117 97 151 92 98 85 93 59 104 99 96 0 134 163 24 29 121 78 9 161 71 136 65 66 128 0 179 39 67 23 186 56 75 197 72 21 40 0 73 171 74 133 22 41 145 57 178 115 2 58 152 0 160 131 32 181 63 126 90 108 10 189 127 167 0 52 106 194 7 182 123 19 107 175 11 62 148 88 0 1 33 81 120 135 35 164 34 169 129 79 185 0 37 100 192 119 38 140 86 16 61 118 60 166 0 154 138 12 109 177 150 80 68 116 184 28 0 111 76 196 77 158 3 157 102 50 176 27 0 156 112 95 94 183 6 147 89 0 146 190 31 70 30 20 188 103 51 122 101 162 69 132 0 53 105 180 149 26 0 
Solução encontrada considerada boa
GAP de 0.145666
Numero maximo de geracoes sem evolucao: 874
Solucão valida: Sim
====================================================================================================================


 ===================================================RESULTADOS=========================================================
Melhor fitness final: 1389
Melhor fitness possivel: 1373
Tempo de execução: 200
Melhor solução encontrada: 0 186 23 67 170 25 55 165 130 54 134 163 24 29 121 0 198 110 4 155 139 187 39 56 197 72 21 53 0 98 192 119 44 140 38 14 142 43 15 42 172 178 115 2 137 0 147 6 96 104 99 59 92 151 95 94 183 156 0 86 113 17 46 36 143 49 64 11 175 107 19 123 146 0 12 109 177 150 80 68 158 3 77 116 196 76 0 13 87 144 57 145 41 22 133 75 74 171 73 40 0 153 106 194 7 48 168 47 124 82 18 166 89 0 93 85 61 16 141 191 91 193 100 37 97 117 0 50 102 51 188 128 160 131 32 10 189 70 101 0 112 152 58 180 149 179 195 26 105 0 162 108 90 181 63 126 159 62 148 182 88 52 0 157 33 9 103 161 71 136 65 66 20 30 122 0 185 81 120 135 35 164 34 78 169 129 79 184 0 27 69 132 1 176 111 154 138 28 0 118 60 83 199 114 8 174 45 125 84 173 5 0 31 190 127 167 0 
Solução encontrada considerada boa
GAP de 1.16533
Numero maximo de geracoes sem evolucao: 904
Solucão valida: Sim
====================================================================================================================


 ===================================================RESULTADOS=========================================================
Melhor fitness final: 1391
Melhor fitness possivel: 1373
Tempo de execução: 200
Melhor solução encontrada: 0 171 74 22 133 75 186 23 67 170 25 55 165 0 184 76 196 116 77 158 3 68 150 80 177 109 0 79 129 185 33 81 120 9 161 71 103 51 0 198 110 4 155 139 187 39 56 197 72 73 21 0 93 85 193 91 191 141 44 119 192 100 98 37 117 0 28 138 154 12 195 149 26 105 53 156 0 147 96 104 99 59 92 151 97 95 94 183 0 111 50 102 157 1 162 31 190 127 167 0 66 65 136 35 135 164 34 78 169 121 29 24 163 134 0 83 199 114 8 174 45 125 84 173 5 118 60 0 153 48 47 36 143 49 64 11 175 107 19 52 0 122 30 20 188 128 160 131 32 181 63 126 90 70 101 69 0 2 178 115 145 41 15 43 38 140 14 142 42 172 57 144 87 0 112 13 137 152 58 40 180 179 130 54 0 106 194 7 182 62 159 108 10 189 148 88 146 0 89 166 18 82 123 168 124 46 17 113 86 16 61 6 0 27 132 176 0 
Solução encontrada considerada boa
GAP de 1.311
Numero maximo de geracoes sem evolucao: 1257
Solucão valida: Sim
====================================================================================================================


 ===================================================RESULTADOS=========================================================
Melhor fitness final: 1419
Melhor fitness possivel: 1373
Tempo de execução: 200
Melhor solução encontrada: 0 103 161 71 188 20 128 160 131 32 181 0 111 76 196 116 77 3 68 80 150 177 109 12 0 105 40 21 73 171 74 133 22 41 145 115 178 2 0 149 179 134 163 24 29 121 169 135 35 136 65 66 122 132 0 146 153 114 8 174 125 45 17 113 86 140 38 0 118 60 83 199 84 5 173 61 16 141 191 91 95 0 27 167 89 147 6 183 13 152 58 53 0 166 18 82 48 123 182 88 190 162 69 0 127 31 10 189 108 159 62 148 7 194 106 0 28 158 79 129 78 34 164 120 9 81 33 185 0 137 144 57 15 43 142 14 119 44 192 193 100 42 172 87 0 94 96 104 99 59 93 85 98 37 151 92 97 117 0 52 11 175 107 19 168 47 124 46 36 143 49 64 63 126 90 0 138 154 184 50 102 157 51 30 70 101 1 176 0 180 72 75 23 67 186 56 197 198 26 0 195 54 130 165 55 25 170 39 187 139 4 155 110 0 112 156 0 
Solução encontrada considerada boa
GAP de 3.35033
Numero maximo de geracoes sem evolucao: 2094
Solucão valida: Sim
====================================================================================================================


 ===================================================RESULTADOS=========================================================
Melhor fitness final: 1420
Melhor fitness possivel: 1373
Tempo de execução: 200
Melhor solução encontrada: 0 52 82 114 8 174 46 36 143 49 64 181 182 88 0 199 125 45 17 113 86 140 38 43 15 57 144 87 117 0 190 31 162 101 70 30 122 51 33 157 102 50 0 156 112 89 166 18 153 106 194 7 127 167 27 146 0 121 29 24 163 134 54 130 165 55 25 170 39 187 139 110 0 111 185 79 129 169 78 34 164 135 35 136 65 66 0 155 4 197 75 133 22 41 145 115 178 2 137 0 148 62 159 10 189 108 32 131 160 128 69 0 98 37 100 193 91 85 93 5 118 60 83 0 177 80 150 68 3 158 77 116 196 76 184 0 48 124 47 168 123 19 107 175 11 126 63 90 132 0 176 1 20 188 103 71 161 9 120 81 0 26 195 149 198 72 74 171 73 21 180 105 0 183 94 95 97 92 151 59 99 104 96 6 147 0 13 172 42 142 14 192 119 44 191 141 16 61 173 84 0 53 40 56 186 23 67 179 109 12 154 138 28 0 152 58 0 
Solução encontrada considerada boa
GAP de 3.42316
Numero maximo de geracoes sem evolucao: 1634
Solucão valida: Sim
====================================================================================================================

