
 ===================================================RESULTADOS=========================================================
Melhor fitness final: 1100
Melhor fitness possivel: 1053
Tempo de execução: 200
Melhor solução encontrada: 0 111 76 116 77 3 68 150 80 109 12 138 28 0 10 108 66 71 65 136 35 135 34 78 121 29 24 134 0 123 19 107 11 126 63 90 32 131 128 20 30 122 70 101 69 132 0 52 106 48 124 46 47 36 143 49 64 62 148 146 0 21 73 72 74 133 23 67 39 139 4 110 0 27 127 31 88 7 82 114 8 45 125 83 18 89 0 117 42 142 43 14 119 44 141 16 61 85 93 0 137 87 91 38 140 86 113 17 84 5 118 60 0 50 102 79 129 33 81 120 9 103 51 1 0 53 2 115 144 57 15 145 41 22 75 56 25 55 130 54 149 26 0 94 95 97 92 37 100 98 59 104 99 96 6 147 0 112 13 58 40 105 0 
Solução encontrada considerada boa
GAP de 4.46344
Numero maximo de geracoes sem evolucao: 229
Solucão valida: Sim
====================================================================================================================


 ===================================================RESULTADOS=========================================================
Melhor fitness final: 1092
Melhor fitness possivel: 1053
Tempo de execução: 200
Melhor solução encontrada: 0 76 116 77 3 79 129 78 34 81 33 102 50 111 0 106 7 123 19 64 49 143 36 47 46 124 48 82 0 60 118 5 84 113 17 45 125 8 114 83 18 0 1 122 30 66 71 65 136 35 135 120 9 103 51 0 26 149 109 134 24 29 121 68 150 80 12 138 28 0 93 85 61 16 141 44 119 91 100 98 37 92 97 0 54 130 55 25 139 39 67 23 56 4 110 40 53 0 10 108 20 128 131 32 90 63 126 11 107 62 148 88 146 0 112 58 73 74 22 133 75 72 21 105 0 13 137 117 95 59 104 99 96 94 6 147 89 0 87 144 57 42 142 14 86 140 38 43 15 41 145 115 2 0 52 127 31 70 101 69 132 27 0 
Solução encontrada considerada boa
GAP de 3.7037
Numero maximo de geracoes sem evolucao: 319
Solucão valida: Sim
====================================================================================================================


 ===================================================RESULTADOS=========================================================
Melhor fitness final: 1104
Melhor fitness possivel: 1053
Tempo de execução: 200
Melhor solução encontrada: 0 98 85 100 42 142 43 15 41 145 115 2 57 144 87 137 0 50 102 33 81 9 120 78 129 79 3 77 76 0 149 110 75 133 22 74 72 73 21 40 58 112 0 13 117 97 95 59 104 99 96 94 6 147 89 0 93 61 16 86 140 38 14 119 44 141 91 37 92 0 4 56 23 67 39 139 25 55 24 134 130 54 0 18 83 114 8 125 45 17 113 84 5 118 60 0 51 103 71 65 136 35 135 34 29 121 150 80 68 116 0 82 48 124 46 47 36 143 49 64 107 123 7 106 0 28 111 1 70 108 10 62 148 88 31 127 27 0 132 69 101 122 30 20 66 128 131 32 90 63 126 11 19 52 146 0 138 12 109 26 105 53 0 
Solução encontrada considerada boa
GAP de 4.8433
Numero maximo de geracoes sem evolucao: 144
Solucão valida: Sim
====================================================================================================================


 ===================================================RESULTADOS=========================================================
Melhor fitness final: 1085
Melhor fitness possivel: 1053
Tempo de execução: 200
Melhor solução encontrada: 0 48 124 46 47 36 143 49 64 11 107 19 123 7 0 111 50 102 33 81 120 9 30 70 101 69 27 0 110 4 139 39 56 75 133 22 74 72 73 21 40 0 42 15 43 142 14 119 44 38 140 86 141 16 61 6 0 132 1 51 103 71 65 136 35 135 34 78 129 79 3 77 76 0 60 118 5 84 113 17 45 125 8 114 83 0 53 105 26 149 109 80 150 68 12 138 28 0 13 117 95 104 99 59 92 97 87 144 57 115 2 137 0 147 96 93 85 91 100 37 98 94 112 0 58 145 41 23 67 25 55 130 54 134 24 29 121 116 0 122 20 66 128 131 32 90 63 126 108 10 62 148 52 146 0 89 18 82 106 88 31 127 0 
Solução encontrada considerada boa
GAP de 3.03894
Numero maximo de geracoes sem evolucao: 586
Solucão valida: Sim
====================================================================================================================


 ===================================================RESULTADOS=========================================================
Melhor fitness final: 1082
Melhor fitness possivel: 1053
Tempo de execução: 200
Melhor solução encontrada: 0 132 69 1 122 20 128 131 32 90 63 126 108 10 62 148 146 0 28 150 80 68 121 29 24 134 130 54 109 12 138 0 111 50 102 51 103 9 120 81 33 77 76 0 52 106 7 48 47 124 82 84 5 118 60 0 40 75 56 23 67 39 139 25 55 4 110 149 26 0 116 3 79 129 78 34 135 35 136 65 71 66 30 70 101 0 93 85 61 16 141 44 119 14 142 42 137 0 18 46 36 143 49 64 11 107 19 123 88 31 127 27 0 87 144 57 15 43 38 140 100 37 59 104 99 96 6 147 0 89 83 114 8 125 45 17 113 86 91 98 92 97 117 0 105 21 73 72 74 133 22 41 145 115 2 58 53 0 13 95 94 112 0 
Solução encontrada considerada boa
GAP de 2.75404
Numero maximo de geracoes sem evolucao: 502
Solucão valida: Sim
====================================================================================================================


 ===================================================RESULTADOS=========================================================
Melhor fitness final: 1139
Melhor fitness possivel: 1053
Tempo de execução: 200
Melhor solução encontrada: 0 1 122 20 128 66 65 136 35 135 71 103 51 50 0 102 33 81 9 120 34 78 129 79 3 77 76 0 121 29 24 134 54 130 55 25 67 23 73 40 0 118 60 146 27 111 116 68 150 80 109 12 0 95 92 61 16 141 44 119 14 142 42 144 57 115 2 137 0 21 72 74 22 133 75 56 39 139 4 110 149 0 13 117 87 97 37 98 100 91 85 93 99 104 96 0 53 145 41 15 43 38 140 86 113 17 45 125 18 0 112 89 147 6 94 58 105 26 138 28 0 82 47 36 143 49 64 11 107 19 123 7 106 52 0 132 69 101 70 30 131 32 90 63 126 108 10 62 148 0 59 5 84 83 114 8 46 124 48 88 31 127 0 
Solução encontrada considerada ruim
GAP de 8.16714
Numero maximo de geracoes sem evolucao: 184
Solucão valida: Sim
====================================================================================================================


 ===================================================RESULTADOS=========================================================
Melhor fitness final: 1087
Melhor fitness possivel: 1053
Tempo de execução: 200
Melhor solução encontrada: 0 60 118 5 84 113 17 45 125 8 114 83 0 89 18 82 48 47 124 46 36 143 49 64 11 88 0 53 40 73 74 22 133 75 56 39 139 4 110 0 94 95 92 98 85 93 59 96 6 147 0 28 116 77 3 79 81 33 102 50 111 0 87 57 145 41 15 43 38 140 86 141 16 61 99 104 0 105 26 149 54 134 24 29 121 68 150 80 12 0 76 129 78 34 135 35 136 65 71 66 103 9 120 51 0 146 52 106 7 123 19 107 62 148 31 127 27 0 112 13 117 97 37 100 91 44 119 14 142 42 144 115 2 137 0 132 1 122 30 20 128 131 32 90 63 126 108 10 70 101 69 0 58 21 72 23 67 25 55 130 109 138 0 
Solução encontrada considerada boa
GAP de 3.22887
Numero maximo de geracoes sem evolucao: 357
Solucão valida: Sim
====================================================================================================================


 ===================================================RESULTADOS=========================================================
Melhor fitness final: 1113
Melhor fitness possivel: 1053
Tempo de execução: 200
Melhor solução encontrada: 0 48 124 46 47 36 143 49 64 11 107 19 123 7 0 77 3 79 129 78 34 135 35 136 65 71 103 66 20 1 0 50 102 33 81 120 9 51 122 30 70 101 69 132 0 26 149 23 67 25 55 130 54 134 24 29 121 28 0 40 21 73 72 74 22 133 75 56 39 139 4 110 0 18 106 82 84 61 16 44 119 14 142 42 57 144 87 0 94 59 92 37 98 85 93 104 99 96 6 147 0 13 117 97 100 91 141 86 140 38 43 15 41 145 115 2 137 0 89 52 27 111 76 116 68 150 80 109 12 138 0 31 10 108 128 131 32 90 63 126 62 148 88 127 146 0 118 60 83 114 8 125 45 17 113 5 95 0 112 58 105 53 0 
Solução encontrada considerada mediana
GAP de 5.69801
Numero maximo de geracoes sem evolucao: 674
Solucão valida: Sim
====================================================================================================================


 ===================================================RESULTADOS=========================================================
Melhor fitness final: 1100
Melhor fitness possivel: 1053
Tempo de execução: 200
Melhor solução encontrada: 0 111 50 102 33 81 51 122 30 70 101 1 69 132 27 0 89 60 118 5 84 17 113 16 141 44 91 98 0 93 85 61 86 140 38 14 119 100 37 92 0 87 144 42 142 43 15 57 145 41 22 133 75 74 72 40 0 26 149 130 55 25 139 39 67 23 56 4 110 0 18 83 125 45 8 114 82 148 10 108 31 0 13 117 97 95 59 104 99 96 94 6 147 112 0 76 77 3 79 129 78 34 135 35 136 65 71 9 120 0 28 116 68 80 150 121 29 24 134 54 109 12 138 0 103 66 20 128 131 32 90 63 126 11 107 19 123 7 52 0 106 48 124 46 47 36 143 49 64 62 88 127 146 0 58 137 2 115 73 21 105 53 0 
Solução encontrada considerada boa
GAP de 4.46344
Numero maximo de geracoes sem evolucao: 504
Solucão valida: Sim
====================================================================================================================


 ===================================================RESULTADOS=========================================================
Melhor fitness final: 1074
Melhor fitness possivel: 1053
Tempo de execução: 200
Melhor solução encontrada: 0 72 75 56 23 67 39 139 25 55 4 110 149 0 18 106 82 114 8 45 125 83 60 118 89 0 28 76 116 77 3 120 81 33 102 50 111 0 127 31 10 108 131 32 90 63 126 62 148 88 52 146 0 40 21 73 74 133 22 41 145 15 43 38 140 86 113 17 84 0 26 109 54 130 134 24 29 121 68 80 150 12 138 0 48 124 46 47 36 143 49 64 11 107 19 123 7 0 53 105 58 137 144 87 97 95 117 13 112 0 147 5 61 16 141 44 119 14 142 42 57 115 2 0 79 129 78 34 135 35 136 65 71 66 103 9 51 1 0 94 59 92 98 37 100 91 85 93 104 99 96 6 0 27 69 101 70 30 128 20 122 132 0 
Solução encontrada considerada boa
GAP de 1.9943
Numero maximo de geracoes sem evolucao: 719
Solucão valida: Sim
====================================================================================================================

