1.52
 ===================================================RESULTADOS=========================================================
Melhor fitness final: 26028
Melhor fitness possivel: 25569
Tempo de execução: 200
Melhor solução encontrada: 0 170 155 57 162 91 66 25 168 0 95 163 90 26 2 89 85 149 0 59 139 120 126 6 48 174 123 0 55 23 62 86 121 12 108 104 0 1 16 50 166 74 46 82 153 0 75 113 4 53 35 117 175 110 0 32 131 92 169 65 61 44 132 0 138 10 178 156 111 54 43 64 0 146 167 87 147 37 164 15 127 0 152 51 29 42 84 116 63 140 0 115 40 177 150 97 34 118 31 0 52 27 122 157 47 143 11 142 0 60 128 14 20 107 137 49 19 0 151 33 134 39 125 103 83 7 0 73 21 158 96 79 30 36 9 0 106 160 172 141 81 72 41 22 0 145 13 77 136 129 38 154 133 0 99 56 100 94 69 28 119 173 0 8 58 80 171 159 18 76 70 0 165 144 124 176 98 88 130 114 0 68 109 161 93 3 102 78 67 0 45 24 179 105 5 135 71 17 0 180 112 101 148 0 
Solução encontrada considerada boa
GAP de 1.79514
Numero maximo de geracoes sem evolucao: 58
Solucão valida: Sim
====================================================================================================================


 ===================================================RESULTADOS=========================================================
Melhor fitness final: 25889
Melhor fitness possivel: 25569
Tempo de execução: 200
Melhor solução encontrada: 0 178 43 111 54 70 121 12 108 0 49 14 9 36 158 80 58 21 0 72 25 66 7 33 151 91 168 0 57 110 175 4 53 35 117 162 0 170 155 31 174 123 101 112 148 0 167 87 147 37 164 15 127 156 0 152 51 95 163 90 26 2 149 0 19 109 161 20 107 137 128 60 0 30 79 96 171 159 18 76 8 0 52 29 27 122 157 47 143 142 0 136 28 69 100 119 173 129 133 0 132 44 61 65 169 92 131 32 0 81 1 16 50 94 146 166 82 0 17 55 71 24 179 115 138 45 0 59 38 154 56 99 141 172 120 0 126 6 48 22 41 160 106 139 0 67 130 88 78 102 3 93 68 0 114 73 98 176 124 144 165 104 0 134 83 39 125 103 74 46 153 0 140 63 85 89 116 84 42 11 0 113 34 97 150 177 40 118 75 0 23 62 86 64 10 105 5 135 0 180 13 77 145 0 
Solução encontrada considerada boa
GAP de 1.25152
Numero maximo de geracoes sem evolucao: 99
Solucão valida: Sim
====================================================================================================================


 ===================================================RESULTADOS=========================================================
Melhor fitness final: 25881
Melhor fitness possivel: 25569
Tempo de execução: 200
Melhor solução encontrada: 0 136 129 38 154 172 66 25 72 0 134 83 125 103 166 146 50 16 0 49 60 128 137 107 20 161 19 0 23 62 64 86 121 70 12 108 0 91 7 33 4 53 151 35 117 0 68 109 93 3 102 78 88 130 0 152 51 95 163 90 26 2 149 0 52 29 27 122 157 47 143 142 0 98 21 58 80 158 36 9 14 0 99 56 100 94 69 28 119 173 0 17 24 179 105 5 135 71 55 0 104 165 144 124 176 73 67 114 0 160 141 1 46 74 82 153 81 0 118 113 175 110 162 168 41 22 0 39 167 87 147 37 164 15 127 0 101 120 139 106 133 59 112 148 0 45 170 155 123 174 48 6 126 0 8 76 18 159 171 96 79 30 0 138 115 10 43 178 75 57 31 0 132 44 61 169 89 85 63 140 0 32 65 131 92 116 84 42 11 0 34 97 150 40 177 156 111 54 0 145 77 13 180 0 
Solução encontrada considerada boa
GAP de 1.22023
Numero maximo de geracoes sem evolucao: 144
Solucão valida: Sim
====================================================================================================================


 ===================================================RESULTADOS=========================================================
Melhor fitness final: 26059
Melhor fitness possivel: 25569
Tempo de execução: 200
Melhor solução encontrada: 0 10 178 43 111 54 121 12 108 0 30 79 96 171 159 18 76 70 0 167 87 147 37 164 15 127 156 0 45 170 155 123 31 115 138 17 0 179 5 105 64 86 62 135 24 0 174 110 175 117 35 53 4 57 0 47 60 128 137 107 20 161 49 0 61 65 169 116 84 42 157 52 0 77 136 129 173 56 99 154 38 0 145 180 13 133 59 112 101 148 0 14 9 36 158 80 58 8 124 0 48 168 72 25 66 81 141 172 0 100 119 28 69 94 146 166 74 0 143 11 19 109 68 130 73 67 0 132 140 63 85 89 2 152 0 126 6 22 41 160 106 139 120 0 51 27 122 29 26 90 163 95 0 142 114 104 165 144 23 71 55 0 1 16 50 46 82 153 91 162 0 75 118 40 177 150 97 34 113 0 176 98 21 102 3 93 78 88 0 151 33 134 39 125 103 83 7 0 149 92 131 32 44 0 
Solução encontrada considerada boa
GAP de 1.91638
Numero maximo de geracoes sem evolucao: 86
Solucão valida: Sim
====================================================================================================================


 ===================================================RESULTADOS=========================================================
Melhor fitness final: 25988
Melhor fitness possivel: 25569
Tempo de execução: 200
Melhor solução encontrada: 0 13 77 136 129 141 172 154 38 0 162 7 83 134 33 151 117 113 0 57 110 175 91 66 25 72 168 0 149 2 89 26 90 163 95 152 0 8 159 171 96 80 58 21 130 0 19 68 109 161 137 128 60 49 0 75 118 150 97 34 4 53 35 0 114 176 98 102 3 93 78 88 0 153 82 46 74 166 103 125 39 0 167 147 87 146 94 50 16 1 0 126 48 22 41 160 106 133 59 0 155 31 115 138 179 24 71 55 0 10 43 54 111 156 177 40 178 0 143 47 157 122 27 29 51 52 0 17 135 5 105 64 86 62 23 0 132 44 32 131 92 116 85 63 0 170 123 174 6 120 139 180 145 0 81 99 56 100 69 28 119 173 0 104 165 144 108 12 124 73 67 0 107 20 36 158 79 30 9 14 0 142 11 42 84 169 65 61 140 0 127 15 164 37 18 76 70 121 0 45 101 112 148 0 
Solução encontrada considerada boa
GAP de 1.6387
Numero maximo de geracoes sem evolucao: 114
Solucão valida: Sim
====================================================================================================================


 ===================================================RESULTADOS=========================================================
Melhor fitness final: 25962
Melhor fitness possivel: 25569
Tempo de execução: 200
Melhor solução encontrada: 0 173 56 99 141 81 66 25 72 0 48 22 41 168 162 175 110 57 0 174 75 113 118 40 150 177 156 0 142 11 143 47 52 51 95 152 0 117 35 151 82 74 46 153 91 0 132 140 63 85 89 2 26 149 0 148 112 59 139 6 126 120 101 0 7 166 146 87 147 167 97 34 0 106 160 172 154 38 129 136 133 0 45 170 155 123 31 115 138 17 0 71 24 135 5 105 62 23 55 0 114 67 73 124 108 144 165 104 0 19 68 109 161 20 107 137 60 0 27 122 157 42 84 29 90 163 0 12 8 159 171 96 80 58 21 0 179 64 86 54 111 43 178 10 0 100 119 28 69 94 50 16 1 0 121 70 76 18 37 164 15 127 0 116 92 131 169 61 65 32 44 0 53 4 39 125 103 83 134 33 0 49 128 9 30 79 158 36 14 0 176 98 102 3 93 78 88 130 0 180 13 77 145 0 
Solução encontrada considerada boa
GAP de 1.53702
Numero maximo de geracoes sem evolucao: 103
Solucão valida: Sim
====================================================================================================================


 ===================================================RESULTADOS=========================================================
Melhor fitness final: 25893
Melhor fitness possivel: 25569
Tempo de execução: 200
Melhor solução encontrada: 0 168 72 25 66 81 141 172 41 0 155 31 75 113 118 178 115 138 0 125 167 87 147 37 164 15 127 0 114 67 73 98 176 124 144 165 0 62 86 64 54 111 43 10 0 55 71 135 5 105 179 24 17 0 1 16 50 94 146 166 103 39 0 52 29 27 122 157 47 143 142 0 11 42 84 116 92 131 65 32 0 162 33 134 83 74 46 82 153 0 132 44 61 169 89 85 63 140 0 173 119 28 69 100 56 99 106 0 14 36 158 79 30 9 128 60 0 49 137 107 20 161 109 68 19 0 180 13 133 59 139 120 112 148 0 130 88 78 93 3 102 21 8 0 58 80 96 171 159 18 76 70 0 156 177 40 150 97 34 4 53 0 101 126 6 48 174 123 170 45 0 152 51 95 163 90 26 2 149 0 91 7 151 35 117 175 110 57 0 145 77 136 129 38 154 160 22 0 104 108 12 121 23 0 
Solução encontrada considerada boa
GAP de 1.26716
Numero maximo de geracoes sem evolucao: 180
Solucão valida: Sim
====================================================================================================================


 ===================================================RESULTADOS=========================================================
Melhor fitness final: 25900
Melhor fitness possivel: 25569
Tempo de execução: 200
Melhor solução encontrada: 0 170 155 123 174 57 31 115 138 0 169 131 92 116 84 42 60 49 0 10 43 111 156 177 150 40 178 0 117 151 53 4 134 83 33 7 0 8 159 171 96 79 30 9 128 0 143 47 157 122 27 29 51 52 0 103 166 146 87 147 167 125 39 0 173 119 28 69 94 100 56 99 0 63 85 89 2 26 90 163 95 0 121 76 18 70 12 108 144 165 0 130 73 124 176 98 88 19 11 0 72 25 66 81 141 172 154 133 0 22 106 160 38 129 136 77 13 0 152 149 140 61 65 32 44 132 0 41 168 162 110 175 113 118 75 0 68 109 161 107 20 3 93 78 0 1 16 50 74 46 82 153 91 0 17 55 71 23 104 67 114 142 0 112 59 139 6 48 126 120 101 0 24 135 62 86 64 105 5 179 0 54 127 15 37 164 97 34 35 0 137 14 36 158 80 58 21 102 0 145 180 148 45 0 
Solução encontrada considerada boa
GAP de 1.29454
Numero maximo de geracoes sem evolucao: 275
Solucão valida: Sim
====================================================================================================================


 ===================================================RESULTADOS=========================================================
Melhor fitness final: 25856
Melhor fitness possivel: 25569
Tempo de execução: 200
Melhor solução encontrada: 0 170 155 138 115 179 24 71 17 0 110 175 117 35 53 151 7 91 0 130 88 78 3 93 161 109 68 0 19 49 137 107 20 14 128 60 0 52 51 29 27 122 157 47 143 0 114 102 158 96 79 30 36 9 0 149 2 89 26 90 163 95 152 0 23 62 86 64 105 5 135 55 0 132 44 61 65 169 85 63 140 0 22 41 168 72 154 38 129 133 0 8 76 18 159 171 80 58 21 0 142 11 42 84 116 92 131 32 0 136 173 119 28 69 100 56 99 0 108 12 121 70 54 111 43 10 0 67 73 98 176 124 144 165 104 0 106 160 172 141 81 66 25 162 0 113 118 34 97 150 40 177 156 0 33 134 83 39 125 103 82 153 0 127 15 164 37 147 87 167 4 0 101 120 126 6 139 59 112 148 0 1 16 50 94 146 166 74 46 0 45 31 178 75 57 48 174 123 0 180 13 77 145 0 
Solução encontrada considerada boa
GAP de 1.12245
Numero maximo de geracoes sem evolucao: 119
Solucão valida: Sim
====================================================================================================================


 ===================================================RESULTADOS=========================================================
Melhor fitness final: 26120
Melhor fitness possivel: 25569
Tempo de execução: 200
Melhor solução encontrada: 0 75 118 40 177 150 97 34 113 0 22 25 66 81 141 172 154 38 0 68 109 161 20 107 137 128 60 0 149 2 26 90 163 95 51 152 0 99 56 100 94 146 87 147 167 0 148 101 120 139 59 133 180 145 0 129 173 119 69 28 136 77 13 0 104 23 55 71 24 179 17 0 174 48 41 160 106 6 126 112 0 5 105 64 86 54 111 43 10 0 8 80 58 21 102 3 93 78 0 52 29 27 122 157 47 143 142 0 175 4 164 37 15 127 156 178 0 49 9 30 79 158 36 14 19 0 11 42 84 116 92 131 169 140 0 153 82 46 74 166 50 16 1 0 67 73 130 88 98 176 124 144 0 162 33 134 83 103 125 39 53 0 168 72 91 7 151 35 117 110 0 12 121 70 76 18 159 171 96 0 132 44 32 65 61 63 85 89 0 45 170 155 123 57 31 115 138 0 135 62 108 165 114 0 
Solução encontrada considerada boa
GAP de 2.15495
Numero maximo de geracoes sem evolucao: 81
Solucão valida: Sim
====================================================================================================================

