3.82
 ===================================================RESULTADOS=========================================================
Melhor fitness final: 1429
Melhor fitness possivel: 1373
Tempo de execução: 200
Melhor solução encontrada: 0 83 199 114 8 174 125 45 17 113 86 140 38 0 152 58 2 115 145 41 22 133 74 171 73 21 180 0 109 177 80 150 68 121 29 24 163 134 54 130 179 0 156 13 87 144 172 42 142 14 43 15 57 178 137 0 165 55 25 170 67 39 187 139 186 56 197 72 40 0 112 46 36 143 49 64 181 63 126 90 32 131 160 1 0 69 108 10 189 159 62 182 7 194 106 0 59 151 92 37 98 100 193 91 85 93 104 99 96 0 148 11 175 107 19 123 168 47 124 48 82 0 162 101 122 30 70 31 88 190 127 167 0 60 118 5 84 173 61 16 141 191 44 119 192 0 185 79 129 169 78 34 164 120 9 103 81 33 0 146 52 153 18 166 89 147 6 183 94 95 97 117 0 50 102 157 158 3 77 116 196 76 184 12 0 53 26 149 195 154 138 28 111 176 132 27 0 128 20 188 66 65 136 35 135 71 161 51 0 198 110 4 155 23 75 105 0 
Solução encontrada considerada boa
GAP de 4.07866
Numero maximo de geracoes sem evolucao: 93
Solucão valida: Sim
====================================================================================================================


 ===================================================RESULTADOS=========================================================
Melhor fitness final: 1458
Melhor fitness possivel: 1373
Tempo de execução: 200
Melhor solução encontrada: 0 179 54 130 165 55 25 170 67 56 197 198 137 13 0 28 154 138 12 195 149 26 105 53 0 66 65 136 35 135 164 34 78 157 102 50 0 180 21 72 74 133 22 171 73 40 152 58 0 83 199 114 8 174 125 84 173 61 5 118 60 0 126 63 32 131 160 128 20 188 71 161 103 0 27 69 132 176 1 101 162 31 190 127 167 146 0 134 163 24 29 121 169 129 79 185 81 120 9 33 0 184 76 196 116 77 3 158 68 150 80 177 109 0 189 10 108 90 181 64 175 107 11 159 62 88 0 106 123 19 46 45 17 113 86 140 38 43 15 87 0 191 141 44 119 192 14 142 42 172 144 57 178 115 2 0 156 112 117 97 92 151 95 94 183 6 147 89 0 145 41 75 186 23 39 187 139 155 4 110 0 59 98 37 100 193 91 16 85 93 104 99 96 0 52 153 48 168 47 49 143 36 124 82 18 166 0 194 7 182 148 70 30 122 51 111 0 
Solução encontrada considerada mediana
GAP de 6.19082
Numero maximo de geracoes sem evolucao: 130
Solucão valida: Sim
====================================================================================================================


 ===================================================RESULTADOS=========================================================
Melhor fitness final: 1430
Melhor fitness possivel: 1373
Tempo de execução: 200
Melhor solução encontrada: 0 195 54 130 165 55 25 170 39 187 139 155 4 110 0 22 133 75 23 67 186 56 197 72 105 0 26 149 179 198 74 171 73 21 180 40 152 58 0 104 99 59 93 85 91 193 100 98 37 151 92 97 117 0 135 35 136 71 161 188 20 128 160 131 32 70 0 48 124 47 168 123 19 107 175 11 126 63 90 162 0 83 199 125 45 174 8 114 82 7 62 159 52 146 0 69 101 122 30 108 189 10 148 88 31 190 127 0 111 76 196 77 3 158 157 102 50 1 176 132 0 28 184 116 68 150 80 177 109 12 138 154 0 134 163 24 29 121 34 65 66 181 64 49 143 36 46 0 137 87 2 178 115 145 41 15 43 38 140 86 113 17 173 0 61 16 141 191 44 119 192 14 142 42 172 57 144 53 0 33 81 185 79 129 169 78 164 120 9 103 51 0 156 112 13 95 96 94 183 6 147 89 0 166 60 118 5 84 18 153 106 194 182 167 0 27 0 
Solução encontrada considerada boa
GAP de 4.15149
Numero maximo de geracoes sem evolucao: 197
Solucão valida: Sim
====================================================================================================================


 ===================================================RESULTADOS=========================================================
Melhor fitness final: 1431
Melhor fitness possivel: 1373
Tempo de execução: 200
Melhor solução encontrada: 0 197 23 67 25 55 165 130 54 134 163 24 29 121 169 0 123 19 107 175 11 64 126 90 108 189 10 159 62 0 171 74 56 186 75 133 22 41 145 57 178 115 2 137 0 174 125 45 17 113 86 140 38 43 15 87 0 176 1 33 81 120 9 51 122 30 70 101 162 69 132 0 154 138 12 109 177 80 150 68 116 184 28 0 94 59 151 92 37 98 85 93 99 104 96 6 0 183 147 89 166 18 153 106 194 7 182 148 88 0 198 110 4 155 187 170 39 139 72 73 21 0 82 48 124 168 47 49 143 36 46 8 114 199 83 60 0 103 161 71 188 20 160 131 32 181 63 0 111 50 102 157 185 79 3 158 77 196 76 0 152 58 40 180 149 179 195 26 105 53 0 31 128 66 65 136 35 135 164 34 78 129 0 118 5 84 173 61 16 141 191 44 119 156 0 13 144 172 42 142 14 192 91 193 100 97 117 95 112 0 27 167 190 127 52 146 0 
Solução encontrada considerada boa
GAP de 4.22433
Numero maximo de geracoes sem evolucao: 116
Solucão valida: Sim
====================================================================================================================


 ===================================================RESULTADOS=========================================================
Melhor fitness final: 1430
Melhor fitness possivel: 1373
Tempo de execução: 200
Melhor solução encontrada: 0 166 83 199 125 45 17 113 61 173 84 5 118 60 0 54 130 165 55 25 170 187 139 39 186 75 133 73 0 28 154 138 111 27 146 89 147 112 156 0 50 157 33 185 81 120 9 51 30 70 101 162 69 132 0 59 151 92 37 98 100 193 91 85 93 104 99 96 6 0 16 141 191 44 119 192 14 142 42 172 57 144 13 0 176 103 161 71 135 35 136 65 66 188 1 0 195 179 4 155 67 23 56 197 110 149 26 0 189 10 108 90 159 62 148 182 194 106 153 0 76 196 77 3 158 79 129 68 80 150 116 184 0 174 46 124 168 126 63 181 32 131 160 128 20 122 0 12 109 177 134 163 24 29 121 169 78 34 164 102 0 183 94 95 117 97 87 178 115 2 137 0 48 47 36 143 49 64 11 175 107 19 123 0 52 18 114 8 82 7 88 31 190 127 167 0 86 140 38 43 15 145 41 22 171 74 72 198 21 0 53 58 152 40 180 105 0 
Solução encontrada considerada boa
GAP de 4.15149
Numero maximo de geracoes sem evolucao: 201
Solucão valida: Sim
====================================================================================================================


 ===================================================RESULTADOS=========================================================
Melhor fitness final: 1390
Melhor fitness possivel: 1373
Tempo de execução: 200
Melhor solução encontrada: 0 100 193 192 38 140 86 16 61 118 60 166 0 58 152 137 172 42 15 43 142 14 119 44 141 191 91 0 160 131 32 181 63 126 90 108 189 10 127 167 0 52 106 194 7 182 123 19 107 175 11 62 148 88 0 156 112 95 94 183 6 147 89 146 27 0 176 1 50 102 157 158 3 77 196 76 111 0 190 31 70 30 20 188 103 51 122 101 162 69 132 0 13 117 97 92 151 37 98 85 93 59 99 104 96 0 153 82 48 124 168 47 36 143 49 64 159 0 40 21 72 197 75 56 186 23 67 39 179 0 87 144 57 178 2 115 145 41 22 133 74 171 73 0 33 81 120 135 35 164 34 78 169 129 79 185 0 134 163 24 29 121 9 161 71 136 65 66 128 0 198 110 155 4 139 187 170 25 55 165 130 54 195 0 5 84 173 113 17 125 45 46 174 8 114 199 83 18 0 28 184 116 68 80 150 177 109 12 138 154 0 26 149 180 105 53 0 
Solução encontrada considerada boa
GAP de 1.23816
Numero maximo de geracoes sem evolucao: 94
Solucão valida: Sim
====================================================================================================================


 ===================================================RESULTADOS=========================================================
Melhor fitness final: 1416
Melhor fitness possivel: 1373
Tempo de execução: 200
Melhor solução encontrada: 0 198 110 155 4 139 187 39 56 197 72 73 21 0 76 196 116 77 3 158 68 80 150 177 109 12 0 186 23 67 170 25 55 165 130 54 134 163 24 29 121 0 93 85 61 16 141 191 91 193 100 37 156 0 98 192 119 44 140 38 14 142 42 172 144 57 178 115 2 137 0 183 94 95 117 97 92 151 59 99 104 96 6 147 0 53 105 26 195 179 149 180 40 152 112 0 33 81 120 135 35 164 34 78 169 129 79 185 0 31 30 20 66 65 136 71 9 157 102 50 0 153 106 194 7 48 168 47 124 82 18 166 89 0 27 167 69 132 1 176 111 184 154 138 28 0 86 113 17 46 36 143 49 64 11 175 107 19 123 146 0 13 87 43 15 145 41 22 133 75 74 171 58 0 10 189 108 90 181 63 126 159 62 148 182 0 83 199 114 8 174 45 125 84 173 5 118 60 0 162 101 70 32 131 160 128 188 103 161 51 122 0 127 190 88 52 0 
Solução encontrada considerada boa
GAP de 3.13183
Numero maximo de geracoes sem evolucao: 123
Solucão valida: Sim
====================================================================================================================


 ===================================================RESULTADOS=========================================================
Melhor fitness final: 1410
Melhor fitness possivel: 1373
Tempo de execução: 200
Melhor solução encontrada: 0 88 107 175 11 64 49 143 36 47 48 82 153 0 51 103 71 161 9 120 81 33 185 129 79 0 177 80 150 68 158 3 77 116 196 76 184 0 89 166 18 123 19 168 124 46 17 113 86 16 61 6 0 156 53 105 26 149 195 12 154 138 28 0 171 74 22 133 75 186 23 67 170 25 55 165 0 106 194 7 182 62 159 90 32 108 189 10 0 93 85 193 91 191 141 44 119 192 100 37 98 0 183 94 95 117 97 92 151 59 99 104 96 147 0 66 65 136 35 135 164 34 78 169 121 29 24 163 134 0 198 110 155 4 139 187 39 56 197 72 73 21 0 2 178 115 145 41 15 43 38 140 14 142 42 172 57 144 87 0 112 13 137 152 58 40 180 179 130 54 109 0 83 199 114 8 174 45 125 84 173 5 118 60 0 52 148 126 63 181 131 160 128 188 20 30 122 70 101 69 0 27 132 176 1 162 31 190 127 167 146 0 102 157 50 111 0 
Solução encontrada considerada boa
GAP de 2.69483
Numero maximo de geracoes sem evolucao: 87
Solucão valida: Sim
====================================================================================================================


 ===================================================RESULTADOS=========================================================
Melhor fitness final: 1432
Melhor fitness possivel: 1373
Tempo de execução: 200
Melhor solução encontrada: 0 149 179 134 163 24 29 121 169 135 35 136 65 66 122 132 0 87 172 42 100 193 192 44 119 14 142 43 15 57 144 137 0 195 54 130 165 55 25 170 39 187 139 4 155 110 0 166 18 82 48 123 88 190 31 162 101 69 0 184 76 196 116 77 3 68 150 80 177 109 12 0 181 32 131 160 128 20 188 71 161 103 0 117 97 92 151 37 98 85 93 59 104 99 96 94 0 27 167 146 89 147 6 183 13 152 58 53 0 40 2 178 115 145 41 22 133 74 171 73 21 26 0 95 38 140 86 113 17 45 125 174 8 153 0 114 199 83 60 118 5 84 173 61 16 141 191 91 0 52 19 107 175 11 126 90 63 64 49 143 36 47 168 124 46 0 111 176 1 70 30 51 102 50 138 154 28 0 72 75 23 67 186 56 197 198 180 105 0 127 10 189 108 159 62 148 182 7 194 106 0 158 79 129 78 34 164 120 9 81 185 33 157 0 156 112 0 
Solução encontrada considerada boa
GAP de 4.29716
Numero maximo de geracoes sem evolucao: 68
Solucão valida: Sim
====================================================================================================================


 ===================================================RESULTADOS=========================================================
Melhor fitness final: 1428
Melhor fitness possivel: 1373
Tempo de execução: 200
Melhor solução encontrada: 0 156 112 89 166 18 153 106 194 7 127 167 27 146 0 26 195 149 72 74 171 73 21 180 40 105 0 79 129 169 78 34 164 135 35 136 9 120 185 111 0 190 31 162 101 70 30 122 51 33 157 102 50 0 4 155 197 75 133 22 41 145 115 178 2 137 0 13 172 42 142 14 192 119 44 191 141 16 61 173 84 0 121 29 24 163 134 54 130 165 55 25 170 39 187 139 110 0 52 82 114 8 174 46 36 143 49 64 181 182 88 0 83 60 118 5 93 85 91 193 100 37 98 0 177 80 150 68 158 3 77 116 196 76 184 0 48 124 47 168 123 19 107 175 11 126 63 90 132 0 81 103 161 71 65 66 188 20 1 176 0 117 87 144 57 15 43 38 140 86 113 17 45 125 199 0 198 56 186 23 67 179 109 12 138 154 28 0 148 62 159 10 189 108 32 131 160 128 69 0 147 6 96 104 99 59 151 92 97 95 94 183 0 152 58 53 0 
Solução encontrada considerada boa
GAP de 4.00583
Numero maximo de geracoes sem evolucao: 150
Solucão valida: Sim
====================================================================================================================

