
 ===================================================RESULTADOS=========================================================
Melhor fitness final: 1413
Melhor fitness possivel: 1373
Tempo de execução: 200
Melhor solução encontrada: 0 10 189 108 90 32 131 181 63 126 159 62 148 0 182 123 19 107 175 11 64 49 143 36 7 194 106 0 50 9 120 164 34 78 169 121 29 24 163 134 177 0 112 183 6 147 89 52 88 31 190 127 0 76 196 77 158 3 79 129 68 80 150 116 184 0 180 21 72 197 4 155 179 195 149 26 0 13 117 97 87 144 57 145 41 22 115 178 2 58 53 0 110 139 187 39 23 186 56 75 133 74 171 73 0 122 20 188 66 65 136 35 135 71 161 103 0 102 157 33 185 81 51 128 160 30 70 101 162 0 28 154 138 111 176 1 132 69 167 27 0 94 59 92 151 37 98 85 93 99 104 96 0 5 84 173 113 17 45 125 174 8 114 18 166 0 95 100 193 91 191 141 44 119 192 14 142 42 172 137 0 105 40 198 67 170 25 55 165 130 54 109 12 0 118 60 83 199 46 124 47 168 48 82 153 146 0 156 152 15 43 38 140 86 16 61 0 
Solução encontrada considerada boa
GAP de 2.91333
Numero maximo de geracoes sem evolucao: 109
Solucão valida: Sim
====================================================================================================================


 ===================================================RESULTADOS=========================================================
Melhor fitness final: 1428
Melhor fitness possivel: 1373
Tempo de execução: 200
Melhor solução encontrada: 0 5 173 84 125 45 174 8 114 199 83 60 118 0 53 105 180 198 155 4 179 195 149 26 0 166 18 153 106 194 7 182 62 159 10 148 88 0 82 48 124 47 168 123 19 107 175 11 63 126 0 94 95 97 87 144 57 178 115 2 137 13 0 32 131 160 128 20 188 66 65 136 71 103 51 0 27 132 69 162 101 70 30 122 102 50 138 154 28 0 12 109 177 80 150 68 77 116 196 76 184 0 189 108 90 181 64 49 143 36 46 17 113 61 59 0 111 176 1 167 52 89 147 6 183 112 156 0 157 33 164 34 78 169 121 29 24 163 134 25 55 165 130 54 0 9 161 35 135 120 81 185 79 129 158 3 0 152 73 171 74 22 133 75 197 72 21 40 0 58 145 41 56 186 23 67 170 39 187 139 110 0 117 172 42 15 43 142 14 38 140 86 16 91 193 98 93 0 151 92 37 100 192 119 44 141 191 85 99 104 96 0 31 190 127 146 0 
Solução encontrada considerada boa
GAP de 4.00583
Numero maximo de geracoes sem evolucao: 123
Solucão valida: Sim
====================================================================================================================


 ===================================================RESULTADOS=========================================================
Melhor fitness final: 1409
Melhor fitness possivel: 1373
Tempo de execução: 200
Melhor solução encontrada: 0 184 158 79 129 169 34 164 120 9 103 51 0 149 179 4 155 187 170 25 55 165 130 54 134 163 0 160 131 32 181 64 175 11 126 63 90 108 10 189 0 12 109 177 80 150 68 3 77 116 196 76 111 0 123 19 107 49 143 36 47 168 124 48 82 0 89 166 18 153 106 194 7 182 62 159 148 88 0 128 20 188 66 161 71 65 136 35 135 78 121 29 24 0 87 57 15 43 142 14 38 140 86 113 16 61 173 0 26 110 139 39 67 23 186 56 75 133 74 40 0 93 85 193 91 191 141 44 119 192 100 98 37 117 0 105 180 21 72 197 198 195 138 154 28 0 13 137 42 172 144 2 178 115 145 41 22 171 73 0 183 94 95 97 92 151 59 104 99 96 6 147 0 118 60 83 199 114 8 174 46 45 125 17 84 5 0 27 69 132 176 1 101 162 31 190 127 167 146 0 156 112 52 70 30 122 81 185 33 157 102 50 0 53 152 58 0 
Solução encontrada considerada boa
GAP de 2.622
Numero maximo de geracoes sem evolucao: 147
Solucão valida: Sim
====================================================================================================================


 ===================================================RESULTADOS=========================================================
Melhor fitness final: 1391
Melhor fitness possivel: 1373
Tempo de execução: 200
Melhor solução encontrada: 0 184 76 196 116 77 68 80 150 177 109 12 0 54 130 165 55 25 134 163 24 29 121 3 158 157 102 50 0 83 199 174 45 125 84 173 61 5 118 60 0 114 8 46 36 143 49 64 11 175 107 19 123 182 146 0 99 104 59 93 85 91 193 100 98 37 92 151 97 117 0 110 155 4 139 187 39 170 67 23 186 56 0 33 81 9 120 164 34 78 169 129 79 185 0 105 26 195 179 149 180 40 58 152 53 0 112 13 95 94 183 6 147 89 0 190 90 181 32 131 160 128 188 20 122 101 162 0 1 51 103 161 71 135 35 136 65 66 30 70 0 31 189 10 108 63 126 159 62 148 88 127 0 166 18 82 124 47 168 48 7 194 106 153 52 0 87 144 172 42 142 14 140 38 43 15 145 115 178 2 0 156 27 167 69 132 176 111 138 154 28 0 198 21 73 72 197 75 74 171 133 22 41 57 137 0 96 192 119 44 191 141 16 86 113 17 0 
Solução encontrada considerada boa
GAP de 1.311
Numero maximo de geracoes sem evolucao: 99
Solucão valida: Sim
====================================================================================================================


 ===================================================RESULTADOS=========================================================
Melhor fitness final: 1458
Melhor fitness possivel: 1373
Tempo de execução: 200
Melhor solução encontrada: 0 96 92 151 117 13 137 145 41 22 133 75 23 186 56 0 183 94 95 97 87 144 57 178 115 2 0 160 131 32 90 63 126 108 189 10 159 62 148 0 11 175 107 19 123 168 47 124 48 82 18 0 104 99 86 113 17 45 125 174 8 114 83 0 166 118 60 199 46 36 143 49 64 181 66 128 1 0 184 116 77 158 3 129 79 185 33 196 76 0 167 127 190 31 88 182 7 194 106 153 52 0 172 42 142 14 119 44 191 141 16 61 173 84 5 6 0 156 112 147 89 146 27 111 138 154 28 0 179 165 55 25 170 67 39 187 139 197 74 171 73 0 21 72 198 110 4 155 130 54 134 24 163 177 0 150 80 68 121 29 169 78 34 164 120 81 50 0 59 93 85 98 37 100 193 91 192 140 38 43 15 0 53 152 58 40 180 149 195 109 12 26 105 0 102 157 51 103 188 20 30 122 70 101 162 69 132 0 161 71 65 136 35 135 9 176 0 
Solução encontrada considerada mediana
GAP de 6.19082
Numero maximo de geracoes sem evolucao: 243
Solucão valida: Sim
====================================================================================================================


 ===================================================RESULTADOS=========================================================
Melhor fitness final: 1438
Melhor fitness possivel: 1373
Tempo de execução: 200
Melhor solução encontrada: 0 153 82 48 124 46 36 143 49 47 168 123 7 52 0 28 138 154 12 109 177 150 80 68 184 111 0 132 176 50 102 157 158 3 77 116 196 76 0 85 91 193 100 37 98 95 152 58 53 0 31 189 10 159 62 148 182 194 106 146 0 26 149 195 179 198 72 74 73 21 180 105 0 13 137 2 115 178 117 97 151 92 59 93 99 104 96 0 20 188 66 128 90 126 63 181 64 11 175 107 19 88 0 144 57 172 42 142 14 192 119 44 191 141 16 61 173 84 0 1 33 81 9 120 164 34 169 129 79 185 0 54 130 165 55 25 170 39 187 139 155 4 110 40 0 171 145 41 22 133 75 23 67 186 56 197 0 27 167 89 147 6 183 94 112 156 0 5 118 60 83 199 174 8 114 190 127 0 87 15 43 38 140 86 113 17 45 125 18 166 0 122 51 103 161 71 65 136 35 135 78 121 29 24 163 134 0 162 108 32 131 160 30 70 101 69 0 
Solução encontrada considerada boa
GAP de 4.73416
Numero maximo de geracoes sem evolucao: 232
Solucão valida: Sim
====================================================================================================================


 ===================================================RESULTADOS=========================================================
Melhor fitness final: 1440
Melhor fitness possivel: 1373
Tempo de execução: 200
Melhor solução encontrada: 0 125 45 174 8 124 47 168 123 48 82 0 93 85 193 91 191 44 119 14 192 100 37 98 6 0 31 189 10 108 131 32 90 63 126 11 175 107 19 0 13 137 171 74 75 23 67 186 56 197 198 0 167 162 101 70 30 122 51 120 81 185 102 50 0 53 105 180 40 58 152 147 166 89 156 0 176 1 103 161 66 188 20 128 160 69 132 0 28 196 3 158 77 184 12 109 195 149 26 0 18 114 199 83 84 173 16 141 61 5 118 60 0 177 54 130 134 163 24 29 121 80 150 68 116 76 0 79 129 169 78 34 164 135 35 136 65 71 9 33 157 0 190 181 64 49 143 36 46 17 113 86 140 38 117 0 94 95 97 151 92 59 104 99 96 183 112 0 87 144 172 42 142 43 15 57 145 41 133 22 115 178 2 0 146 52 153 106 194 7 182 62 159 148 88 127 27 0 179 165 55 25 170 39 187 139 155 4 110 72 73 21 0 111 154 138 0 
Solução encontrada considerada boa
GAP de 4.87983
Numero maximo de geracoes sem evolucao: 109
Solucão valida: Sim
====================================================================================================================


 ===================================================RESULTADOS=========================================================
Melhor fitness final: 1413
Melhor fitness possivel: 1373
Tempo de execução: 200
Melhor solução encontrada: 0 31 189 10 159 62 148 182 7 194 106 153 0 114 8 199 84 173 61 16 141 191 91 85 93 0 156 112 53 105 26 149 195 109 12 28 0 13 117 97 37 98 100 193 192 119 14 142 42 172 2 137 0 154 138 177 134 24 163 150 80 68 116 184 0 54 130 165 55 25 170 187 139 110 198 40 58 152 0 178 115 145 41 75 23 67 39 186 56 197 0 76 196 77 3 158 129 79 185 157 102 111 0 123 19 107 175 11 126 63 181 64 49 143 36 124 52 146 0 5 17 113 86 44 140 38 43 15 57 144 87 0 82 48 168 47 46 174 45 125 83 166 0 50 33 81 120 9 51 122 30 70 101 162 69 132 0 183 94 95 92 151 59 104 99 96 6 147 0 161 66 188 20 128 160 131 32 90 108 0 179 155 4 72 74 133 22 171 73 21 180 0 176 1 103 71 65 136 35 135 164 34 78 169 29 121 0 89 118 60 18 88 190 127 167 27 0 
Solução encontrada considerada boa
GAP de 2.91333
Numero maximo de geracoes sem evolucao: 115
Solucão valida: Sim
====================================================================================================================


 ===================================================RESULTADOS=========================================================
Melhor fitness final: 1425
Melhor fitness possivel: 1373
Tempo de execução: 200
Melhor solução encontrada: 0 155 4 197 75 56 186 39 187 170 25 55 165 130 0 139 67 23 15 43 38 140 86 91 193 100 13 0 65 136 35 135 164 34 78 169 121 29 24 163 134 54 0 50 81 120 9 161 71 103 51 122 70 101 69 0 5 173 61 16 141 191 44 119 192 14 142 42 172 117 0 182 123 19 107 175 11 159 62 148 88 167 0 53 21 73 171 74 133 22 41 145 57 144 178 115 2 0 118 84 113 17 45 125 174 8 114 199 83 60 0 156 147 93 85 98 37 97 87 137 58 0 28 184 196 77 3 158 129 79 185 33 157 102 0 112 183 94 95 92 151 59 99 104 96 6 0 111 76 116 68 80 150 177 109 12 138 154 0 89 166 18 82 124 47 168 48 7 194 106 52 146 0 105 26 149 195 179 110 72 198 180 40 152 0 132 30 160 131 32 181 66 188 20 128 1 0 27 31 189 10 108 90 126 63 64 49 143 36 46 153 0 176 162 190 127 0 
Solução encontrada considerada boa
GAP de 3.78733
Numero maximo de geracoes sem evolucao: 125
Solucão valida: Sim
====================================================================================================================


 ===================================================RESULTADOS=========================================================
Melhor fitness final: 1419
Melhor fitness possivel: 1373
Tempo de execução: 200
Melhor solução encontrada: 0 198 110 155 4 197 74 133 22 41 145 171 73 21 0 26 149 179 25 55 165 130 54 195 138 154 28 0 72 75 56 186 23 67 170 39 187 139 0 134 163 24 29 121 158 3 157 102 50 176 111 0 188 20 128 160 131 32 90 63 126 11 175 107 19 88 0 185 79 129 169 78 34 164 35 135 120 81 33 0 13 117 97 37 98 100 193 91 85 93 166 89 0 112 183 94 95 92 151 59 104 99 96 6 0 12 109 177 150 80 68 77 116 196 76 184 0 181 64 49 143 36 47 168 124 48 123 153 0 10 189 108 159 62 148 182 7 194 106 52 0 156 146 167 127 190 31 162 69 132 27 0 60 118 5 84 125 174 8 114 199 83 18 0 82 46 45 17 113 16 141 191 44 119 192 14 142 42 0 101 70 30 66 65 136 71 161 103 9 51 122 1 0 105 180 40 115 144 172 87 137 58 152 53 0 147 173 61 86 140 38 43 15 57 178 2 0 
Solução encontrada considerada boa
GAP de 3.35033
Numero maximo de geracoes sem evolucao: 108
Solucão valida: Sim
====================================================================================================================

