1.21
 ===================================================RESULTADOS=========================================================
Melhor fitness final: 25801
Melhor fitness possivel: 25569
Tempo de execução: 200
Melhor solução encontrada: 0 60 128 14 20 107 137 49 19 0 145 13 77 136 129 38 154 133 0 165 144 124 176 98 73 67 114 0 173 119 28 69 94 100 56 99 0 130 21 8 58 80 158 36 9 0 88 78 102 3 93 161 109 68 0 142 143 11 42 84 116 63 140 0 118 34 97 150 40 177 156 178 0 127 15 164 37 147 87 167 146 0 138 115 64 54 111 43 10 31 0 59 22 41 168 162 110 57 155 0 95 163 90 26 2 89 85 149 0 170 123 174 48 6 126 139 120 0 152 52 51 29 27 122 157 47 0 45 24 179 105 5 135 71 17 0 153 82 46 74 166 50 16 1 0 75 113 4 53 151 35 117 175 0 104 108 12 121 86 62 23 55 0 33 134 39 125 103 83 7 91 0 132 44 61 65 169 92 131 32 0 72 25 66 81 141 172 160 106 0 70 76 18 159 171 96 79 30 0 148 101 112 180 0 
Solução encontrada considerada boa
GAP de 0.907349
Numero maximo de geracoes sem evolucao: 2081
Solucão valida: Sim
====================================================================================================================


 ===================================================RESULTADOS=========================================================
Melhor fitness final: 25819
Melhor fitness possivel: 25569
Tempo de execução: 200
Melhor solução encontrada: 0 156 127 15 164 37 147 87 167 0 49 14 9 36 158 80 58 21 0 67 130 88 78 102 3 93 68 0 108 12 121 70 54 111 43 178 0 120 139 106 41 22 48 6 126 0 8 76 18 159 171 96 79 30 0 31 10 64 86 62 105 5 135 0 17 55 23 71 24 179 115 138 0 162 117 35 53 4 175 110 57 0 136 28 69 100 119 173 129 133 0 72 25 66 7 33 151 91 168 0 52 29 27 122 157 47 143 142 0 19 109 161 20 107 137 128 60 0 32 131 92 169 65 61 44 132 0 153 46 74 103 125 39 83 134 0 148 112 101 174 123 155 170 45 0 152 51 95 163 90 26 2 149 0 81 1 16 50 94 146 166 82 0 140 63 85 89 116 84 42 11 0 113 34 97 150 177 40 118 75 0 114 73 98 176 124 144 165 104 0 59 38 154 56 99 141 172 160 0 180 13 77 145 0 
Solução encontrada considerada boa
GAP de 0.977746
Numero maximo de geracoes sem evolucao: 1183
Solucão valida: Sim
====================================================================================================================


 ===================================================RESULTADOS=========================================================
Melhor fitness final: 25881
Melhor fitness possivel: 25569
Tempo de execução: 200
Melhor solução encontrada: 0 136 129 38 154 172 66 25 72 0 134 83 125 103 166 146 50 16 0 49 60 128 137 107 20 161 19 0 23 62 64 86 121 70 12 108 0 91 7 33 4 53 151 35 117 0 68 109 93 3 102 78 88 130 0 152 51 95 163 90 26 2 149 0 52 29 27 122 157 47 143 142 0 98 21 58 80 158 36 9 14 0 99 56 100 94 69 28 119 173 0 17 24 179 105 5 135 71 55 0 104 165 144 124 176 73 67 114 0 160 141 1 46 74 82 153 81 0 118 113 175 110 162 168 41 22 0 39 167 87 147 37 164 15 127 0 101 120 139 106 133 59 112 148 0 45 170 155 123 174 48 6 126 0 8 76 18 159 171 96 79 30 0 138 115 10 43 178 75 57 31 0 132 44 61 169 89 85 63 140 0 32 65 131 92 116 84 42 11 0 34 97 150 40 177 156 111 54 0 145 77 13 180 0 
Solução encontrada considerada boa
GAP de 1.22023
Numero maximo de geracoes sem evolucao: 3813
Solucão valida: Sim
====================================================================================================================


 ===================================================RESULTADOS=========================================================
Melhor fitness final: 26028
Melhor fitness possivel: 25569
Tempo de execução: 200
Melhor solução encontrada: 0 38 154 99 56 173 129 136 77 0 24 135 62 86 64 105 5 179 0 30 79 96 171 159 18 76 70 0 50 166 146 94 69 28 119 100 0 167 87 147 37 164 15 127 156 0 152 51 95 163 29 122 27 52 0 55 71 23 144 165 104 114 142 0 45 170 155 123 31 115 138 17 0 143 11 49 109 68 88 130 67 0 14 9 36 158 80 58 8 124 0 174 110 175 117 35 53 4 57 0 151 33 134 39 125 103 83 7 0 47 60 128 137 107 20 161 19 0 73 176 98 21 102 3 93 78 0 126 6 22 41 160 106 139 120 0 108 12 121 54 111 43 178 10 0 172 141 81 66 25 72 168 48 0 148 101 112 59 133 13 180 145 0 162 91 153 82 46 74 16 1 0 113 34 97 150 177 40 118 75 0 132 140 63 85 2 26 90 0 157 42 84 116 169 65 61 44 0 149 89 92 131 32 0 
Solução encontrada considerada boa
GAP de 1.79514
Numero maximo de geracoes sem evolucao: 1930
Solucão valida: Sim
====================================================================================================================


 ===================================================RESULTADOS=========================================================
Melhor fitness final: 25905
Melhor fitness possivel: 25569
Tempo de execução: 200
Melhor solução encontrada: 0 38 154 172 141 129 136 77 13 0 153 82 46 74 166 103 125 39 0 143 47 157 122 27 29 51 52 0 167 147 87 146 94 50 16 1 0 88 78 93 3 102 98 176 73 0 152 95 163 90 26 89 2 149 0 14 9 30 79 96 171 159 8 0 120 139 126 6 48 174 123 170 0 19 68 109 161 137 128 60 49 0 59 22 41 160 106 133 180 145 0 155 31 115 138 179 24 71 55 0 121 70 76 18 37 164 15 127 0 140 61 65 169 84 42 11 142 0 175 117 35 151 33 134 83 7 0 114 67 124 12 108 144 165 104 0 178 40 177 150 97 34 4 53 0 23 62 86 64 105 5 135 17 0 173 119 28 69 100 56 99 81 0 168 72 25 66 91 162 110 57 0 10 43 54 111 156 118 113 75 0 130 21 58 80 158 36 20 107 0 63 85 116 92 131 32 44 132 0 45 101 112 148 0 
Solução encontrada considerada boa
GAP de 1.31409
Numero maximo de geracoes sem evolucao: 2959
Solucão valida: Sim
====================================================================================================================


 ===================================================RESULTADOS=========================================================
Melhor fitness final: 25902
Melhor fitness possivel: 25569
Tempo de execução: 200
Melhor solução encontrada: 0 55 23 135 5 105 179 24 71 0 48 22 41 168 162 175 110 57 0 176 98 102 3 93 78 88 130 0 112 59 139 6 126 120 101 148 0 100 119 28 69 94 50 16 1 0 14 36 158 79 30 9 128 60 0 49 137 107 20 161 109 68 19 0 173 56 99 141 81 66 25 72 0 44 32 65 61 169 131 92 116 0 7 134 83 103 125 39 4 53 0 117 35 151 33 82 46 153 91 0 17 138 115 31 123 155 170 45 0 156 177 150 40 118 113 75 174 0 74 166 146 87 147 167 97 34 0 106 160 172 154 38 129 136 133 0 127 15 164 37 18 76 70 121 0 12 8 159 171 96 80 58 21 0 132 140 63 85 89 2 26 149 0 62 86 64 54 111 43 178 10 0 152 95 51 52 47 143 11 142 0 104 165 144 108 124 73 67 114 0 27 122 157 42 84 29 90 163 0 145 77 13 180 0 
Solução encontrada considerada boa
GAP de 1.30236
Numero maximo de geracoes sem evolucao: 1317
Solucão valida: Sim
====================================================================================================================


 ===================================================RESULTADOS=========================================================
Melhor fitness final: 25761
Melhor fitness possivel: 25569
Tempo de execução: 200
Melhor solução encontrada: 0 130 88 78 93 3 102 21 8 0 179 5 105 64 86 62 135 23 0 70 76 18 159 171 96 80 58 0 104 108 12 121 54 111 43 10 0 57 110 175 117 35 151 7 91 0 32 65 131 92 116 84 42 11 0 49 137 107 20 161 109 68 19 0 1 16 50 94 146 166 103 39 0 138 115 178 118 113 75 31 155 0 114 67 73 98 176 124 144 165 0 101 126 6 48 174 123 170 45 0 145 180 133 59 139 120 112 148 0 14 36 158 79 30 9 128 60 0 156 177 40 150 97 34 4 53 0 142 143 47 157 122 27 29 52 0 132 44 61 169 89 85 63 140 0 22 160 154 38 129 136 77 13 0 173 119 28 69 100 56 99 106 0 127 15 164 37 147 87 167 125 0 41 172 141 81 66 25 72 168 0 149 2 26 90 163 95 51 152 0 162 33 134 83 74 46 82 153 0 55 71 24 17 0 
Solução encontrada considerada boa
GAP de 0.750909
Numero maximo de geracoes sem evolucao: 2243
Solucão valida: Sim
====================================================================================================================


 ===================================================RESULTADOS=========================================================
Melhor fitness final: 25885
Melhor fitness possivel: 25569
Tempo de execução: 200
Melhor solução encontrada: 0 10 43 111 156 177 150 40 178 0 137 14 36 158 80 58 21 102 0 54 127 15 37 164 97 34 118 0 143 47 157 122 27 29 51 52 0 11 19 88 98 176 124 73 130 0 133 154 172 141 81 66 25 72 0 35 151 53 4 134 83 33 7 0 112 59 139 6 48 126 120 101 0 170 155 123 174 57 31 115 138 0 1 16 50 74 46 82 153 91 0 173 119 28 69 94 100 56 99 0 142 114 67 104 23 71 55 17 0 169 131 92 116 84 42 60 49 0 8 159 171 96 79 30 9 128 0 165 144 108 12 70 18 76 121 0 68 109 161 107 20 3 93 78 0 152 149 140 61 65 32 44 132 0 63 85 89 2 26 90 163 95 0 39 125 167 147 87 146 166 103 0 24 135 62 86 64 105 5 179 0 22 106 160 38 129 136 77 13 0 75 113 117 175 110 162 168 41 0 45 148 180 145 0 
Solução encontrada considerada boa
GAP de 1.23587
Numero maximo de geracoes sem evolucao: 3008
Solucão valida: Sim
====================================================================================================================


 ===================================================RESULTADOS=========================================================
Melhor fitness final: 25794
Melhor fitness possivel: 25569
Tempo de execução: 200
Melhor solução encontrada: 0 1 16 50 94 146 166 74 46 0 52 51 29 27 122 157 47 143 0 152 95 163 90 26 89 2 149 0 127 15 164 37 147 87 167 4 0 136 173 119 28 69 100 56 99 0 153 82 103 125 39 83 134 33 0 10 43 111 54 70 121 12 108 0 101 120 126 6 139 59 112 148 0 68 93 3 102 78 88 130 114 0 123 174 48 57 75 178 31 115 0 21 58 80 171 159 18 76 8 0 113 118 34 97 150 40 177 156 0 55 135 5 105 64 86 62 23 0 14 36 158 96 79 30 9 49 0 45 170 155 138 179 24 71 17 0 104 165 144 124 176 98 73 67 0 22 41 168 72 154 38 129 133 0 19 109 161 20 107 137 128 60 0 132 44 61 65 169 85 63 140 0 142 11 42 84 116 92 131 32 0 91 7 151 53 35 117 175 110 0 162 25 66 81 141 172 160 106 0 145 77 13 180 0 
Solução encontrada considerada boa
GAP de 0.879972
Numero maximo de geracoes sem evolucao: 2346
Solucão valida: Sim
====================================================================================================================


 ===================================================RESULTADOS=========================================================
Melhor fitness final: 25999
Melhor fitness possivel: 25569
Tempo de execução: 200
Melhor solução encontrada: 0 153 82 46 74 166 50 16 1 0 60 128 9 30 79 158 36 14 0 24 179 135 62 108 144 165 104 0 148 112 120 139 59 133 180 145 0 53 39 125 103 83 134 33 162 0 52 29 27 122 157 47 143 142 0 45 170 155 123 57 31 115 138 0 149 2 26 90 163 95 51 152 0 168 72 91 7 151 35 117 110 0 178 156 127 15 37 164 4 175 0 5 105 64 86 54 111 43 10 0 113 34 97 150 177 40 118 75 0 13 77 136 173 28 119 56 129 0 101 126 6 106 160 22 48 174 0 67 73 130 88 98 176 124 114 0 78 93 3 102 21 58 80 8 0 19 68 109 161 20 107 137 49 0 99 100 69 94 146 87 147 167 0 11 42 84 116 92 131 169 140 0 12 121 70 76 18 159 171 96 0 38 154 172 141 81 66 25 41 0 89 85 63 61 65 32 44 132 0 55 23 71 17 0 
Solução encontrada considerada boa
GAP de 1.68172
Numero maximo de geracoes sem evolucao: 1030
Solucão valida: Sim
====================================================================================================================

