
 ===================================================RESULTADOS=========================================================
Melhor fitness final: 1097
Melhor fitness possivel: 1053
Tempo de execução: 200
Melhor solução encontrada: 0 52 106 48 124 46 47 36 143 49 64 62 148 146 0 40 115 2 144 57 15 145 41 22 133 56 25 55 130 54 149 26 0 93 85 61 16 141 44 119 14 43 142 42 117 0 111 76 116 77 3 68 150 80 109 12 138 28 0 134 24 29 121 78 34 135 35 136 65 71 66 108 10 0 1 122 51 103 9 120 81 129 79 33 102 50 0 123 19 107 11 126 63 90 32 131 128 20 30 70 101 69 132 0 21 73 72 74 75 23 67 39 139 4 110 0 89 18 83 125 45 8 114 82 7 88 31 127 27 0 137 87 91 38 140 86 113 17 84 5 118 60 0 147 6 96 99 104 59 98 100 37 92 97 95 94 0 112 13 58 105 53 0 
Solução encontrada considerada boa
GAP de 4.17854
Numero maximo de geracoes sem evolucao: 4129
Solucão valida: Sim
====================================================================================================================


 ===================================================RESULTADOS=========================================================
Melhor fitness final: 1086
Melhor fitness possivel: 1053
Tempo de execução: 200
Melhor solução encontrada: 0 1 122 30 66 71 65 136 35 135 120 9 103 51 0 111 50 102 33 81 34 78 129 79 3 77 116 76 0 146 88 148 62 107 11 126 63 90 32 131 128 20 108 10 0 18 83 114 8 125 45 17 113 84 5 118 60 0 137 87 144 57 42 142 14 38 140 86 91 100 98 37 92 0 106 7 123 19 64 49 143 36 46 124 47 48 82 0 28 138 12 80 150 68 121 29 24 134 109 149 26 0 13 117 97 95 59 104 99 96 94 6 147 89 0 105 110 4 56 23 67 39 139 25 55 130 54 0 53 40 21 72 75 133 22 74 73 58 112 0 93 85 61 16 141 44 119 43 15 41 145 115 2 0 27 132 69 101 70 31 127 52 0 
Solução encontrada considerada boa
GAP de 3.1339
Numero maximo de geracoes sem evolucao: 1974
Solucão valida: Sim
====================================================================================================================


 ===================================================RESULTADOS=========================================================
Melhor fitness final: 1099
Melhor fitness possivel: 1053
Tempo de execução: 200
Melhor solução encontrada: 0 137 87 144 57 2 115 145 41 15 43 142 42 100 85 98 0 93 61 16 86 140 38 14 119 44 141 91 37 92 0 112 58 40 21 73 74 22 133 75 72 110 149 0 13 117 97 95 59 99 104 96 94 6 147 89 0 82 48 124 46 47 36 143 49 64 19 123 7 106 0 28 111 132 69 101 70 108 10 62 148 31 127 27 0 1 122 30 20 66 128 131 32 90 63 126 11 107 88 52 146 0 4 56 23 67 39 139 25 55 24 134 130 54 0 150 80 68 121 29 34 135 35 136 65 71 103 9 51 0 18 83 114 8 125 45 17 113 84 5 118 60 0 50 102 33 81 120 78 129 79 3 77 116 76 0 53 105 26 109 12 138 0 
Solução encontrada considerada boa
GAP de 4.36847
Numero maximo de geracoes sem evolucao: 2912
Solucão valida: Sim
====================================================================================================================


 ===================================================RESULTADOS=========================================================
Melhor fitness final: 1085
Melhor fitness possivel: 1053
Tempo de execução: 200
Melhor solução encontrada: 0 48 124 46 47 36 143 49 64 11 107 19 123 7 0 111 50 102 33 81 120 9 30 70 101 69 27 0 110 4 139 39 56 75 133 22 74 72 73 21 40 0 42 15 43 142 14 119 44 38 140 86 141 16 61 6 0 132 1 51 103 71 65 136 35 135 34 78 129 79 3 77 76 0 60 118 5 84 113 17 45 125 8 114 83 0 53 105 26 149 109 80 150 68 12 138 28 0 13 117 95 104 99 59 92 97 87 144 57 115 2 137 0 147 96 93 85 91 100 37 98 94 112 0 58 145 41 23 67 25 55 130 54 134 24 29 121 116 0 122 20 66 128 131 32 90 63 126 108 10 62 148 52 146 0 89 18 82 106 88 31 127 0 
Solução encontrada considerada boa
GAP de 3.03894
Numero maximo de geracoes sem evolucao: 4596
Solucão valida: Sim
====================================================================================================================


 ===================================================RESULTADOS=========================================================
Melhor fitness final: 1081
Melhor fitness possivel: 1053
Tempo de execução: 200
Melhor solução encontrada: 0 132 69 1 122 20 128 131 32 90 63 126 108 10 62 148 146 0 12 80 150 68 121 29 24 134 130 54 109 138 28 0 76 77 33 81 120 9 103 51 102 50 111 0 52 106 7 48 47 124 82 84 5 118 60 0 73 75 56 23 67 39 139 25 55 4 110 149 26 0 116 3 79 129 78 34 135 35 136 65 71 66 30 70 101 0 137 42 142 14 119 44 141 16 61 85 93 0 18 46 36 143 49 64 11 107 19 123 88 31 127 27 0 147 6 96 99 104 59 37 100 140 38 43 15 57 144 87 0 89 83 114 8 125 45 17 113 86 91 98 92 97 117 0 53 58 2 115 145 41 22 133 74 72 21 40 105 0 112 94 95 13 0 
Solução encontrada considerada boa
GAP de 2.65907
Numero maximo de geracoes sem evolucao: 3739
Solucão valida: Sim
====================================================================================================================


 ===================================================RESULTADOS=========================================================
Melhor fitness final: 1087
Melhor fitness possivel: 1053
Tempo de execução: 200
Melhor solução encontrada: 0 58 145 41 15 43 38 140 86 113 17 45 125 83 18 0 82 47 36 143 49 64 11 107 19 123 7 106 52 0 27 69 122 20 128 66 65 136 35 135 71 103 51 1 0 147 5 84 114 8 46 124 48 62 148 88 146 0 149 110 4 139 39 56 75 133 22 74 72 21 0 132 101 70 30 131 32 90 63 126 108 10 31 127 0 13 117 87 97 92 37 98 100 91 85 93 99 104 96 6 0 50 102 33 81 9 120 34 78 129 79 3 77 0 61 16 141 44 119 14 142 42 144 57 115 2 137 0 40 73 23 67 25 55 130 54 134 24 29 121 12 138 0 28 111 76 116 68 150 80 109 26 105 53 0 112 94 95 59 118 60 89 0 
Solução encontrada considerada boa
GAP de 3.22887
Numero maximo de geracoes sem evolucao: 1642
Solucão valida: Sim
====================================================================================================================


 ===================================================RESULTADOS=========================================================
Melhor fitness final: 1086
Melhor fitness possivel: 1053
Tempo de execução: 200
Melhor solução encontrada: 0 83 114 8 125 45 17 113 84 5 118 60 0 89 18 82 48 124 46 47 36 143 49 64 11 88 0 53 40 73 74 22 133 75 56 39 139 4 110 105 0 94 95 92 98 85 93 59 96 6 147 0 28 116 77 3 79 81 33 102 50 111 0 87 57 145 41 15 43 38 140 86 141 16 61 99 104 0 12 80 150 68 121 29 24 134 54 149 26 0 76 129 78 34 135 35 136 65 71 66 103 9 120 51 0 146 52 106 7 123 19 107 62 148 31 127 27 0 112 13 117 97 37 100 91 44 119 14 142 42 144 115 2 137 0 132 1 122 30 20 128 131 32 90 63 126 108 10 70 101 69 0 58 21 72 23 67 25 55 130 109 138 0 
Solução encontrada considerada boa
GAP de 3.1339
Numero maximo de geracoes sem evolucao: 4190
Solucão valida: Sim
====================================================================================================================


 ===================================================RESULTADOS=========================================================
Melhor fitness final: 1069
Melhor fitness possivel: 1053
Tempo de execução: 200
Melhor solução encontrada: 0 132 1 20 128 66 71 65 136 35 135 34 78 129 79 3 0 127 31 10 108 131 32 90 63 126 62 148 88 52 146 0 77 121 29 24 134 54 130 55 25 67 39 139 4 0 48 124 46 47 36 143 49 64 11 107 19 123 7 0 40 21 73 72 74 22 133 75 23 56 110 149 26 0 50 102 33 81 120 9 103 51 122 30 70 101 69 0 95 97 37 100 91 141 86 140 38 43 15 41 145 115 2 137 0 147 6 96 99 104 93 85 98 92 59 94 0 89 18 83 84 61 16 44 119 14 142 42 57 144 87 117 0 106 82 114 8 125 45 17 113 5 118 60 0 27 111 76 116 68 80 150 109 12 138 28 0 112 13 58 105 53 0 
Solução encontrada considerada boa
GAP de 1.51947
Numero maximo de geracoes sem evolucao: 2702
Solucão valida: Sim
====================================================================================================================


 ===================================================RESULTADOS=========================================================
Melhor fitness final: 1093
Melhor fitness possivel: 1053
Tempo de execução: 200
Melhor solução encontrada: 0 111 50 102 33 81 51 122 30 70 101 1 69 132 27 0 98 91 16 141 86 140 38 14 119 44 100 37 92 0 89 60 118 5 84 17 113 61 85 93 0 103 66 20 128 131 32 90 63 126 11 107 19 123 7 52 0 31 108 10 148 82 114 8 45 125 83 18 0 21 72 74 75 133 22 41 145 57 15 43 142 42 144 87 0 138 12 109 54 134 24 29 121 80 150 68 116 28 0 120 9 71 65 136 35 135 34 78 129 79 3 77 76 0 146 106 48 124 46 47 36 143 49 64 62 88 127 0 73 56 23 67 39 139 25 55 130 4 110 149 26 0 112 147 6 94 96 99 104 59 95 97 117 13 0 105 40 115 2 137 58 53 0 
Solução encontrada considerada boa
GAP de 3.79867
Numero maximo de geracoes sem evolucao: 3331
Solucão valida: Sim
====================================================================================================================


 ===================================================RESULTADOS=========================================================
Melhor fitness final: 1074
Melhor fitness possivel: 1053
Tempo de execução: 200
Melhor solução encontrada: 0 72 75 56 23 67 39 139 25 55 4 110 149 0 18 106 82 114 8 45 125 83 60 118 89 0 28 76 116 77 3 120 81 33 102 50 111 0 127 31 10 108 131 32 90 63 126 62 148 88 52 146 0 40 21 73 74 133 22 41 145 15 43 38 140 86 113 17 84 0 26 109 54 130 134 24 29 121 68 80 150 12 138 0 48 124 46 47 36 143 49 64 11 107 19 123 7 0 53 105 58 137 144 87 97 95 117 13 112 0 147 5 61 16 141 44 119 14 142 42 57 115 2 0 79 129 78 34 135 35 136 65 71 66 103 9 51 1 0 94 59 92 98 37 100 91 85 93 104 99 96 6 0 27 69 101 70 30 128 20 122 132 0 
Solução encontrada considerada boa
GAP de 1.9943
Numero maximo de geracoes sem evolucao: 4958
Solucão valida: Sim
====================================================================================================================

