3.57
 ===================================================RESULTADOS=========================================================
Melhor fitness final: 1116
Melhor fitness possivel: 1053
Tempo de execução: 200
Melhor solução encontrada: 0 40 73 74 133 22 41 145 15 43 38 140 44 119 14 142 42 137 0 149 54 130 55 25 134 24 29 121 68 80 150 109 138 0 26 110 4 139 39 67 23 56 75 72 21 0 13 117 95 97 87 144 57 115 2 58 105 53 0 112 147 61 16 141 86 113 46 82 18 0 94 59 92 98 37 100 91 85 93 99 104 96 6 0 127 88 123 19 107 11 126 63 90 32 131 30 122 70 101 69 0 27 132 1 50 51 103 66 20 128 108 10 7 106 52 146 0 48 124 47 36 143 49 64 62 148 31 0 89 60 118 5 84 17 45 125 8 114 83 0 79 129 78 34 135 35 136 65 71 9 120 81 33 0 111 76 102 3 77 116 12 28 0 
Solução encontrada considerada mediana
GAP de 5.98291
Numero maximo de geracoes sem evolucao: 211
Solucão valida: Sim
====================================================================================================================


 ===================================================RESULTADOS=========================================================
Melhor fitness final: 1074
Melhor fitness possivel: 1053
Tempo de execução: 200
Melhor solução encontrada: 0 83 114 8 125 45 46 124 47 48 82 106 52 0 27 31 10 108 63 64 49 143 36 19 123 7 146 0 149 110 4 55 25 139 39 67 23 56 75 73 21 0 138 12 109 54 130 134 24 29 121 68 150 80 28 0 111 50 102 33 81 34 78 129 79 3 77 116 76 0 13 117 92 91 119 44 141 16 61 5 118 60 18 0 127 88 148 62 107 11 126 90 32 131 30 122 70 101 69 132 0 112 94 95 97 14 38 140 86 113 17 84 0 51 103 9 120 135 35 136 65 71 66 128 20 1 0 137 87 42 142 43 15 57 144 2 115 145 41 22 133 74 72 0 59 98 37 100 85 93 99 104 96 6 147 89 0 105 26 40 58 53 0 
Solução encontrada considerada boa
GAP de 1.9943
Numero maximo de geracoes sem evolucao: 200
Solucão valida: Sim
====================================================================================================================


 ===================================================RESULTADOS=========================================================
Melhor fitness final: 1106
Melhor fitness possivel: 1053
Tempo de execução: 200
Melhor solução encontrada: 0 1 122 30 20 66 71 65 136 35 135 34 78 129 79 76 0 137 42 142 14 119 44 140 38 43 15 145 41 23 67 25 55 0 28 80 150 68 121 29 24 134 130 54 109 12 138 0 116 77 3 33 81 120 9 103 51 102 50 0 89 147 6 96 104 99 59 92 97 95 94 112 0 123 19 36 143 49 64 107 11 126 63 90 32 131 128 70 101 0 93 85 61 16 86 141 91 100 98 37 117 0 18 83 114 8 125 45 17 113 84 5 118 60 0 21 73 72 74 22 133 75 56 39 139 4 110 0 27 127 88 148 62 108 10 31 69 132 111 0 13 87 144 57 115 2 58 40 149 26 105 53 0 82 46 124 47 48 7 106 52 146 0 
Solução encontrada considerada mediana
GAP de 5.03324
Numero maximo de geracoes sem evolucao: 543
Solucão valida: Sim
====================================================================================================================


 ===================================================RESULTADOS=========================================================
Melhor fitness final: 1083
Melhor fitness possivel: 1053
Tempo de execução: 200
Melhor solução encontrada: 0 59 92 37 98 100 91 141 85 93 104 99 96 0 148 62 10 108 126 63 90 32 131 128 20 30 122 70 101 0 50 102 33 9 120 34 78 129 79 3 77 116 76 0 18 114 8 125 45 17 113 84 5 118 60 0 27 127 123 19 107 11 64 49 143 36 47 124 46 83 0 111 81 135 35 136 65 71 66 103 51 1 0 112 89 147 6 94 95 117 13 137 58 53 0 26 149 110 4 55 25 139 39 67 23 56 75 73 0 61 16 86 140 38 44 119 14 142 43 15 42 97 0 105 40 21 72 74 133 22 41 145 115 2 57 144 87 0 138 109 54 130 134 24 29 121 68 80 150 12 28 0 132 69 31 88 7 48 82 106 52 146 0 
Solução encontrada considerada boa
GAP de 2.849
Numero maximo de geracoes sem evolucao: 312
Solucão valida: Sim
====================================================================================================================


 ===================================================RESULTADOS=========================================================
Melhor fitness final: 1065
Melhor fitness possivel: 1053
Tempo de execução: 200
Melhor solução encontrada: 0 84 17 113 86 140 38 14 119 44 141 16 61 6 0 96 104 99 93 85 91 100 37 98 92 59 94 53 0 5 118 60 83 125 45 8 114 82 106 18 0 48 124 46 47 36 143 49 64 11 107 19 123 7 0 50 79 129 78 34 135 35 136 65 71 103 66 128 20 1 0 28 138 109 54 130 55 25 67 23 149 26 105 0 27 132 69 101 70 30 122 51 9 120 81 33 102 0 127 31 10 108 131 32 90 63 126 62 148 88 52 146 0 40 21 73 72 74 22 133 75 56 39 139 4 110 0 111 76 116 77 3 121 29 24 134 80 150 68 12 0 58 137 2 115 145 41 15 43 142 42 57 144 87 97 95 117 13 0 89 147 112 0 
Solução encontrada considerada boa
GAP de 1.1396
Numero maximo de geracoes sem evolucao: 288
Solucão valida: Sim
====================================================================================================================


 ===================================================RESULTADOS=========================================================
Melhor fitness final: 1093
Melhor fitness possivel: 1053
Tempo de execução: 200
Melhor solução encontrada: 0 28 150 80 68 121 29 24 134 130 54 109 12 138 0 137 87 144 42 142 14 119 44 141 91 100 97 117 13 0 58 2 115 57 145 41 15 43 38 140 86 16 61 59 0 83 114 125 45 17 113 84 5 118 60 0 147 6 96 104 99 93 85 98 37 92 95 94 0 127 88 148 62 123 19 107 11 64 49 143 36 46 8 0 27 69 1 9 120 34 78 129 79 3 77 116 76 111 0 50 102 33 81 135 35 136 65 71 66 103 51 0 105 110 4 55 25 139 56 75 133 22 74 73 40 53 0 112 89 18 82 124 47 48 7 106 52 146 0 31 10 108 126 63 90 32 131 128 20 30 122 70 101 132 0 26 149 39 67 23 72 21 0 
Solução encontrada considerada boa
GAP de 3.79867
Numero maximo de geracoes sem evolucao: 419
Solucão valida: Sim
====================================================================================================================


 ===================================================RESULTADOS=========================================================
Melhor fitness final: 1079
Melhor fitness possivel: 1053
Tempo de execução: 200
Melhor solução encontrada: 0 37 100 91 119 44 141 16 61 85 98 92 117 13 0 89 118 60 83 125 45 8 114 82 106 18 0 28 12 80 150 68 129 79 3 77 116 76 111 0 112 95 97 87 144 57 145 41 133 22 115 2 53 0 127 31 10 108 131 32 90 63 126 62 148 88 52 146 0 121 29 78 34 135 35 136 65 66 128 20 30 70 101 69 132 27 0 50 102 33 81 120 9 71 103 51 122 1 0 5 84 17 113 86 140 38 14 142 43 15 42 137 58 0 21 72 56 139 39 67 23 75 74 73 40 0 48 124 46 47 36 143 49 64 11 107 19 123 7 0 105 26 149 110 4 25 55 130 54 134 24 109 138 0 147 6 96 104 99 93 59 94 0 
Solução encontrada considerada boa
GAP de 2.46914
Numero maximo de geracoes sem evolucao: 117
Solucão valida: Sim
====================================================================================================================


 ===================================================RESULTADOS=========================================================
Melhor fitness final: 1116
Melhor fitness possivel: 1053
Tempo de execução: 200
Melhor solução encontrada: 0 20 128 66 71 65 136 35 135 81 33 102 50 0 82 48 124 47 19 107 11 64 63 126 90 32 131 0 21 72 110 4 139 39 56 133 22 41 145 115 2 0 13 117 95 97 42 142 14 140 38 43 15 57 144 87 137 0 111 76 116 77 3 79 68 80 150 109 12 28 0 18 83 114 8 125 45 46 36 143 49 123 7 106 52 146 0 89 60 118 5 84 17 113 86 91 100 98 104 96 0 27 132 69 101 70 108 10 62 148 88 31 127 0 112 147 6 94 58 40 149 26 105 0 59 92 37 119 44 141 16 61 85 93 99 0 1 122 30 51 103 9 120 34 78 129 121 29 24 134 138 0 54 130 55 25 67 23 75 74 73 53 0 
Solução encontrada considerada mediana
GAP de 5.98291
Numero maximo de geracoes sem evolucao: 211
Solucão valida: Sim
====================================================================================================================


 ===================================================RESULTADOS=========================================================
Melhor fitness final: 1081
Melhor fitness possivel: 1053
Tempo de execução: 200
Melhor solução encontrada: 0 51 103 9 120 135 35 136 65 71 66 128 20 122 69 0 87 144 57 145 41 22 133 75 56 39 139 4 110 0 95 59 92 37 98 100 91 141 44 119 14 142 42 97 117 0 5 84 61 113 17 45 125 8 114 83 60 118 0 132 1 101 70 30 131 32 90 63 126 108 10 62 148 88 0 99 104 93 85 16 86 140 38 43 15 115 2 137 0 76 116 77 3 79 129 78 34 81 33 102 50 111 0 40 21 73 72 74 23 67 25 55 130 54 109 138 0 28 12 80 150 68 121 29 24 134 149 26 105 0 53 58 13 94 96 6 147 89 112 0 48 124 46 47 36 143 49 64 11 107 19 123 7 0 27 127 31 106 82 18 52 146 0 
Solução encontrada considerada boa
GAP de 2.65907
Numero maximo de geracoes sem evolucao: 74
Solucão valida: Sim
====================================================================================================================


 ===================================================RESULTADOS=========================================================
Melhor fitness final: 1093
Melhor fitness possivel: 1053
Tempo de execução: 200
Melhor solução encontrada: 0 101 70 30 20 128 131 32 90 63 126 108 10 62 148 127 0 76 116 77 3 79 129 78 34 81 33 102 50 111 0 137 2 115 144 57 145 41 15 43 38 140 86 113 16 61 6 0 147 96 104 99 93 85 98 37 59 94 0 132 1 51 9 120 135 35 136 65 71 66 103 122 69 0 7 123 19 107 11 64 49 143 36 47 124 46 8 83 60 0 28 138 12 150 80 68 121 29 24 134 54 109 105 0 26 149 130 55 25 67 23 72 21 40 53 0 95 92 100 91 141 44 119 14 142 42 87 97 117 13 0 110 4 139 39 56 75 133 22 74 73 58 0 118 5 84 17 45 125 114 82 106 52 146 0 112 89 18 48 88 31 27 0 
Solução encontrada considerada boa
GAP de 3.79867
Numero maximo de geracoes sem evolucao: 355
Solucão valida: Sim
====================================================================================================================

