
 ===================================================RESULTADOS=========================================================
Melhor fitness final: 25923
Melhor fitness possivel: 25569
Tempo de execução: 200
Melhor solução encontrada: 0 108 12 70 18 76 121 62 135 0 20 36 158 79 30 9 14 137 0 127 15 164 37 147 87 167 125 0 138 115 10 178 75 31 155 170 0 168 153 82 46 74 50 16 1 0 165 144 124 176 98 130 73 67 0 45 17 24 71 55 23 104 114 0 173 28 119 100 69 94 146 166 0 8 159 171 96 80 58 21 88 0 152 51 95 163 29 122 27 52 0 5 86 54 111 43 64 105 179 0 68 109 161 107 93 3 102 78 0 180 59 106 160 41 22 139 112 0 157 42 84 116 92 131 169 149 0 145 13 77 136 129 38 154 133 0 57 110 175 117 35 151 7 91 0 53 4 39 103 83 134 33 162 0 142 19 49 128 60 11 143 47 0 72 25 66 81 99 56 141 172 0 148 101 120 126 6 48 174 123 0 113 118 34 97 150 40 177 156 0 90 26 2 89 85 63 140 0 32 65 61 44 132 0 
Solução encontrada considerada boa
GAP de 1.38449
Numero maximo de geracoes sem evolucao: 284
Solucão valida: Sim
====================================================================================================================


 ===================================================RESULTADOS=========================================================
Melhor fitness final: 25886
Melhor fitness possivel: 25569
Tempo de execução: 200
Melhor solução encontrada: 0 104 165 144 176 98 73 67 114 0 52 27 122 29 90 163 95 152 0 149 140 63 85 89 2 26 51 0 24 179 5 105 86 62 23 55 0 110 162 72 25 66 81 141 172 0 17 138 115 31 57 155 170 45 0 107 20 36 30 79 9 14 137 0 71 135 64 54 111 43 178 10 0 148 112 120 139 59 133 13 180 0 156 177 40 150 97 34 118 75 0 88 78 102 3 93 161 109 68 0 1 16 50 146 166 103 39 113 0 124 8 18 76 70 121 12 108 0 142 19 49 128 60 11 143 47 0 173 119 28 69 94 100 56 99 0 7 33 134 83 74 46 82 153 0 123 174 48 41 22 6 126 101 0 127 15 164 37 147 87 167 125 0 106 160 154 38 129 136 77 145 0 169 131 92 116 84 42 157 0 158 96 171 159 80 58 21 130 0 175 117 35 4 53 151 91 168 0 32 65 61 44 132 0 
Solução encontrada considerada boa
GAP de 1.23978
Numero maximo de geracoes sem evolucao: 137
Solucão valida: Sim
====================================================================================================================


 ===================================================RESULTADOS=========================================================
Melhor fitness final: 25956
Melhor fitness possivel: 25569
Tempo de execução: 200
Melhor solução encontrada: 0 67 130 88 98 176 124 144 165 0 63 85 89 2 26 90 163 95 0 54 127 15 37 164 97 34 4 0 148 112 120 139 160 106 133 59 0 131 92 116 84 42 11 143 142 0 117 35 151 53 134 33 7 91 0 45 138 179 24 71 23 55 17 0 43 111 156 177 150 40 118 113 0 110 175 162 25 66 81 141 172 0 14 36 158 96 79 30 9 49 0 70 76 18 159 171 80 58 8 0 114 73 21 102 3 93 78 19 0 68 109 161 20 107 137 128 60 0 170 155 123 174 48 6 126 101 0 83 103 146 87 147 167 125 39 0 136 129 38 154 72 168 41 22 0 1 16 50 166 74 46 82 153 0 173 119 28 69 94 100 56 99 0 115 31 57 75 178 10 105 5 0 135 62 64 86 121 12 108 104 0 152 52 51 29 27 122 157 47 0 132 44 32 65 169 61 140 149 0 180 13 77 145 0 
Solução encontrada considerada boa
GAP de 1.51355
Numero maximo de geracoes sem evolucao: 256
Solucão valida: Sim
====================================================================================================================


 ===================================================RESULTADOS=========================================================
Melhor fitness final: 25772
Melhor fitness possivel: 25569
Tempo de execução: 200
Melhor solução encontrada: 0 59 106 160 172 154 38 129 133 0 22 41 72 25 66 91 162 168 0 148 112 139 6 48 126 120 101 0 167 87 147 37 164 15 127 54 0 81 166 146 94 50 16 1 141 0 75 113 118 97 34 175 110 57 0 30 79 96 171 159 80 58 102 0 67 73 130 88 78 98 176 124 0 60 128 9 36 158 14 137 49 0 7 39 125 103 74 46 82 153 0 117 35 53 4 134 83 33 151 0 178 40 150 177 156 111 43 10 0 47 27 29 122 157 11 143 142 0 21 8 18 76 70 121 12 108 0 152 52 51 95 163 90 26 149 0 136 173 119 28 69 100 56 99 0 179 5 105 64 86 62 135 24 0 114 104 165 144 23 71 55 17 0 132 44 32 65 61 85 63 140 0 42 84 116 92 131 169 89 2 0 93 3 20 107 161 109 68 19 0 45 170 155 123 174 31 115 138 0 145 77 13 180 0 
Solução encontrada considerada boa
GAP de 0.79393
Numero maximo de geracoes sem evolucao: 353
Solucão valida: Sim
====================================================================================================================


 ===================================================RESULTADOS=========================================================
Melhor fitness final: 26104
Melhor fitness possivel: 25569
Tempo de execução: 200
Melhor solução encontrada: 0 151 33 134 125 103 83 7 91 0 14 36 158 79 30 9 128 60 0 162 117 35 53 4 175 110 57 0 143 47 122 27 29 51 52 152 0 48 22 41 168 72 160 106 133 0 149 140 61 169 65 32 44 132 0 5 105 62 86 64 10 178 31 0 8 21 102 3 93 78 88 130 0 95 163 90 26 2 89 85 63 0 113 34 97 150 177 40 118 75 0 58 80 96 171 159 18 76 70 0 165 144 124 176 98 73 67 114 0 148 112 101 174 123 155 170 0 39 167 147 87 146 94 50 166 0 138 115 179 24 135 23 71 55 0 54 127 15 37 164 156 111 43 0 131 92 116 84 42 157 11 142 0 13 77 136 129 141 172 154 38 0 49 137 107 20 161 109 68 19 0 25 66 153 82 74 46 1 81 0 173 119 28 69 100 16 99 56 0 145 180 59 139 6 126 120 45 0 17 121 12 108 104 0 
Solução encontrada considerada boa
GAP de 2.09238
Numero maximo de geracoes sem evolucao: 272
Solucão valida: Sim
====================================================================================================================


 ===================================================RESULTADOS=========================================================
Melhor fitness final: 26099
Melhor fitness possivel: 25569
Tempo de execução: 200
Melhor solução encontrada: 0 104 21 102 3 93 161 109 68 0 178 40 177 150 97 34 4 53 0 8 18 76 70 121 12 108 165 0 144 124 176 98 88 130 73 142 0 114 67 19 49 60 11 143 47 0 59 129 38 154 172 141 66 25 0 99 56 100 94 69 28 119 173 0 101 120 139 106 160 22 6 126 0 55 135 5 105 64 86 62 23 0 155 31 57 110 162 168 48 174 0 10 43 54 111 156 118 113 75 0 128 14 9 36 158 20 107 137 0 35 33 134 82 74 46 153 81 0 17 71 24 179 115 138 170 45 0 123 175 117 151 7 91 72 41 0 1 16 50 146 166 103 125 83 0 152 149 2 89 85 63 140 132 0 148 112 133 136 77 13 180 145 0 116 92 131 169 61 65 32 44 0 78 58 80 159 171 96 79 30 0 51 95 163 90 29 122 27 52 0 39 167 87 147 37 164 15 127 0 157 42 84 26 0 
Solução encontrada considerada boa
GAP de 2.07282
Numero maximo de geracoes sem evolucao: 145
Solucão valida: Sim
====================================================================================================================


 ===================================================RESULTADOS=========================================================
Melhor fitness final: 25807
Melhor fitness possivel: 25569
Tempo de execução: 200
Melhor solução encontrada: 0 101 126 6 48 174 123 155 170 0 66 153 46 74 103 125 83 134 0 17 24 179 105 5 135 71 55 0 33 39 167 87 147 37 164 15 0 13 77 136 129 172 154 38 133 0 141 99 56 100 69 28 119 173 0 130 88 20 107 161 109 68 19 0 168 72 25 91 7 151 35 117 0 57 110 162 175 113 75 31 138 0 52 51 29 27 122 157 47 143 0 73 176 98 21 102 3 93 78 0 49 137 14 158 36 9 128 60 0 63 85 89 2 26 90 163 95 0 53 4 34 97 150 177 40 118 0 104 165 144 108 12 124 67 114 0 115 10 43 111 54 64 86 62 0 23 121 70 18 76 127 156 178 0 82 166 146 94 50 16 1 81 0 132 44 32 65 61 140 149 152 0 30 79 96 171 159 80 58 8 0 142 11 42 84 116 92 131 169 0 112 120 139 22 41 160 106 59 0 45 148 180 145 0 
Solução encontrada considerada boa
GAP de 0.930815
Numero maximo de geracoes sem evolucao: 93
Solucão valida: Sim
====================================================================================================================


 ===================================================RESULTADOS=========================================================
Melhor fitness final: 26097
Melhor fitness possivel: 25569
Tempo de execução: 200
Melhor solução encontrada: 0 55 135 5 105 64 86 62 23 0 51 27 122 29 90 163 95 0 134 83 39 125 103 82 46 153 0 68 109 161 20 93 3 102 78 0 104 165 144 124 70 121 12 108 0 106 160 172 141 81 66 25 72 0 142 130 88 98 176 73 67 114 0 143 11 19 49 137 128 60 47 0 13 77 136 38 154 168 162 57 0 45 123 174 48 41 22 6 126 0 145 180 59 139 120 101 112 148 0 43 111 156 177 40 150 97 34 0 52 157 42 84 116 169 65 61 0 117 35 151 53 4 33 7 91 0 1 16 50 69 94 146 166 74 0 152 149 2 89 85 63 140 132 0 167 87 147 37 164 15 127 54 0 8 76 18 159 171 80 58 21 0 17 71 24 179 115 138 155 170 0 107 36 158 96 79 30 9 14 0 31 75 110 175 113 118 178 10 0 133 129 173 28 119 100 56 99 0 26 92 131 32 44 0 
Solução encontrada considerada boa
GAP de 2.065
Numero maximo de geracoes sem evolucao: 246
Solucão valida: Sim
====================================================================================================================


 ===================================================RESULTADOS=========================================================
Melhor fitness final: 25928
Melhor fitness possivel: 25569
Tempo de execução: 200
Melhor solução encontrada: 0 170 155 123 174 48 126 120 101 0 143 11 130 73 98 176 124 67 0 173 119 28 69 100 16 99 56 0 21 8 18 76 70 121 12 108 0 140 63 85 169 65 61 44 132 0 168 72 25 66 141 172 160 106 0 59 133 154 38 129 136 77 13 0 24 135 62 86 64 105 5 179 0 52 51 29 26 90 163 95 152 0 161 107 20 158 36 9 14 19 0 114 104 165 144 23 71 55 17 0 7 33 134 83 125 103 82 153 0 162 91 151 35 117 175 110 57 0 39 167 87 147 37 164 15 127 0 178 40 177 150 97 34 4 53 0 47 27 122 157 42 60 128 49 0 137 30 79 96 171 159 80 58 0 10 43 54 111 156 118 113 75 0 46 74 166 146 94 50 1 81 0 32 131 92 116 84 89 2 149 0 142 68 109 93 3 102 78 88 0 138 115 31 41 22 6 139 112 0 45 148 180 145 0 
Solução encontrada considerada boa
GAP de 1.40404
Numero maximo de geracoes sem evolucao: 66
Solucão valida: Sim
====================================================================================================================


 ===================================================RESULTADOS=========================================================
Melhor fitness final: 25930
Melhor fitness possivel: 25569
Tempo de execução: 200
Melhor solução encontrada: 0 107 20 158 96 159 171 79 60 0 71 135 86 54 121 12 108 104 0 56 99 16 100 69 28 119 173 0 152 51 95 163 90 26 2 149 0 114 67 73 98 176 124 144 165 0 132 140 63 85 89 84 42 11 0 172 141 1 46 74 82 153 81 0 142 143 47 157 122 27 29 52 0 19 137 14 36 30 9 128 49 0 111 156 177 40 150 97 34 118 0 50 94 146 166 103 125 83 134 0 110 162 91 7 66 25 72 168 0 70 76 18 8 80 58 21 130 0 126 6 48 174 123 155 170 17 0 44 32 65 61 169 131 92 116 0 148 112 59 133 139 120 101 45 0 127 15 164 37 147 87 167 39 0 31 57 75 178 43 10 115 138 0 68 109 161 93 3 102 78 88 0 24 179 5 105 64 62 23 55 0 136 129 38 154 160 106 41 22 0 113 4 53 33 151 35 117 175 0 180 13 77 145 0 
Solução encontrada considerada boa
GAP de 1.41187
Numero maximo de geracoes sem evolucao: 452
Solucão valida: Sim
====================================================================================================================

