
 ===================================================RESULTADOS=========================================================
Melhor fitness final: 1093
Melhor fitness possivel: 1053
Tempo de execução: 194
Melhor solução encontrada: 0 79 129 78 34 135 35 136 65 71 9 120 81 33 0 123 107 19 124 46 45 125 17 113 86 140 38 37 92 0 18 60 118 5 84 83 114 8 82 106 52 27 0 26 149 110 4 55 25 139 39 67 23 56 75 73 0 127 88 148 62 11 64 49 143 36 47 48 7 146 0 138 109 54 130 134 24 29 121 68 150 80 12 28 0 13 137 2 115 57 144 87 97 95 94 147 89 0 59 98 91 141 16 61 85 93 104 99 96 6 0 21 72 74 133 22 41 145 15 43 42 142 14 119 44 100 117 0 132 69 101 70 30 122 1 50 102 3 77 116 76 111 0 31 10 108 126 63 90 32 131 128 20 66 103 51 0 112 58 40 105 53 0 
Solução encontrada considerada boa
GAP de 3.79867
Numero maximo de geracoes sem evolucao: 498
Solucão valida: Sim
====================================================================================================================


 ===================================================RESULTADOS=========================================================
Melhor fitness final: 1116
Melhor fitness possivel: 1053
Tempo de execução: 191
Melhor solução encontrada: 0 94 59 98 37 100 85 61 93 104 99 96 6 0 28 76 79 129 78 34 135 35 136 65 71 66 103 51 122 0 26 149 110 4 56 75 133 22 74 72 73 21 40 53 0 112 13 117 95 97 87 144 115 2 137 58 105 0 111 50 102 33 9 120 81 3 77 116 138 0 52 31 10 108 90 32 131 128 20 30 70 101 1 69 132 0 18 82 48 124 47 123 19 107 62 7 106 146 0 54 67 23 41 145 57 15 43 38 140 44 119 14 142 42 0 139 39 25 55 130 134 24 29 121 68 80 150 109 12 0 60 83 114 8 125 45 17 113 86 141 16 91 92 0 118 5 84 46 36 143 49 64 63 126 11 148 88 127 0 27 89 147 0 
Solução encontrada considerada mediana
GAP de 5.98291
Numero maximo de geracoes sem evolucao: 321
Solucão valida: Sim
====================================================================================================================


 ===================================================RESULTADOS=========================================================
Melhor fitness final: 1073
Melhor fitness possivel: 1053
Tempo de execução: 193
Melhor solução encontrada: 0 132 20 66 128 131 32 90 63 126 108 10 62 148 88 0 105 40 21 73 72 74 133 22 41 145 115 2 58 53 0 138 12 80 150 68 121 29 24 134 25 55 130 54 109 0 48 124 46 47 36 143 49 64 11 107 19 123 146 0 18 83 114 8 125 45 17 113 84 5 118 60 0 76 116 77 3 79 129 78 34 135 35 136 65 71 103 1 0 111 50 102 33 81 120 9 51 122 30 70 101 69 0 112 6 61 16 86 140 38 43 15 57 144 87 137 0 28 26 149 110 4 139 39 67 23 56 75 0 13 117 97 42 142 14 119 44 141 91 100 98 37 92 95 0 94 59 85 93 104 99 96 147 89 0 27 127 31 7 82 106 52 0 
Solução encontrada considerada boa
GAP de 1.89934
Numero maximo de geracoes sem evolucao: 624
Solucão valida: Sim
====================================================================================================================

