
 ===================================================RESULTADOS=========================================================
Melhor fitness final: 1085
Melhor fitness possivel: 1053
Tempo de execução: 142
Melhor solução encontrada: 0 105 26 149 109 134 24 29 121 68 150 80 12 138 0 69 101 70 30 20 66 128 131 32 90 63 126 108 10 127 146 0 93 85 61 16 86 141 91 100 98 0 111 50 102 33 81 120 9 51 122 1 132 27 0 31 11 64 49 143 36 47 46 124 48 82 18 0 94 95 92 37 119 44 140 38 14 142 42 144 57 115 2 0 28 76 116 77 3 79 129 78 34 135 35 136 65 71 103 0 89 147 6 96 99 104 59 97 117 13 112 0 118 60 83 114 8 125 45 17 113 84 5 0 54 130 55 25 67 23 75 74 72 73 21 40 53 0 58 137 87 43 15 145 41 22 133 56 39 139 4 110 0 52 106 7 123 19 107 62 148 88 0 
Solução encontrada considerada boa
GAP de 3.03894
Numero maximo de geracoes sem evolucao: 224
Solucão valida: Sim
====================================================================================================================


 ===================================================RESULTADOS=========================================================
Melhor fitness final: 1084
Melhor fitness possivel: 1053
Tempo de execução: 141
Melhor solução encontrada: 0 2 115 144 57 145 41 15 43 42 142 14 38 140 44 119 100 37 98 0 76 77 79 129 78 34 135 35 136 65 71 66 51 122 69 132 0 27 101 30 32 131 128 20 103 9 120 81 33 0 127 88 148 62 11 107 19 123 48 7 106 52 146 0 82 46 124 47 36 143 49 64 63 126 90 108 10 70 31 0 1 50 102 3 121 29 24 134 80 150 68 116 111 0 96 99 104 93 85 91 141 86 16 61 6 0 18 83 114 8 125 45 17 113 84 5 118 60 0 40 21 73 72 74 22 133 75 56 23 67 4 0 28 138 12 109 54 130 55 25 39 139 110 149 26 0 13 117 95 59 92 97 87 137 58 105 53 0 112 94 147 89 0 
Solução encontrada considerada boa
GAP de 2.94397
Numero maximo de geracoes sem evolucao: 580
Solucão valida: Sim
====================================================================================================================


 ===================================================RESULTADOS=========================================================
Melhor fitness final: 1129
Melhor fitness possivel: 1053
Tempo de execução: 145
Melhor solução encontrada: 0 26 149 111 69 148 123 19 107 11 64 49 143 36 46 0 27 132 1 101 70 122 30 20 128 131 32 90 63 126 62 88 127 0 73 22 133 75 56 23 67 39 139 25 55 130 0 105 40 21 110 4 72 74 41 145 115 2 57 15 43 144 87 0 100 91 16 141 86 140 38 44 119 14 142 42 97 0 76 77 3 79 129 78 34 135 35 136 65 71 9 120 0 138 12 109 54 134 24 29 121 80 150 68 116 28 0 118 60 83 114 8 125 45 17 113 61 84 5 0 31 10 108 66 103 51 81 33 102 50 0 147 6 96 104 99 93 85 98 37 92 59 94 0 89 18 82 124 47 48 7 106 52 146 0 112 13 95 117 137 58 53 0 
Solução encontrada considerada mediana
GAP de 7.21747
Numero maximo de geracoes sem evolucao: 949
Solucão valida: Sim
====================================================================================================================


 ===================================================RESULTADOS=========================================================
Melhor fitness final: 1091
Melhor fitness possivel: 1053
Tempo de execução: 142
Melhor solução encontrada: 0 51 103 66 71 65 136 35 135 9 120 81 76 0 110 4 139 39 67 23 75 133 22 74 73 0 50 102 33 34 78 129 79 3 77 116 109 12 138 0 93 61 16 141 44 119 14 142 42 57 144 87 117 0 7 123 19 107 11 126 63 90 32 131 128 20 30 122 70 101 1 0 94 95 97 92 37 100 91 85 98 59 104 99 96 6 0 80 150 68 121 29 24 134 54 130 55 25 56 72 21 40 0 27 127 88 148 62 108 10 31 69 132 111 28 0 114 8 46 36 143 49 64 47 124 48 82 106 52 0 58 13 137 2 115 145 41 15 43 38 140 86 113 17 60 89 0 112 147 118 5 84 45 125 83 18 146 0 53 105 149 26 0 
Solução encontrada considerada boa
GAP de 3.60874
Numero maximo de geracoes sem evolucao: 771
Solucão valida: Sim
====================================================================================================================


 ===================================================RESULTADOS=========================================================
Melhor fitness final: 1107
Melhor fitness possivel: 1053
Tempo de execução: 144
Melhor solução encontrada: 0 9 71 65 136 35 135 34 78 79 129 29 121 68 109 0 106 7 123 19 64 49 143 36 47 46 124 48 82 0 40 21 73 72 74 22 133 75 56 39 139 4 110 0 138 12 150 80 24 134 54 149 26 105 58 53 0 13 137 87 144 57 2 115 145 41 23 67 25 55 130 0 118 5 84 17 113 61 141 44 119 100 37 0 147 6 96 99 104 93 85 98 59 94 0 112 95 92 91 16 86 140 38 14 142 43 15 42 97 117 0 127 31 10 108 90 63 126 11 107 62 148 88 52 146 0 27 69 101 70 30 32 131 128 20 66 103 51 122 1 132 0 28 76 116 77 3 120 81 33 102 50 111 0 89 60 83 125 45 8 114 18 0 
Solução encontrada considerada mediana
GAP de 5.12821
Numero maximo de geracoes sem evolucao: 899
Solucão valida: Sim
====================================================================================================================


 ===================================================RESULTADOS=========================================================
Melhor fitness final: 1089
Melhor fitness possivel: 1053
Tempo de execução: 131
Melhor solução encontrada: 0 40 21 73 72 74 22 133 75 56 39 139 4 110 0 1 122 20 128 66 71 65 136 35 135 34 78 33 102 0 116 68 150 80 134 24 29 121 129 79 3 77 76 28 0 83 114 8 125 45 17 113 61 84 5 118 60 0 111 50 81 120 9 103 51 30 70 101 69 132 27 0 52 106 82 18 89 147 94 13 137 58 53 0 31 10 108 131 32 90 63 126 62 148 88 127 146 0 54 130 55 25 67 23 41 145 115 2 57 15 43 144 87 117 0 97 42 142 14 119 44 38 140 86 141 16 91 100 0 48 124 46 47 36 143 49 64 11 107 19 123 7 0 112 95 92 37 98 85 93 59 99 104 96 6 0 105 26 149 109 12 138 0 
Solução encontrada considerada boa
GAP de 3.4188
Numero maximo de geracoes sem evolucao: 1641
Solucão valida: Sim
====================================================================================================================


 ===================================================RESULTADOS=========================================================
Melhor fitness final: 1087
Melhor fitness possivel: 1053
Tempo de execução: 138
Melhor solução encontrada: 0 27 31 10 108 131 32 90 63 126 62 148 88 127 0 50 102 33 81 120 9 20 128 30 70 101 69 132 0 138 109 24 134 54 130 55 25 139 39 67 23 0 89 18 83 125 45 8 114 82 106 52 146 0 111 76 3 78 34 135 35 136 65 71 66 103 51 122 1 0 58 137 2 115 145 41 15 43 142 42 57 144 87 97 95 0 48 124 46 47 36 143 49 64 11 107 19 123 7 0 28 116 77 79 129 29 121 68 150 80 12 105 0 94 59 98 91 44 140 38 14 119 100 37 92 117 13 0 26 149 110 4 56 75 133 22 74 72 73 21 40 53 0 60 118 5 84 17 113 86 141 16 61 0 112 147 99 104 93 85 96 6 0 
Solução encontrada considerada boa
GAP de 3.22887
Numero maximo de geracoes sem evolucao: 431
Solucão valida: Sim
====================================================================================================================


 ===================================================RESULTADOS=========================================================
Melhor fitness final: 1076
Melhor fitness possivel: 1053
Tempo de execução: 155
Melhor solução encontrada: 0 48 124 46 47 36 143 49 64 11 107 19 123 7 0 53 105 21 72 74 133 22 41 145 115 2 58 112 0 50 102 33 81 120 9 103 51 122 30 70 101 69 0 89 60 118 5 98 100 142 43 15 57 144 87 137 0 3 79 129 78 34 135 35 136 65 71 66 128 20 1 132 0 94 95 59 85 93 104 99 96 6 147 0 26 149 110 4 139 39 67 23 56 75 73 40 0 106 82 8 125 45 17 113 86 140 38 14 42 0 127 31 10 108 131 32 90 63 126 62 148 88 52 146 0 13 117 97 92 37 91 119 44 141 16 61 84 83 114 18 0 138 12 150 80 68 121 29 24 134 25 55 130 54 109 0 27 111 76 77 116 28 0 
Solução encontrada considerada boa
GAP de 2.18424
Numero maximo de geracoes sem evolucao: 537
Solucão valida: Sim
====================================================================================================================


 ===================================================RESULTADOS=========================================================
Melhor fitness final: 1124
Melhor fitness possivel: 1053
Tempo de execução: 141
Melhor solução encontrada: 0 93 85 61 16 86 141 91 100 37 97 117 0 28 138 12 109 150 80 68 77 116 76 111 132 69 0 53 110 4 139 39 67 25 55 130 54 134 24 29 121 0 3 79 129 78 34 135 35 136 65 66 64 49 143 36 46 8 0 1 122 20 128 131 32 90 63 126 108 10 62 148 88 127 146 0 83 114 125 45 84 17 113 140 38 14 119 44 98 92 0 50 102 33 81 120 9 71 103 51 30 70 101 0 13 42 142 43 15 145 41 22 133 23 56 75 74 21 40 0 58 137 87 144 57 2 115 73 72 149 26 105 0 31 11 107 19 123 47 124 48 82 7 106 0 147 6 96 99 104 59 95 94 112 0 89 5 118 60 18 52 27 0 
Solução encontrada considerada mediana
GAP de 6.74264
Numero maximo de geracoes sem evolucao: 309
Solucão valida: Sim
====================================================================================================================


 ===================================================RESULTADOS=========================================================
Melhor fitness final: 1054
Melhor fitness possivel: 1053
Tempo de execução: 160
Melhor solução encontrada: 0 89 118 60 83 125 45 8 114 82 106 18 0 13 117 95 92 59 99 104 96 94 147 112 0 28 116 68 80 150 134 24 29 121 129 79 3 77 76 0 54 130 55 25 139 39 67 23 56 4 110 40 53 0 2 115 57 15 43 42 142 14 38 140 86 113 17 84 5 0 48 124 46 47 36 143 49 64 11 107 19 123 7 0 146 52 88 148 62 126 63 90 32 131 108 10 31 127 0 58 137 87 144 145 41 22 133 75 74 72 73 21 0 97 37 98 100 91 119 44 141 16 61 85 93 6 0 111 50 102 33 81 120 9 103 51 122 70 101 69 0 27 132 1 30 20 128 66 71 65 136 35 135 34 78 0 105 26 149 109 12 138 0 
Solução encontrada considerada boa
GAP de 0.0949668
Numero maximo de geracoes sem evolucao: 625
Solucão valida: Sim
====================================================================================================================

