 ===================================================RESULTADOS=========================================================
Melhor fitness final: 1096
Melhor fitness possivel: 1053
Tempo de execução: 99
Melhor solução encontrada: 0 48 124 47 36 143 49 64 62 148 88 31 0 40 21 73 72 74 22 133 75 56 39 139 4 110 0 1 122 51 103 9 120 81 33 79 129 3 76 28 0 111 50 102 77 116 68 80 150 109 12 138 0 89 60 118 5 84 17 113 86 140 38 44 91 92 0 104 99 93 85 61 16 141 119 14 43 142 42 117 0 134 24 29 121 78 34 135 35 136 65 71 66 108 10 0 7 123 19 107 11 126 63 90 32 131 128 20 30 70 101 69 132 0 26 149 54 130 55 25 67 23 41 145 15 57 144 115 2 0 27 127 106 82 114 8 46 45 125 83 18 52 146 0 112 94 95 97 37 100 98 59 96 6 147 0 13 87 137 58 105 53 0 
Solução encontrada considerada boa
GAP de 4.08357
Numero maximo de geracoes sem evolucao: 161
Solucão valida: Sim
====================================================================================================================


 ===================================================RESULTADOS=========================================================
Melhor fitness final: 1094
Melhor fitness possivel: 1053
Tempo de execução: 97
Melhor solução encontrada: 0 13 137 117 95 59 99 104 96 94 6 147 112 0 50 102 33 81 34 78 129 79 3 77 116 76 111 0 53 40 21 72 74 22 133 56 4 110 149 26 105 0 82 48 124 46 47 36 143 49 64 19 123 7 106 0 69 70 122 30 20 128 131 32 90 63 126 11 107 62 148 88 146 0 10 108 66 71 65 136 35 135 120 9 103 51 0 58 73 75 23 67 39 139 25 55 130 54 0 93 85 61 16 141 44 119 43 15 41 145 115 2 0 87 144 57 42 142 14 38 140 86 91 100 98 37 92 97 0 138 12 109 134 24 29 121 68 80 150 28 0 118 60 5 84 113 17 45 125 8 114 83 18 0 89 52 127 31 101 1 132 27 0 
Solução encontrada considerada boa
GAP de 3.89364
Numero maximo de geracoes sem evolucao: 1520
Solucão valida: Sim
====================================================================================================================


 ===================================================RESULTADOS=========================================================
Melhor fitness final: 1080
Melhor fitness possivel: 1053
Tempo de execução: 100
Melhor solução encontrada: 0 138 12 109 150 80 134 24 29 121 68 116 76 28 0 111 50 102 33 81 120 9 51 122 69 132 27 0 59 98 91 16 86 141 44 119 14 142 42 137 0 114 125 45 17 113 61 85 93 99 104 96 0 88 148 62 107 11 64 49 143 36 19 123 7 106 52 146 0 101 70 30 20 128 131 32 90 63 126 108 10 31 127 0 77 3 79 129 78 34 135 35 136 65 71 66 103 1 0 58 21 72 23 67 25 55 130 54 149 26 0 105 110 4 139 39 56 75 133 41 22 74 73 40 53 0 18 82 48 47 124 46 8 83 84 5 118 60 0 13 117 97 87 144 57 2 115 145 15 43 38 140 100 37 92 95 0 112 94 6 147 89 0 
Solução encontrada considerada boa
GAP de 2.5641
Numero maximo de geracoes sem evolucao: 319
Solucão valida: Sim
====================================================================================================================


 ===================================================RESULTADOS=========================================================
Melhor fitness final: 1083
Melhor fitness possivel: 1053
Tempo de execução: 103
Melhor solução encontrada: 0 58 137 2 115 144 42 142 14 119 44 141 16 91 100 37 92 0 80 150 68 121 29 24 134 54 130 4 110 72 21 0 40 73 74 22 133 75 56 23 67 39 139 25 55 0 127 88 148 62 10 108 126 63 90 32 131 30 70 101 69 0 132 1 122 20 128 66 65 136 35 135 71 103 9 51 50 0 94 95 59 98 85 93 104 99 96 6 0 31 123 19 107 11 64 49 143 36 47 124 46 8 0 102 33 81 120 34 78 129 79 3 77 116 76 0 61 113 86 140 38 43 15 41 145 57 87 97 117 13 0 27 111 28 138 12 109 149 26 105 53 0 118 60 83 125 45 17 84 5 147 112 0 89 18 114 82 48 7 106 52 146 0 
Solução encontrada considerada boa
GAP de 2.849
Numero maximo de geracoes sem evolucao: 737
Solucão valida: Sim
====================================================================================================================


 ===================================================RESULTADOS=========================================================
Melhor fitness final: 1104
Melhor fitness possivel: 1053
Tempo de execução: 98
Melhor solução encontrada: 0 111 50 102 79 129 3 77 68 150 80 116 76 0 12 109 54 134 24 29 121 78 34 120 9 81 33 0 94 95 59 93 85 100 37 92 97 117 53 0 28 138 149 26 105 58 137 13 112 0 48 124 46 47 36 143 49 64 11 107 19 123 7 0 130 55 25 67 23 41 145 15 43 142 42 87 144 57 115 2 0 40 21 73 72 74 22 133 75 56 39 139 4 110 0 132 1 122 51 103 71 135 35 136 65 66 20 30 70 101 69 0 147 61 113 17 45 125 84 5 118 60 89 0 98 91 141 44 119 14 38 140 86 16 99 104 96 6 0 31 10 108 128 131 32 90 63 126 62 148 88 127 146 0 27 52 106 82 8 114 83 18 0 
Solução encontrada considerada boa
GAP de 4.8433
Numero maximo de geracoes sem evolucao: 2149
Solucão valida: Sim
====================================================================================================================


 ===================================================RESULTADOS=========================================================
Melhor fitness final: 1111
Melhor fitness possivel: 1053
Tempo de execução: 98
Melhor solução encontrada: 0 79 129 78 34 135 35 136 65 71 66 103 9 120 0 148 62 10 108 126 63 90 32 131 128 20 30 122 70 101 0 18 83 114 8 125 45 17 113 84 5 118 60 0 117 92 91 86 140 38 43 15 145 41 23 67 25 55 130 54 0 53 105 26 149 109 12 138 28 27 0 48 124 46 47 36 143 49 64 11 107 19 123 0 40 21 73 72 74 22 133 75 56 39 139 4 110 0 58 137 2 115 57 144 42 142 14 119 44 141 16 61 6 0 51 81 33 3 121 29 24 134 80 150 68 77 116 76 0 59 98 37 100 85 93 104 99 96 147 89 0 111 50 102 1 132 69 127 31 88 7 82 106 52 146 0 112 94 95 97 87 13 0 
Solução encontrada considerada mediana
GAP de 5.50807
Numero maximo de geracoes sem evolucao: 107
Solucão valida: Sim
====================================================================================================================


 ===================================================RESULTADOS=========================================================
Melhor fitness final: 1108
Melhor fitness possivel: 1053
Tempo de execução: 98
Melhor solução encontrada: 0 93 85 61 16 141 44 119 91 100 98 37 97 117 0 50 102 33 81 120 129 79 3 77 116 76 0 40 21 73 72 74 22 133 75 56 39 139 4 110 0 18 125 45 17 113 86 140 38 14 142 43 15 42 0 114 8 46 36 143 49 64 11 107 19 123 62 148 52 146 0 127 88 10 108 126 63 90 32 131 30 122 101 69 132 27 0 106 7 48 47 124 82 83 84 5 118 60 0 109 54 130 55 25 67 23 41 145 115 2 57 144 87 137 0 89 147 6 96 104 99 59 92 95 94 13 58 0 112 53 105 26 149 12 138 28 0 68 80 150 134 24 29 121 78 34 135 35 136 65 71 9 0 31 70 20 128 66 103 51 1 111 0 
Solução encontrada considerada mediana
GAP de 5.22317
Numero maximo de geracoes sem evolucao: 960
Solucão valida: Sim
====================================================================================================================


 ===================================================RESULTADOS=========================================================
Melhor fitness final: 1054
Melhor fitness possivel: 1053
Tempo de execução: 103
Melhor solução encontrada: 0 40 21 73 72 74 22 133 75 56 39 139 4 110 0 18 114 46 124 47 36 143 49 64 11 107 19 123 7 146 0 95 92 37 100 119 44 38 140 86 141 91 98 59 0 111 76 116 68 121 29 24 134 150 80 12 138 28 0 50 102 33 81 9 120 34 78 129 79 3 77 0 118 60 83 125 45 8 48 82 106 52 27 0 127 31 88 148 62 10 108 126 63 90 32 131 70 101 69 0 122 30 20 128 66 65 136 35 135 71 103 51 1 132 0 105 26 149 109 54 130 55 25 67 23 41 145 115 2 0 89 5 84 17 113 16 61 85 93 104 99 96 0 53 58 137 87 144 57 15 43 14 142 42 97 117 13 0 147 6 94 112 0 
Solução encontrada considerada boa
GAP de 0.0949668
Numero maximo de geracoes sem evolucao: 1115
Solucão valida: Sim
====================================================================================================================


 ===================================================RESULTADOS=========================================================
Melhor fitness final: 1063
Melhor fitness possivel: 1053
Tempo de execução: 104
Melhor solução encontrada: 0 94 95 97 87 144 2 115 145 41 22 133 74 73 40 0 76 78 34 135 35 136 65 71 66 128 20 30 70 101 69 27 0 132 1 122 51 103 9 120 81 33 102 50 111 0 58 149 130 54 134 24 29 121 129 79 3 77 116 0 106 82 114 8 125 45 17 113 61 5 84 83 18 0 6 96 104 99 59 93 85 91 100 98 37 92 117 13 0 127 31 10 108 131 32 90 63 126 62 148 88 52 146 0 137 57 15 43 38 140 86 16 141 44 119 14 142 42 0 21 72 75 56 23 67 39 139 25 55 4 110 0 53 105 26 109 80 150 68 12 138 28 0 48 47 124 46 36 143 49 64 11 107 19 123 7 0 112 147 118 60 89 0 
Solução encontrada considerada boa
GAP de 0.949668
Numero maximo de geracoes sem evolucao: 438
Solucão valida: Sim
====================================================================================================================


 ===================================================RESULTADOS=========================================================
Melhor fitness final: 1075
Melhor fitness possivel: 1053
Tempo de execução: 107
Melhor solução encontrada: 0 111 76 116 77 68 80 150 121 29 24 134 109 12 0 48 124 46 47 36 143 49 64 11 107 19 123 7 0 94 59 98 85 93 99 104 96 6 147 0 95 92 37 100 91 141 16 113 17 84 5 118 60 0 54 130 55 25 67 23 41 145 15 43 38 140 86 61 0 110 4 139 39 56 75 133 22 74 72 73 21 40 0 127 31 88 148 62 10 108 126 63 90 32 131 70 101 69 0 3 79 129 78 34 135 35 136 65 66 128 20 30 122 1 0 13 117 97 44 119 14 142 42 87 144 57 115 2 137 58 0 50 102 33 81 120 9 71 103 51 132 27 0 112 89 18 83 125 45 8 114 82 106 52 146 0 28 138 149 26 105 53 0 
Solução encontrada considerada boa
GAP de 2.08927
Numero maximo de geracoes sem evolucao: 87
Solucão valida: Sim
====================================================================================================================
