
 ===================================================RESULTADOS=========================================================
Melhor fitness final: 1182
Melhor fitness possivel: 1053
Tempo de execução: 332
Melhor solução encontrada: 0 111 65 66 63 126 11 107 19 123 82 8 114 0 118 17 113 86 140 38 93 99 104 59 92 0 130 54 134 24 29 121 68 80 150 109 12 138 28 0 33 81 120 9 103 71 136 35 135 34 78 129 79 0 147 6 94 95 117 97 87 144 57 115 2 137 13 0 100 91 44 119 14 142 42 43 15 145 41 22 133 74 72 73 0 27 31 131 32 90 108 10 62 148 88 127 52 146 0 76 116 77 3 50 102 51 20 128 30 122 70 101 1 69 132 0 26 149 4 55 25 139 39 67 23 56 75 110 0 89 83 125 45 46 124 36 143 49 64 47 48 0 7 106 18 60 5 84 61 16 141 85 98 37 96 0 112 58 40 21 105 53 0 
Solução encontrada considerada ruim
GAP de 12.2507
Numero maximo de geracoes sem evolucao: 594
Solucão valida: Sim
====================================================================================================================


 ===================================================RESULTADOS=========================================================
Melhor fitness final: 1189
Melhor fitness possivel: 1053
Tempo de execução: 267
Melhor solução encontrada: 0 27 146 52 106 7 123 19 48 82 18 89 112 0 22 133 74 75 56 139 39 23 67 25 55 130 0 10 108 64 49 143 36 47 107 11 62 148 0 66 65 51 81 33 102 50 76 110 149 26 0 100 91 61 16 141 86 140 38 44 119 14 142 42 0 2 115 73 21 4 72 41 145 15 43 57 144 87 97 6 147 0 132 69 1 101 70 122 30 20 128 131 32 90 63 126 88 31 127 0 120 9 103 71 136 35 135 34 78 129 79 3 77 116 0 111 150 80 68 121 29 24 134 54 109 12 138 28 0 83 114 8 124 46 45 125 17 113 84 5 118 60 0 59 92 37 98 85 93 104 99 96 95 117 94 0 13 137 58 40 105 53 0 
Solução encontrada considerada ruim
GAP de 12.9155
Numero maximo de geracoes sem evolucao: 511
Solucão valida: Sim
====================================================================================================================


 ===================================================RESULTADOS=========================================================
Melhor fitness final: 1219
Melhor fitness possivel: 1053
Tempo de execução: 300
Melhor solução encontrada: 0 98 93 85 91 61 16 141 44 119 100 37 97 117 0 89 147 6 96 104 99 59 92 95 94 112 0 113 17 125 45 46 124 8 114 83 84 5 118 60 0 76 116 77 33 81 120 9 71 103 102 50 0 75 56 39 139 4 110 72 74 133 22 73 21 0 148 62 10 108 126 63 90 32 131 128 20 30 122 70 101 0 18 82 48 143 49 64 11 107 19 123 7 106 0 150 80 68 3 79 129 78 34 135 35 136 65 66 51 0 12 109 54 130 55 25 134 24 29 121 1 69 132 111 138 28 0 40 137 2 115 57 144 42 142 15 145 41 23 67 149 26 0 13 86 140 38 14 43 87 58 105 53 0 27 127 31 88 36 47 52 146 0 
Solução encontrada considerada ruim
GAP de 15.7645
Numero maximo de geracoes sem evolucao: 631
Solucão valida: Sim
====================================================================================================================


 ===================================================RESULTADOS=========================================================
Melhor fitness final: 1170
Melhor fitness possivel: 1053
Tempo de execução: 285
Melhor solução encontrada: 0 50 102 122 51 9 120 81 33 3 77 116 76 0 88 148 62 10 108 126 63 90 32 131 128 20 30 70 0 26 149 72 74 133 22 73 21 40 58 105 53 0 48 124 47 36 143 49 64 11 107 19 123 7 0 13 117 95 97 92 59 99 104 96 94 6 147 89 0 82 114 8 125 45 17 113 16 141 44 119 0 12 109 80 150 68 121 29 24 134 54 130 55 25 139 0 79 129 78 34 135 35 136 65 71 66 103 1 101 69 132 0 75 56 23 67 39 4 110 138 28 111 27 0 52 18 60 118 5 61 84 83 46 106 31 127 146 0 93 85 98 37 100 91 86 140 38 14 142 42 0 87 144 57 43 15 41 145 115 2 137 112 0 
Solução encontrada considerada ruim
GAP de 11.1111
Numero maximo de geracoes sem evolucao: 369
Solucão valida: Sim
====================================================================================================================


 ===================================================RESULTADOS=========================================================
Melhor fitness final: 1164
Melhor fitness possivel: 1053
Tempo de execução: 276
Melhor solução encontrada: 0 127 31 10 108 32 90 63 126 11 62 148 88 52 146 0 27 123 19 107 64 49 143 36 47 124 48 0 83 60 118 5 84 17 113 16 141 44 119 0 106 7 82 46 45 125 8 114 18 89 147 6 94 0 99 104 59 98 37 92 95 117 97 87 144 57 115 2 137 13 0 96 93 85 91 100 14 38 140 86 61 0 81 120 135 35 136 65 71 103 9 33 102 0 21 110 4 139 56 75 72 74 133 22 41 145 15 43 142 42 0 73 23 67 39 25 55 130 54 134 24 29 121 150 0 132 69 1 101 70 122 30 131 128 66 20 51 34 78 129 79 3 0 149 26 138 12 109 80 68 77 116 76 50 111 0 28 105 40 58 53 112 0 
Solução encontrada considerada ruim
GAP de 10.5413
Numero maximo de geracoes sem evolucao: 326
Solucão valida: Sim
====================================================================================================================


 ===================================================RESULTADOS=========================================================
Melhor fitness final: 1211
Melhor fitness possivel: 1053
Tempo de execução: 261
Melhor solução encontrada: 0 100 91 61 86 140 38 142 42 87 144 57 2 137 13 0 115 73 72 74 22 133 75 56 39 139 4 110 21 0 119 44 141 16 113 17 45 125 114 104 99 96 0 77 116 76 33 81 120 9 71 103 102 50 0 106 7 123 19 49 143 36 47 124 48 82 146 0 27 69 101 70 30 90 32 131 128 20 51 122 1 132 111 28 0 14 43 15 145 41 23 67 25 55 130 54 134 24 29 121 0 53 138 12 109 149 26 105 40 58 112 89 0 127 31 88 148 62 10 108 126 63 64 11 107 46 8 0 150 80 68 3 79 129 78 34 135 35 136 65 66 52 0 18 83 60 118 84 5 93 85 98 37 92 97 117 0 147 6 59 95 94 0 
Solução encontrada considerada ruim
GAP de 15.0047
Numero maximo de geracoes sem evolucao: 575
Solucão valida: Sim
====================================================================================================================


 ===================================================RESULTADOS=========================================================
Melhor fitness final: 1181
Melhor fitness possivel: 1053
Tempo de execução: 3141
Melhor solução encontrada: 0 112 10 108 11 107 64 63 126 90 32 131 51 1 27 0 146 86 140 38 43 15 57 144 42 87 97 13 137 40 0 58 117 95 92 59 93 104 99 96 94 6 147 89 0 83 114 8 46 45 125 17 113 84 5 118 60 0 50 102 103 71 9 120 81 33 77 116 76 0 18 82 48 124 47 36 143 49 19 123 7 106 0 134 24 29 121 68 80 150 109 12 138 28 111 132 69 0 21 73 72 74 22 133 75 56 23 39 139 0 85 98 37 100 91 61 16 141 44 119 14 142 0 53 105 26 149 110 4 54 130 55 25 67 41 145 115 2 0 3 79 129 78 34 135 35 136 65 66 128 20 30 122 70 101 0 127 31 62 148 88 52 0 
Solução encontrada considerada ruim
GAP de 12.1557
Numero maximo de geracoes sem evolucao: 774
Solucão valida: Sim
====================================================================================================================


 ===================================================RESULTADOS=========================================================
Melhor fitness final: 1185
Melhor fitness possivel: 1053
Tempo de execução: 282
Melhor solução encontrada: 0 117 97 42 142 14 119 44 141 16 61 91 100 95 13 0 86 140 38 43 15 145 41 23 67 149 105 58 0 5 84 113 17 125 45 46 124 8 114 83 60 118 0 88 126 63 90 32 131 128 20 30 122 70 31 127 101 1 69 132 0 50 102 103 9 120 81 33 3 77 116 76 0 94 59 92 37 98 85 93 99 104 96 6 147 0 51 66 71 65 136 35 135 34 78 129 79 111 138 28 0 64 49 143 36 47 48 82 7 106 18 52 146 27 0 110 4 139 39 56 75 133 22 74 72 73 21 40 0 123 19 107 11 108 10 62 148 89 112 0 54 130 55 25 134 24 29 121 68 80 150 109 12 26 0 53 2 115 57 144 87 137 0 
Solução encontrada considerada ruim
GAP de 12.5356
Numero maximo de geracoes sem evolucao: 428
Solucão valida: Sim
====================================================================================================================


 ===================================================RESULTADOS=========================================================
Melhor fitness final: 1204
Melhor fitness possivel: 1053
Tempo de execução: 278
Melhor solução encontrada: 0 14 119 44 141 16 113 17 45 125 8 114 0 73 72 74 22 133 75 56 39 139 4 110 21 40 0 76 116 77 3 79 129 78 34 35 136 71 103 9 120 0 59 92 37 98 85 93 99 104 96 94 6 147 0 132 1 50 102 33 81 135 65 51 122 30 70 101 69 0 58 137 2 115 145 41 57 144 87 97 95 117 13 53 0 23 67 25 55 130 54 134 24 29 121 68 80 150 0 106 7 123 19 49 143 36 47 124 48 82 60 0 118 5 84 83 18 88 148 62 31 127 52 0 10 108 20 66 128 131 32 90 126 63 64 11 107 46 146 0 89 61 86 140 38 43 15 42 142 100 91 112 27 0 111 28 138 12 109 149 26 105 0 
Solução encontrada considerada ruim
GAP de 14.34
Numero maximo de geracoes sem evolucao: 434
Solucão valida: Sim
====================================================================================================================


 ===================================================RESULTADOS=========================================================
Melhor fitness final: 1193
Melhor fitness possivel: 1053
Tempo de execução: 285
Melhor solução encontrada: 0 111 79 129 78 34 135 35 136 65 71 66 101 31 0 26 149 87 100 91 44 119 14 38 140 86 61 0 5 84 46 82 7 106 18 52 127 27 146 89 112 0 48 124 47 36 143 49 64 11 107 19 123 0 4 139 39 56 75 133 41 22 74 73 72 110 21 0 88 148 62 10 108 126 63 90 32 131 128 20 30 122 70 0 94 59 92 37 98 85 93 99 104 96 6 147 0 118 60 83 114 8 125 45 17 113 16 141 0 1 51 103 9 120 81 33 102 50 76 132 69 0 116 77 3 121 29 24 134 54 130 55 25 67 23 145 0 115 2 144 57 15 43 142 42 97 95 117 13 137 58 40 53 0 105 109 80 150 68 12 138 28 0 
Solução encontrada considerada ruim
GAP de 13.2953
Numero maximo de geracoes sem evolucao: 1096
Solucão valida: Sim
====================================================================================================================

