
 ===================================================RESULTADOS=========================================================
Melhor fitness final: 1117
Melhor fitness possivel: 1053
Tempo de execução: 50
Melhor solução encontrada: 0 101 70 30 122 51 20 128 131 32 90 63 126 11 107 19 123 7 0 21 73 72 75 56 23 67 39 139 25 55 4 110 0 118 60 83 114 8 46 45 125 17 113 84 5 0 138 116 77 3 79 129 78 34 135 35 136 65 71 1 69 132 0 33 81 120 9 103 66 108 10 127 27 0 48 124 47 36 143 49 64 62 148 88 31 0 112 42 142 14 119 44 140 38 43 15 145 41 22 133 74 0 12 109 150 80 68 121 29 24 134 54 130 149 26 0 92 37 98 100 91 141 86 16 61 85 93 0 94 59 99 104 96 6 147 89 18 82 106 52 146 0 13 117 95 97 87 144 57 115 2 137 58 40 105 53 0 111 50 102 76 28 0 
Solução encontrada considerada mediana
GAP de 6.07787
Numero maximo de geracoes sem evolucao: 1199
Solucão valida: Sim
====================================================================================================================


 ===================================================RESULTADOS=========================================================
Melhor fitness final: 1137
Melhor fitness possivel: 1053
Tempo de execução: 49
Melhor solução encontrada: 0 127 31 88 148 123 19 107 11 64 49 143 36 46 83 0 84 17 113 61 85 91 100 98 93 99 104 59 92 0 62 10 108 126 63 90 32 131 128 66 20 1 132 0 111 50 102 33 81 120 9 51 122 30 70 101 69 0 103 71 65 136 35 135 34 78 129 79 3 77 116 76 28 0 137 2 115 57 144 42 142 14 119 44 141 16 37 117 13 0 52 106 7 48 47 124 82 18 60 118 5 0 26 149 110 4 56 75 133 22 72 105 53 0 114 8 125 45 86 140 38 43 15 145 41 73 21 40 0 58 74 23 67 39 139 25 55 130 54 138 0 27 146 89 147 6 96 97 87 95 94 112 0 12 80 150 68 121 29 24 134 109 0 
Solução encontrada considerada mediana
GAP de 7.97721
Numero maximo de geracoes sem evolucao: 559
Solucão valida: Sim
====================================================================================================================


 ===================================================RESULTADOS=========================================================
Melhor fitness final: 1138
Melhor fitness possivel: 1053
Tempo de execução: 51
Melhor solução encontrada: 0 48 124 46 47 36 143 49 64 11 107 19 123 7 0 5 118 60 83 125 45 8 114 82 106 18 0 144 87 97 92 37 98 93 59 99 104 96 95 94 0 13 137 73 23 67 39 56 72 21 40 58 0 84 17 113 16 141 44 119 14 142 100 91 85 117 0 80 150 68 121 29 24 134 54 130 55 25 139 4 110 53 0 27 50 102 33 81 34 78 129 79 3 77 116 76 0 31 20 128 131 32 90 63 126 108 10 62 148 88 52 0 2 115 74 75 133 22 41 145 57 42 15 43 38 140 86 61 6 0 105 26 149 109 12 138 28 111 132 69 1 101 127 146 0 9 120 135 35 136 65 71 66 103 51 122 30 70 0 89 147 112 0 
Solução encontrada considerada ruim
GAP de 8.07217
Numero maximo de geracoes sem evolucao: 341
Solucão valida: Sim
====================================================================================================================


 ===================================================RESULTADOS=========================================================
Melhor fitness final: 1115
Melhor fitness possivel: 1053
Tempo de execução: 51
Melhor solução encontrada: 0 58 13 137 87 144 57 145 115 2 149 26 105 53 0 98 91 14 38 140 119 44 141 16 85 104 99 96 0 110 4 139 39 56 75 133 22 74 72 73 21 40 0 50 102 33 81 120 9 103 51 122 101 1 69 132 0 118 60 83 125 45 46 8 114 82 7 106 18 52 0 31 10 108 128 131 32 90 63 126 62 148 88 127 0 123 19 107 11 64 49 143 36 47 124 48 146 0 12 150 80 68 121 29 24 134 130 54 109 138 28 0 70 30 20 66 71 65 136 35 135 34 78 129 79 3 76 0 95 97 92 59 93 61 86 113 17 84 5 0 27 111 77 116 55 25 67 23 41 15 43 142 42 100 37 117 0 89 147 6 94 112 0 
Solução encontrada considerada mediana
GAP de 5.88794
Numero maximo de geracoes sem evolucao: 525
Solucão valida: Sim
====================================================================================================================


 ===================================================RESULTADOS=========================================================
Melhor fitness final: 1166
Melhor fitness possivel: 1053
Tempo de execução: 53
Melhor solução encontrada: 0 52 106 7 82 18 89 6 97 87 144 57 41 145 115 40 58 0 23 67 25 55 130 54 134 24 29 121 129 79 3 76 0 132 69 1 101 70 30 122 51 9 120 81 111 138 28 0 21 110 4 139 39 56 75 133 22 74 72 73 2 0 27 31 10 108 131 32 90 63 126 11 107 19 123 0 50 102 33 77 116 12 109 149 26 105 53 0 13 117 92 37 98 91 141 86 16 61 59 99 104 96 0 150 80 68 78 34 135 35 136 65 71 103 66 128 20 0 93 85 100 119 44 140 38 14 142 43 15 42 137 0 5 84 113 17 125 45 46 124 8 114 83 60 118 0 48 47 36 143 49 64 62 148 88 127 146 0 147 95 94 112 0 
Solução encontrada considerada ruim
GAP de 10.7312
Numero maximo de geracoes sem evolucao: 337
Solucão valida: Sim
====================================================================================================================


 ===================================================RESULTADOS=========================================================
Melhor fitness final: 1127
Melhor fitness possivel: 1053
Tempo de execução: 55
Melhor solução encontrada: 0 94 95 117 97 92 37 98 93 59 99 104 96 147 0 111 102 81 120 9 51 122 30 70 101 1 69 132 0 76 77 3 121 29 24 134 130 54 150 80 68 116 0 146 7 82 8 46 45 125 17 113 86 84 5 0 26 149 4 110 21 73 115 2 57 144 87 137 13 58 0 20 128 66 103 71 65 136 35 135 34 78 129 79 33 50 0 75 56 23 67 39 139 25 55 109 12 138 28 0 106 48 124 47 36 143 49 64 19 123 127 0 53 105 40 72 74 133 22 41 145 15 43 142 42 112 0 31 10 108 131 32 90 63 126 11 107 62 148 88 0 61 16 141 44 140 38 14 119 100 91 85 6 0 89 118 60 83 114 18 52 27 0 
Solução encontrada considerada mediana
GAP de 7.02754
Numero maximo de geracoes sem evolucao: 793
Solucão valida: Sim
====================================================================================================================


 ===================================================RESULTADOS=========================================================
Melhor fitness final: 1138
Melhor fitness possivel: 1053
Tempo de execução: 50
Melhor solução encontrada: 0 77 3 79 129 78 34 35 136 71 103 9 120 81 1 0 28 26 149 110 4 56 75 133 22 74 72 73 21 0 76 116 68 150 80 134 24 29 121 33 102 50 27 0 52 148 62 10 108 126 63 90 32 131 128 20 30 122 70 0 53 105 58 137 2 115 145 41 15 43 57 144 87 97 117 13 0 138 12 109 54 130 55 25 139 39 67 23 40 0 83 114 8 125 45 46 107 11 64 66 65 135 51 0 89 147 6 96 99 104 93 59 95 94 0 85 61 16 141 44 119 91 100 37 98 92 112 0 18 82 48 124 47 36 143 49 19 123 7 106 0 60 118 5 84 17 113 86 140 38 14 142 42 0 111 132 69 101 31 88 127 146 0 
Solução encontrada considerada ruim
GAP de 8.07217
Numero maximo de geracoes sem evolucao: 375
Solucão valida: Sim
====================================================================================================================


 ===================================================RESULTADOS=========================================================
Melhor fitness final: 1122
Melhor fitness possivel: 1053
Tempo de execução: 49
Melhor solução encontrada: 0 37 119 44 86 113 17 84 5 118 60 18 52 146 0 75 56 23 67 39 139 25 55 4 110 149 26 0 31 62 148 88 106 82 114 8 46 45 125 83 0 130 54 134 24 29 121 129 79 3 77 116 76 1 111 0 122 51 103 66 71 65 136 35 135 34 78 81 33 50 0 13 137 2 115 57 144 87 97 95 94 6 147 89 0 58 145 41 22 133 74 72 73 21 40 105 53 0 102 9 120 68 80 150 109 12 138 28 0 27 132 69 101 70 30 20 128 131 32 90 63 126 108 10 127 0 123 19 107 11 64 49 143 36 47 124 48 7 0 42 142 15 43 14 38 140 141 16 61 91 100 98 99 104 96 0 112 59 93 85 92 117 0 
Solução encontrada considerada mediana
GAP de 6.55271
Numero maximo de geracoes sem evolucao: 274
Solucão valida: Sim
====================================================================================================================


 ===================================================RESULTADOS=========================================================
Melhor fitness final: 1130
Melhor fitness possivel: 1053
Tempo de execução: 52
Melhor solução encontrada: 0 127 88 148 62 10 108 126 63 90 32 131 128 20 70 69 132 0 111 50 103 71 65 136 35 135 34 78 129 121 29 24 134 138 0 53 74 22 133 75 56 23 67 39 139 25 55 0 102 33 81 120 9 51 66 30 122 101 1 0 147 6 96 99 104 93 85 98 59 92 117 13 0 58 40 21 73 72 110 4 130 54 149 26 105 0 82 48 124 46 8 114 125 45 17 61 42 142 43 15 41 145 0 113 86 140 38 14 119 44 141 16 91 100 37 0 112 89 60 118 5 84 83 18 52 146 27 0 31 123 19 107 11 64 49 143 36 47 7 106 0 76 116 77 3 79 68 150 80 109 12 28 0 94 95 97 87 144 57 115 2 137 0 
Solução encontrada considerada mediana
GAP de 7.31244
Numero maximo de geracoes sem evolucao: 751
Solucão valida: Sim
====================================================================================================================


 ===================================================RESULTADOS=========================================================
Melhor fitness final: 1165
Melhor fitness possivel: 1053
Tempo de execução: 56
Melhor solução encontrada: 0 52 88 148 62 11 107 19 123 48 8 114 83 0 93 61 16 141 44 119 91 98 37 92 97 87 144 137 0 10 108 126 63 90 32 131 128 20 103 71 136 35 135 34 78 0 85 100 42 142 43 14 38 140 86 113 17 84 146 0 110 4 139 39 56 75 133 22 74 72 73 21 40 0 105 26 149 116 77 3 129 79 102 50 76 28 0 94 5 118 60 18 82 7 106 31 127 0 89 125 45 46 124 47 36 143 49 64 66 65 0 2 115 57 15 145 41 23 67 25 55 130 54 134 24 29 121 0 111 33 81 120 9 51 122 30 70 101 1 69 132 27 0 112 147 6 96 99 104 59 95 117 13 58 53 0 68 150 80 109 12 138 0 
Solução encontrada considerada ruim
GAP de 10.6363
Numero maximo de geracoes sem evolucao: 574
Solucão valida: Sim
====================================================================================================================

