
 ===================================================RESULTADOS=========================================================
Melhor fitness final: 1102
Melhor fitness possivel: 1053
Tempo de execução: 50
Melhor solução encontrada: 0 18 83 114 8 125 45 17 113 84 5 118 60 0 109 24 134 54 130 55 25 67 39 139 4 110 149 0 132 69 101 70 30 122 51 9 120 81 33 102 50 0 28 116 77 3 79 29 121 68 150 80 12 138 0 94 59 92 37 98 85 93 99 104 96 6 147 0 1 20 128 66 103 71 65 136 35 135 34 78 129 76 111 0 27 127 31 10 108 131 32 90 11 107 19 123 0 13 117 95 97 87 144 115 2 58 40 26 105 53 0 21 73 72 74 75 56 23 133 22 41 145 15 43 57 137 0 100 91 61 16 141 86 140 38 44 119 14 142 42 0 82 48 124 46 47 36 143 49 64 63 126 62 148 0 146 52 88 7 106 89 112 0 
Solução encontrada considerada boa
GAP de 4.65337
Numero maximo de geracoes sem evolucao: 0
Solucão valida: Sim
====================================================================================================================


 ===================================================RESULTADOS=========================================================
Melhor fitness final: 1090
Melhor fitness possivel: 1053
Tempo de execução: 49
Melhor solução encontrada: 0 147 118 83 125 45 8 114 82 106 52 0 13 117 92 37 100 91 61 16 141 44 119 14 142 42 137 0 26 110 4 139 39 67 23 56 75 72 21 0 6 96 104 99 93 85 98 59 94 112 0 31 10 108 131 32 90 63 126 62 148 88 127 146 0 102 33 81 120 68 150 80 109 12 138 0 111 50 71 65 136 35 135 34 78 129 79 3 77 76 28 0 89 18 60 5 84 17 113 86 140 38 43 15 57 58 0 95 97 87 144 2 115 145 41 22 133 74 73 40 53 0 27 69 101 70 30 20 128 66 103 9 51 122 1 132 0 48 124 46 47 36 143 49 64 11 107 19 123 7 0 105 149 54 130 55 25 134 24 29 121 116 0 
Solução encontrada considerada boa
GAP de 3.51377
Numero maximo de geracoes sem evolucao: 0
Solucão valida: Sim
====================================================================================================================


 ===================================================RESULTADOS=========================================================
Melhor fitness final: 1117
Melhor fitness possivel: 1053
Tempo de execução: 51
Melhor solução encontrada: 0 127 88 148 62 126 63 90 32 131 108 10 31 69 132 0 1 101 70 122 30 20 128 66 65 136 35 135 34 78 129 76 0 114 8 125 45 46 36 143 49 64 11 107 19 123 146 0 110 4 139 39 67 56 75 133 22 74 73 21 40 0 28 150 80 68 3 79 121 29 24 134 25 55 130 54 0 72 23 41 145 15 43 38 140 44 119 14 142 42 87 0 27 111 138 12 109 149 26 105 58 53 0 112 94 96 104 99 59 95 97 144 57 115 2 137 0 13 117 92 37 98 100 91 16 141 86 113 17 84 83 0 116 77 33 81 120 9 71 103 51 102 50 0 147 6 93 85 61 5 118 60 89 0 18 82 124 47 48 7 106 52 0 
Solução encontrada considerada mediana
GAP de 6.07787
Numero maximo de geracoes sem evolucao: 0
Solucão valida: Sim
====================================================================================================================

