
 ===================================================RESULTADOS=========================================================
Melhor fitness final: 1082
Melhor fitness possivel: 1053
Tempo de execução: 66
Melhor solução encontrada: 0 127 88 148 62 126 63 90 32 131 108 10 31 27 0 48 124 46 47 36 143 49 64 11 107 19 123 146 0 69 101 70 30 128 103 71 136 35 135 120 9 51 122 1 132 0 94 92 98 85 16 141 44 119 14 142 42 117 0 18 84 17 113 86 140 38 43 15 57 144 87 137 13 0 20 66 65 34 78 129 79 81 33 102 50 111 0 110 4 139 39 56 75 133 22 74 72 73 21 40 0 76 116 77 3 121 29 24 134 68 150 80 109 12 138 0 52 106 7 82 114 8 45 125 83 60 118 5 0 95 97 37 100 91 61 93 59 104 99 96 6 147 89 0 58 2 115 145 41 23 67 25 55 130 54 149 26 28 0 105 53 112 0 
Solução encontrada considerada boa
GAP de 2.75404
Numero maximo de geracoes sem evolucao: 596
Solucão valida: Sim
====================================================================================================================


 ===================================================RESULTADOS=========================================================
Melhor fitness final: 1107
Melhor fitness possivel: 1053
Tempo de execução: 64
Melhor solução encontrada: 0 110 4 139 39 56 75 133 22 74 72 73 21 40 0 18 83 60 118 5 84 17 113 86 140 38 91 92 0 94 95 97 37 100 98 59 99 104 96 147 89 0 77 3 129 78 34 135 35 136 65 66 128 20 51 30 122 1 0 117 42 142 14 119 44 141 16 61 85 93 6 0 50 102 33 9 103 71 120 81 79 111 0 131 32 90 63 126 11 107 19 47 124 48 82 52 0 28 76 116 68 150 80 121 29 24 134 109 12 138 0 27 132 69 101 70 108 10 62 148 88 31 127 0 112 114 8 125 45 46 36 143 49 64 123 7 106 146 0 105 26 149 54 130 55 25 67 23 41 145 115 2 0 13 87 43 15 57 144 137 58 53 0 
Solução encontrada considerada mediana
GAP de 5.12821
Numero maximo de geracoes sem evolucao: 1801
Solucão valida: Sim
====================================================================================================================


 ===================================================RESULTADOS=========================================================
Melhor fitness final: 1136
Melhor fitness possivel: 1053
Tempo de execução: 64
Melhor solução encontrada: 0 132 1 103 66 71 65 136 35 135 9 120 81 0 40 73 74 22 133 75 56 39 139 4 110 149 26 0 97 37 100 142 43 15 41 145 115 2 57 144 87 137 58 53 0 28 116 77 33 51 20 128 131 32 90 63 126 108 70 101 69 27 0 111 50 102 122 30 10 62 148 88 31 127 146 0 105 21 72 23 67 25 55 130 54 134 24 0 114 8 125 45 17 113 16 141 44 119 14 42 117 0 52 106 82 18 83 5 85 93 59 6 0 48 124 46 47 36 143 49 64 11 107 19 123 7 0 138 12 109 80 150 68 121 29 34 78 129 79 3 76 0 89 60 118 84 61 86 140 38 91 98 92 95 13 0 147 104 99 96 94 112 0 
Solução encontrada considerada mediana
GAP de 7.88224
Numero maximo de geracoes sem evolucao: 572
Solucão valida: Sim
====================================================================================================================


 ===================================================RESULTADOS=========================================================
Melhor fitness final: 1164
Melhor fitness possivel: 1053
Tempo de execução: 65
Melhor solução encontrada: 0 97 42 38 140 86 113 17 84 45 125 82 106 52 146 0 21 73 72 110 4 54 134 24 29 121 68 80 150 109 0 51 103 71 65 136 35 135 120 81 33 102 50 0 27 127 31 88 124 46 8 114 83 60 118 89 0 147 6 96 104 99 59 92 95 117 94 112 0 7 123 19 107 11 64 49 143 36 47 48 18 0 148 62 10 108 126 63 90 32 131 66 9 34 78 129 0 74 22 133 75 56 23 67 39 139 25 55 130 0 98 37 14 119 44 141 16 61 85 93 0 53 58 40 105 28 111 1 122 20 128 30 70 101 69 132 0 5 91 100 142 43 15 41 145 115 2 57 144 87 137 13 0 26 149 12 116 77 3 79 76 138 0 
Solução encontrada considerada ruim
GAP de 10.5413
Numero maximo de geracoes sem evolucao: 721
Solucão valida: Sim
====================================================================================================================


 ===================================================RESULTADOS=========================================================
Melhor fitness final: 1111
Melhor fitness possivel: 1053
Tempo de execução: 64
Melhor solução encontrada: 0 101 70 131 32 90 63 126 108 10 62 148 88 31 127 146 0 52 123 19 107 11 64 49 143 36 46 125 8 114 18 0 93 61 85 98 37 100 42 142 43 15 144 87 137 0 112 94 95 97 92 59 104 99 96 6 147 89 0 106 7 48 47 124 82 83 84 5 118 60 0 110 4 139 39 56 75 133 22 74 72 73 21 40 0 132 1 51 103 71 9 120 81 129 79 3 76 0 111 33 78 34 135 35 136 65 66 128 20 30 122 69 27 0 45 17 113 86 140 38 14 119 44 141 16 91 117 0 138 12 109 54 134 24 29 121 150 80 68 116 28 0 13 2 115 57 145 41 23 67 25 55 130 77 102 50 0 53 58 149 26 105 0 
Solução encontrada considerada mediana
GAP de 5.50807
Numero maximo de geracoes sem evolucao: 625
Solucão valida: Sim
====================================================================================================================


 ===================================================RESULTADOS=========================================================
Melhor fitness final: 1105
Melhor fitness possivel: 1053
Tempo de execução: 63
Melhor solução encontrada: 0 146 52 88 148 62 126 63 90 32 131 108 10 31 127 0 13 117 97 92 98 91 44 119 14 142 42 57 144 87 137 53 0 105 26 149 109 12 138 28 111 1 70 101 69 132 27 0 112 94 59 99 104 96 6 147 89 0 118 60 83 125 45 8 114 82 106 18 0 23 67 25 55 130 54 134 24 29 121 68 80 150 0 40 21 73 72 74 22 133 75 56 39 139 4 110 0 48 47 124 46 36 143 49 64 11 107 19 123 7 0 76 116 77 3 79 129 78 34 120 81 102 50 0 122 30 20 128 66 65 136 35 135 71 103 9 51 33 0 93 85 61 16 86 113 17 84 5 0 58 2 115 145 41 15 43 38 140 141 100 37 95 0 
Solução encontrada considerada boa
GAP de 4.93827
Numero maximo de geracoes sem evolucao: 1276
Solucão valida: Sim
====================================================================================================================


 ===================================================RESULTADOS=========================================================
Melhor fitness final: 1111
Melhor fitness possivel: 1053
Tempo de execução: 64
Melhor solução encontrada: 0 60 118 5 16 141 113 17 84 83 18 52 27 0 127 31 88 123 19 47 124 48 82 7 106 146 0 40 21 73 72 74 22 133 75 56 39 139 4 110 0 10 108 126 63 90 32 131 128 66 20 51 122 30 70 101 69 0 138 109 54 130 55 25 67 23 41 145 15 43 142 42 100 37 92 0 98 91 44 119 14 38 140 86 61 85 93 6 0 58 137 2 115 57 144 87 97 95 94 112 0 114 8 125 45 46 36 143 49 64 11 107 62 148 0 77 3 79 129 78 34 121 29 24 134 150 80 68 116 0 28 111 132 1 50 76 12 149 26 105 53 0 102 33 81 120 9 135 35 136 65 71 103 0 13 117 59 104 99 96 147 89 0 
Solução encontrada considerada mediana
GAP de 5.50807
Numero maximo de geracoes sem evolucao: 727
Solucão valida: Sim
====================================================================================================================


 ===================================================RESULTADOS=========================================================
Melhor fitness final: 1094
Melhor fitness possivel: 1053
Tempo de execução: 62
Melhor solução encontrada: 0 111 50 102 33 81 34 78 129 79 3 77 116 76 0 59 98 61 113 86 140 38 14 142 43 15 42 137 0 28 138 12 26 105 58 94 6 147 112 0 96 104 99 93 85 91 16 141 44 119 100 37 92 0 106 82 48 124 46 47 36 143 49 64 62 148 0 69 101 70 30 128 131 32 90 63 126 11 107 19 123 7 52 146 0 132 122 20 66 71 65 136 35 135 120 9 103 51 1 0 13 117 95 97 87 144 57 145 41 22 133 74 115 2 0 89 60 118 5 84 17 45 125 8 114 83 18 0 53 40 21 73 72 75 56 23 67 39 139 110 0 109 80 150 68 121 29 24 134 54 130 55 25 4 149 0 27 31 108 10 88 127 0 
Solução encontrada considerada boa
GAP de 3.89364
Numero maximo de geracoes sem evolucao: 962
Solucão valida: Sim
====================================================================================================================


 ===================================================RESULTADOS=========================================================
Melhor fitness final: 1083
Melhor fitness possivel: 1053
Tempo de execução: 64
Melhor solução encontrada: 0 110 4 139 39 56 75 133 22 74 72 73 21 40 0 18 60 118 5 84 17 113 86 140 38 43 142 42 117 0 127 31 10 108 126 63 90 32 131 128 20 30 70 101 0 50 102 33 81 120 9 71 103 51 1 132 0 89 147 6 96 99 104 93 59 92 97 95 94 0 111 76 77 3 79 129 78 34 135 35 136 65 66 122 69 0 27 52 106 7 123 19 47 124 48 82 8 114 0 83 125 45 46 36 143 49 64 11 107 62 148 88 146 0 28 116 121 29 24 134 54 130 55 25 67 23 41 145 0 85 61 16 141 44 119 14 91 100 37 98 0 112 13 137 87 144 15 57 115 2 58 53 0 105 26 149 109 80 150 68 12 138 0 
Solução encontrada considerada boa
GAP de 2.849
Numero maximo de geracoes sem evolucao: 211
Solucão valida: Sim
====================================================================================================================


 ===================================================RESULTADOS=========================================================
Melhor fitness final: 1121
Melhor fitness possivel: 1053
Tempo de execução: 65
Melhor solução encontrada: 0 13 117 95 97 92 59 99 104 96 94 6 147 89 0 23 67 25 55 130 54 134 24 29 121 68 80 150 0 122 103 71 65 136 35 135 34 78 129 79 3 77 116 76 0 106 123 19 49 143 36 47 46 124 48 82 18 0 146 127 88 148 62 126 63 90 108 10 31 27 0 93 85 98 37 100 91 141 44 119 14 142 42 0 132 1 51 9 120 81 33 102 50 111 0 112 58 105 26 149 109 12 138 28 0 118 5 16 113 17 45 125 8 114 83 0 110 4 139 39 56 75 133 22 74 72 73 21 40 0 53 137 87 144 57 2 115 145 41 15 43 38 140 86 61 84 60 0 52 7 107 11 64 32 131 128 66 20 30 70 101 69 0 
Solução encontrada considerada mediana
GAP de 6.45774
Numero maximo de geracoes sem evolucao: 739
Solucão valida: Sim
====================================================================================================================
====================================================================================================================
====================================================================================================================

 ===================================================RESULTADOS=========================================================
Melhor fitness final: 1057
Melhor fitness possivel: 1053
Tempo de execução: 65
Melhor solução encontrada: 0 105 110 4 139 39 56 75 133 74 72 73 21 40 0 117 97 42 142 14 119 44 141 16 61 91 100 37 59 6 0 77 3 79 129 78 34 120 9 81 33 102 50 0 132 31 10 108 131 32 90 63 126 62 148 88 127 146 0 58 137 87 144 57 15 43 38 140 86 113 17 83 18 0 69 101 70 30 20 128 66 65 136 35 135 71 103 51 122 1 0 26 149 54 130 55 25 67 23 22 41 145 115 2 53 0 111 76 116 68 150 80 121 29 24 134 109 12 138 0 13 95 92 98 85 93 99 104 96 94 0 48 47 124 46 36 143 49 64 11 107 19 123 7 0 52 106 82 114 8 125 45 84 5 118 60 0 112 147 89 27 28 0 
Solução encontrada considerada boa
GAP de 0.379867
Numero maximo de geracoes sem evolucao: 361
Solucão valida: Sim
====================================================================================================================


 ===================================================RESULTADOS=========================================================
Melhor fitness final: 1098
Melhor fitness possivel: 1053
Tempo de execução: 64
Melhor solução encontrada: 0 18 82 114 8 125 45 46 36 143 49 64 7 106 52 146 0 77 3 79 129 78 34 135 35 136 65 66 128 20 30 69 0 85 61 16 141 44 119 14 142 42 117 112 0 110 4 139 39 56 75 133 22 74 72 73 21 40 0 83 60 118 5 84 17 113 86 140 38 91 93 0 138 12 109 80 150 134 24 29 121 68 116 76 28 0 111 50 102 33 81 120 9 71 103 51 122 0 105 26 149 54 130 55 25 67 23 41 145 115 2 0 89 147 6 96 99 104 59 98 100 37 92 97 95 94 0 132 1 70 108 10 62 148 88 31 127 27 0 48 124 47 123 19 107 11 126 63 90 32 131 101 0 53 58 137 144 57 15 43 87 13 0 
Solução encontrada considerada boa
GAP de 4.2735
Numero maximo de geracoes sem evolucao: 337
Solucão valida: Sim
====================================================================================================================


 ===================================================RESULTADOS=========================================================
Melhor fitness final: 1117
Melhor fitness possivel: 1053
Tempo de execução: 64
Melhor solução encontrada: 0 112 13 117 97 92 59 95 94 6 147 89 0 53 58 137 87 144 57 2 115 145 41 15 43 142 100 37 98 0 27 31 10 108 126 63 11 107 62 148 88 127 146 0 40 73 74 22 133 56 39 139 4 110 149 26 105 0 116 68 80 150 134 24 29 121 34 78 129 79 3 77 76 0 18 8 125 45 17 113 16 141 44 119 14 42 0 138 12 109 54 130 55 25 67 23 75 72 21 0 69 101 70 32 131 128 20 66 65 136 35 135 71 103 132 0 122 30 90 64 49 143 36 46 124 47 19 123 48 7 0 28 111 50 102 33 81 120 9 51 1 0 5 84 61 86 140 38 91 85 93 99 104 96 0 118 60 83 114 82 106 52 0 
Solução encontrada considerada mediana
GAP de 6.07787
Numero maximo de geracoes sem evolucao: 1363
Solucão valida: Sim
====================================================================================================================


 ===================================================RESULTADOS=========================================================
Melhor fitness final: 1092
Melhor fitness possivel: 1053
Tempo de execução: 64
Melhor solução encontrada: 0 21 73 74 22 133 75 56 23 67 39 139 25 55 0 72 110 4 130 54 134 24 29 121 68 80 150 138 0 129 78 34 135 35 136 65 71 66 103 9 120 51 122 0 89 147 6 96 104 99 59 92 95 94 112 0 13 137 87 144 57 42 142 14 43 15 41 145 115 2 40 58 0 28 76 116 77 3 79 81 33 102 50 1 132 0 118 60 114 8 46 36 143 49 64 11 107 7 106 52 146 0 93 85 91 141 44 140 38 119 100 98 37 97 117 0 5 84 61 16 86 113 17 45 125 83 18 0 148 62 10 108 126 63 90 32 131 128 20 30 70 101 69 0 27 127 31 88 123 19 47 124 48 82 0 53 105 26 149 109 12 111 0 
Solução encontrada considerada boa
GAP de 3.7037
Numero maximo de geracoes sem evolucao: 897
Solucão valida: Sim
====================================================================================================================


 ===================================================RESULTADOS=========================================================
Melhor fitness final: 1118
Melhor fitness possivel: 1053
Tempo de execução: 64
Melhor solução encontrada: 0 98 100 119 44 141 16 113 17 45 125 5 0 28 76 116 68 121 29 24 134 54 109 12 138 0 105 26 149 2 115 57 144 87 137 13 58 53 0 31 10 108 128 131 32 90 63 126 62 148 88 127 146 0 110 4 139 39 56 75 133 22 74 72 73 21 40 0 77 3 79 129 78 34 135 35 136 65 71 66 20 30 70 0 95 92 37 14 38 140 86 91 85 93 104 99 6 0 69 101 122 51 103 9 120 81 33 102 50 111 0 59 61 84 46 36 143 49 64 11 107 19 123 7 106 52 0 118 60 83 114 8 124 47 48 82 18 0 27 132 1 150 80 130 55 25 67 23 41 145 15 43 142 42 97 117 0 89 147 96 94 112 0 
Solução encontrada considerada mediana
GAP de 6.17284
Numero maximo de geracoes sem evolucao: 1058
Solucão valida: Sim
====================================================================================================================


 ===================================================RESULTADOS=========================================================
Melhor fitness final: 1088
Melhor fitness possivel: 1053
Tempo de execução: 65
Melhor solução encontrada: 0 146 52 106 82 114 8 45 125 83 118 60 18 0 112 94 59 93 99 104 96 6 147 89 0 48 124 46 47 36 143 49 64 11 107 19 123 7 0 1 30 20 128 66 103 9 102 111 28 0 5 84 17 113 86 140 38 14 142 42 43 15 57 58 0 21 73 72 74 22 133 75 56 139 4 110 149 26 0 132 69 101 70 122 51 71 65 136 35 135 120 81 33 50 0 145 41 23 67 39 25 55 130 54 134 24 29 121 0 127 88 148 62 126 63 90 32 131 108 10 31 27 0 138 12 109 80 150 68 34 78 129 79 3 77 116 76 0 95 92 98 85 61 16 141 44 119 91 100 37 97 117 0 53 105 40 115 2 144 87 137 13 0 
Solução encontrada considerada boa
GAP de 3.32384
Numero maximo de geracoes sem evolucao: 321
Solucão valida: Sim
====================================================================================================================


 ===================================================RESULTADOS=========================================================
Melhor fitness final: 1102
Melhor fitness possivel: 1053
Tempo de execução: 68
Melhor solução encontrada: 0 27 69 101 70 30 131 32 90 63 126 108 10 62 148 88 146 0 20 128 66 65 136 35 135 71 103 9 120 81 0 68 80 150 134 24 29 121 34 78 129 79 3 77 116 76 0 95 92 37 100 42 142 43 15 145 41 23 67 25 55 130 54 0 94 59 98 91 85 93 99 104 96 6 147 0 58 137 2 115 57 144 87 97 117 13 112 0 118 5 83 125 45 8 114 82 106 18 0 40 21 73 72 74 22 133 75 56 39 139 4 110 0 53 105 26 149 109 12 138 111 1 132 0 48 124 46 47 36 143 49 64 11 107 19 123 7 0 61 16 141 44 119 14 38 140 86 113 17 84 60 0 28 50 102 33 51 122 31 127 52 89 0 
Solução encontrada considerada boa
GAP de 4.65337
Numero maximo de geracoes sem evolucao: 437
Solucão valida: Sim
====================================================================================================================


 ===================================================RESULTADOS=========================================================
Melhor fitness final: 1094
Melhor fitness possivel: 1053
Tempo de execução: 65
Melhor solução encontrada: 0 1 122 51 120 9 103 66 71 65 136 35 135 34 78 0 88 148 62 10 108 126 63 90 32 131 128 20 30 70 101 69 0 18 106 82 114 8 45 125 83 60 118 5 0 28 138 12 109 149 26 105 53 112 147 89 0 110 4 139 39 56 75 133 22 74 72 73 21 40 0 137 57 144 87 97 92 37 98 93 59 104 99 96 94 0 23 67 25 55 130 54 134 24 29 121 68 150 80 0 84 17 113 86 140 38 14 119 44 141 16 61 6 0 13 117 95 85 91 100 42 142 43 15 41 145 115 2 58 0 48 124 46 47 36 143 49 64 11 107 19 123 7 0 111 76 116 77 3 79 129 81 33 102 50 132 0 27 31 127 52 146 0 
Solução encontrada considerada boa
GAP de 3.89364
Numero maximo de geracoes sem evolucao: 1419
Solucão valida: Sim
====================================================================================================================


 ===================================================RESULTADOS=========================================================
Melhor fitness final: 1106
Melhor fitness possivel: 1053
Tempo de execução: 65
Melhor solução encontrada: 0 31 148 62 107 11 64 49 143 36 19 123 7 52 0 82 8 114 83 84 17 113 86 5 118 60 0 149 4 139 39 56 75 133 22 74 72 73 21 0 127 88 10 108 126 63 90 32 131 128 20 30 122 70 101 69 132 0 111 50 102 33 81 9 120 79 3 76 0 95 97 87 100 91 140 38 43 15 145 41 23 67 25 55 110 0 13 117 92 37 98 85 93 59 104 99 96 6 147 0 94 61 16 141 44 119 14 142 42 144 57 115 2 137 0 27 1 51 103 66 71 65 136 35 135 34 78 129 77 116 0 138 109 54 130 134 24 29 121 68 80 150 12 28 0 112 89 18 125 45 46 124 47 48 106 146 0 53 58 40 26 105 0 
Solução encontrada considerada mediana
GAP de 5.03324
Numero maximo de geracoes sem evolucao: 386
Solucão valida: Sim
====================================================================================================================


 ===================================================RESULTADOS=========================================================
Melhor fitness final: 1131
Melhor fitness possivel: 1053
Tempo de execução: 68
Melhor solução encontrada: 0 40 145 15 43 42 142 14 119 44 38 140 86 141 61 6 0 116 77 3 79 129 78 34 135 35 136 65 71 66 20 132 0 82 48 47 36 143 49 19 123 7 106 52 146 0 127 88 148 62 126 63 90 108 10 31 27 0 111 50 102 81 120 9 51 122 30 70 101 1 69 0 28 138 12 109 149 26 105 53 112 0 118 60 83 125 45 17 113 16 84 5 0 72 75 56 39 67 23 41 22 133 74 73 0 150 80 68 121 29 24 134 54 130 55 25 139 4 110 21 0 13 117 95 97 92 59 99 104 96 94 147 89 0 93 85 91 100 98 37 87 144 57 115 2 137 58 0 76 33 103 128 131 32 64 11 107 124 46 8 114 18 0 
Solução encontrada considerada mediana
GAP de 7.40741
Numero maximo de geracoes sem evolucao: 654
Solucão valida: Sim
====================================================================================================================
====================================================================================================================
====================================================================================================================

 ===================================================RESULTADOS=========================================================
Melhor fitness final: 1057
Melhor fitness possivel: 1053
Tempo de execução: 65
Melhor solução encontrada: 0 105 110 4 139 39 56 75 133 74 72 73 21 40 0 117 97 42 142 14 119 44 141 16 61 91 100 37 59 6 0 77 3 79 129 78 34 120 9 81 33 102 50 0 132 31 10 108 131 32 90 63 126 62 148 88 127 146 0 58 137 87 144 57 15 43 38 140 86 113 17 83 18 0 69 101 70 30 20 128 66 65 136 35 135 71 103 51 122 1 0 26 149 54 130 55 25 67 23 22 41 145 115 2 53 0 111 76 116 68 150 80 121 29 24 134 109 12 138 0 13 95 92 98 85 93 99 104 96 94 0 48 47 124 46 36 143 49 64 11 107 19 123 7 0 52 106 82 114 8 125 45 84 5 118 60 0 112 147 89 27 28 0 
Solução encontrada considerada boa
GAP de 0.379867
Numero maximo de geracoes sem evolucao: 361
Solucão valida: Sim
====================================================================================================================

