
 ===================================================RESULTADOS=========================================================
Melhor fitness final: 1120
Melhor fitness possivel: 1053
Tempo de execução: 338
Melhor solução encontrada: 0 1 51 9 71 65 136 35 135 120 81 33 50 111 0 132 69 101 70 30 131 128 20 122 102 76 12 109 138 28 0 40 21 73 72 74 22 133 75 56 39 139 4 110 0 53 137 144 87 97 92 59 104 99 96 95 117 13 0 48 124 46 47 36 143 49 64 11 107 19 123 7 0 103 66 32 90 63 126 108 10 62 148 88 31 0 112 94 98 37 100 91 85 93 6 147 89 0 68 150 80 134 24 29 121 34 78 129 79 3 77 116 0 58 115 145 41 23 67 25 55 130 54 149 26 105 0 5 84 61 113 17 45 125 8 114 83 60 118 0 2 57 15 43 38 140 86 16 141 44 119 14 142 42 0 27 127 106 82 18 52 146 0 
Solução encontrada considerada mediana
GAP de 6.36277
Numero maximo de geracoes sem evolucao: 0
Solucão valida: Sim
====================================================================================================================


 ===================================================RESULTADOS=========================================================
Melhor fitness final: 1113
Melhor fitness possivel: 1053
Tempo de execução: 253
Melhor solução encontrada: 0 33 81 120 9 71 65 136 35 135 34 78 129 79 0 127 88 148 62 126 63 90 32 131 108 10 31 27 0 18 114 125 45 17 113 84 5 118 60 0 73 72 74 22 133 75 56 39 139 4 110 21 40 0 112 94 95 97 92 59 104 99 96 6 147 89 0 53 26 109 134 24 29 121 68 80 150 12 138 28 0 105 149 54 130 55 25 67 23 41 145 115 2 137 0 13 117 87 144 42 142 14 119 44 141 16 61 0 132 101 70 122 30 20 128 66 103 51 102 50 111 0 76 116 77 3 1 69 7 48 47 124 82 106 52 146 0 93 85 98 37 100 91 86 140 38 43 15 57 58 0 83 8 46 36 143 49 64 11 107 19 123 0 
Solução encontrada considerada mediana
GAP de 5.69801
Numero maximo de geracoes sem evolucao: 0
Solucão valida: Sim
====================================================================================================================


 ===================================================RESULTADOS=========================================================
Melhor fitness final: 1113
Melhor fitness possivel: 1053
Tempo de execução: 223
Melhor solução encontrada: 0 82 48 47 36 143 49 64 19 123 7 106 52 0 33 81 120 9 71 65 136 35 135 34 78 129 79 0 5 84 113 17 45 125 83 60 118 0 72 73 74 22 133 75 56 39 139 4 110 21 40 0 111 76 116 77 3 102 50 122 30 70 101 69 132 27 0 18 114 8 46 124 107 11 126 63 90 108 10 62 148 88 146 0 112 94 95 59 93 104 99 96 6 147 0 13 137 2 144 42 142 14 119 44 141 16 61 89 0 28 80 150 68 121 29 24 134 54 109 12 138 0 87 57 145 41 23 67 25 55 130 149 26 105 53 0 58 115 15 43 38 140 86 91 85 100 98 37 92 97 117 0 1 51 103 66 20 128 131 32 31 127 0 
Solução encontrada considerada mediana
GAP de 5.69801
Numero maximo de geracoes sem evolucao: 0
Solucão valida: Sim
====================================================================================================================


 ===================================================RESULTADOS=========================================================
Melhor fitness final: 1113
Melhor fitness possivel: 1053
Tempo de execução: 231
Melhor solução encontrada: 0 89 147 6 96 99 104 59 92 97 95 94 112 0 48 47 36 143 49 64 63 126 11 107 19 123 0 110 4 139 39 56 75 133 22 74 72 73 21 40 0 129 78 34 35 135 120 9 103 20 30 122 70 101 69 132 27 0 111 76 116 77 3 79 81 33 102 50 0 28 138 12 150 80 68 121 29 24 134 109 149 26 0 1 51 71 136 65 66 128 131 32 90 108 10 127 146 0 93 85 61 16 86 141 91 98 117 13 0 37 100 119 44 140 38 14 142 42 57 115 2 58 105 53 0 18 83 114 8 125 45 17 113 84 5 118 60 0 137 87 144 43 15 145 41 23 67 25 55 130 54 0 31 88 148 62 124 46 82 7 106 52 0 
Solução encontrada considerada mediana
GAP de 5.69801
Numero maximo de geracoes sem evolucao: 0
Solucão valida: Sim
====================================================================================================================


 ===================================================RESULTADOS=========================================================
Melhor fitness final: 1083
Melhor fitness possivel: 1053
Tempo de execução: 258
Melhor solução encontrada: 0 110 4 139 39 67 23 56 75 72 21 40 0 111 76 116 77 3 79 129 68 150 138 28 0 112 94 95 117 97 92 59 99 104 96 6 147 89 0 27 69 101 70 30 122 51 9 120 81 33 102 50 0 109 134 24 25 55 130 54 149 26 105 53 0 85 61 16 141 44 119 91 100 37 98 93 0 31 10 108 128 131 32 90 63 126 62 148 88 127 0 48 124 47 36 143 49 64 11 107 19 123 7 0 12 80 121 29 78 34 135 35 136 65 71 103 66 20 1 132 0 146 52 106 82 114 8 46 45 125 83 118 60 18 0 5 84 17 113 86 140 38 14 142 42 43 15 115 2 137 0 13 87 144 57 145 41 22 133 74 73 58 0 
Solução encontrada considerada boa
GAP de 2.849
Numero maximo de geracoes sem evolucao: 0
Solucão valida: Sim
====================================================================================================================


 ===================================================RESULTADOS=========================================================
Melhor fitness final: 1113
Melhor fitness possivel: 1053
Tempo de execução: 255
Melhor solução encontrada: 0 28 76 116 77 33 81 120 9 103 51 102 0 30 131 32 90 63 126 11 107 19 123 48 88 127 0 110 4 139 39 56 75 133 22 74 72 73 40 53 0 13 137 2 57 144 87 97 95 94 112 0 147 6 96 99 104 93 85 91 100 37 98 92 59 0 5 61 16 141 44 119 14 43 15 41 145 115 58 0 111 3 129 78 34 135 35 136 65 71 66 128 20 122 70 101 69 0 138 12 109 150 80 68 121 29 79 50 1 132 27 0 26 149 130 54 134 24 55 25 67 23 21 105 0 89 118 60 83 125 45 8 114 82 7 106 52 146 0 31 148 62 10 108 64 49 143 36 47 124 46 0 18 84 17 113 86 140 38 142 42 117 0 
Solução encontrada considerada mediana
GAP de 5.69801
Numero maximo de geracoes sem evolucao: 0
Solucão valida: Sim
====================================================================================================================


 ===================================================RESULTADOS=========================================================
Melhor fitness final: 1098
Melhor fitness possivel: 1053
Tempo de execução: 231
Melhor solução encontrada: 0 111 50 102 33 81 120 9 103 51 122 1 132 0 13 117 95 97 92 100 119 140 38 14 142 42 144 57 115 2 137 0 110 4 139 39 56 75 133 22 74 72 73 21 40 0 61 16 86 113 17 84 5 118 60 18 52 146 0 48 124 46 47 36 143 49 64 11 107 19 123 7 0 69 101 70 30 128 131 32 90 63 126 108 10 62 148 88 0 138 12 109 150 80 68 129 79 3 77 116 76 28 0 94 59 98 85 93 104 99 96 6 147 0 149 54 134 24 29 121 78 34 135 35 136 65 71 66 20 0 130 55 25 67 23 41 145 15 43 44 141 91 37 87 0 27 127 31 106 82 114 8 45 125 83 89 0 112 58 26 105 53 0 
Solução encontrada considerada boa
GAP de 4.2735
Numero maximo de geracoes sem evolucao: 0
Solucão valida: Sim
====================================================================================================================


 ===================================================RESULTADOS=========================================================
Melhor fitness final: 1120
Melhor fitness possivel: 1053
Tempo de execução: 256
Melhor solução encontrada: 0 28 76 116 77 81 120 9 51 122 30 70 101 69 132 0 111 33 135 35 34 78 129 79 68 80 150 109 12 138 0 1 103 71 136 65 66 20 128 131 32 90 63 126 148 88 0 73 74 22 133 75 56 23 67 39 139 25 55 0 18 83 114 8 125 45 17 113 84 5 118 60 0 21 72 110 4 130 54 134 24 29 121 3 102 50 0 27 127 31 10 108 107 19 123 7 106 52 146 0 62 11 64 49 143 36 47 46 124 48 82 89 0 13 137 2 115 145 41 57 144 87 92 59 99 104 96 6 147 0 94 95 98 37 100 91 141 44 119 14 142 42 97 117 0 112 93 85 61 16 86 140 38 43 15 0 58 40 149 26 105 53 0 
Solução encontrada considerada mediana
GAP de 6.36277
Numero maximo de geracoes sem evolucao: 0
Solucão valida: Sim
====================================================================================================================


 ===================================================RESULTADOS=========================================================
Melhor fitness final: 1139
Melhor fitness possivel: 1053
Tempo de execução: 269
Melhor solução encontrada: 0 123 19 107 11 126 63 90 32 131 128 20 30 122 70 101 1 0 79 129 78 34 135 35 136 65 71 9 120 102 50 0 28 76 77 3 33 81 51 103 66 108 10 127 0 111 116 68 80 150 121 29 24 134 54 109 12 138 0 94 95 59 92 98 85 93 104 99 96 6 0 13 117 97 37 100 119 44 140 38 14 42 144 87 137 0 18 114 8 17 113 5 118 60 89 0 53 21 73 72 74 56 39 139 4 110 149 26 0 125 45 46 36 143 49 64 47 124 48 82 146 0 27 132 69 31 88 148 62 7 106 52 147 112 0 130 55 25 67 23 75 133 22 41 145 40 105 0 58 2 115 57 15 43 142 91 141 86 16 61 84 83 0 
Solução encontrada considerada ruim
GAP de 8.16714
Numero maximo de geracoes sem evolucao: 0
Solucão valida: Sim
====================================================================================================================


 ===================================================RESULTADOS=========================================================
Melhor fitness final: 1123
Melhor fitness possivel: 1053
Tempo de execução: 281
Melhor solução encontrada: 0 117 119 44 141 16 61 85 93 99 104 96 0 87 144 57 15 43 142 42 97 95 94 6 147 89 0 5 84 113 17 45 125 8 114 83 60 118 0 138 12 68 116 77 102 122 30 70 101 69 132 0 111 50 33 81 120 135 35 136 65 71 103 51 1 0 76 3 79 129 78 34 9 66 20 128 131 32 90 63 126 146 0 26 149 110 4 139 39 56 75 72 21 40 58 0 53 105 73 74 133 22 41 145 115 2 137 13 112 0 127 88 148 62 11 107 19 123 48 7 106 18 0 52 82 46 124 47 36 143 49 64 108 10 31 27 0 23 67 25 55 130 54 134 24 29 121 80 150 109 28 0 59 98 91 86 140 38 14 100 37 92 0 
Solução encontrada considerada mediana
GAP de 6.64767
Numero maximo de geracoes sem evolucao: 0
Solucão valida: Sim
====================================================================================================================

