
 ===================================================RESULTADOS=========================================================
Melhor fitness final: 1096
Melhor fitness possivel: 1053
Tempo de execução: 293
Melhor solução encontrada: 0 112 58 2 115 145 41 22 74 72 21 149 26 105 0 40 73 133 75 56 23 67 39 139 25 55 4 110 0 48 124 46 47 36 143 49 64 11 107 19 123 7 0 94 95 59 104 99 96 6 147 89 18 82 106 52 0 93 85 61 16 86 140 38 43 15 57 144 137 0 53 12 80 150 68 3 79 33 102 50 111 0 31 10 108 131 32 90 63 126 62 148 88 127 146 0 28 76 77 129 78 34 135 35 136 65 71 66 128 20 122 1 0 81 120 9 103 51 30 70 101 69 132 27 0 118 60 83 114 8 125 45 17 113 84 5 0 13 87 42 142 14 119 44 141 91 100 37 98 92 97 117 0 116 121 29 24 134 130 54 109 138 0 
Solução encontrada considerada boa
GAP de 4.08357
Numero maximo de geracoes sem evolucao: 398
Solucão valida: Sim
====================================================================================================================


 ===================================================RESULTADOS=========================================================
Melhor fitness final: 1157
Melhor fitness possivel: 1053
Tempo de execução: 398
Melhor solução encontrada: 0 40 21 73 72 74 22 133 75 56 39 139 4 110 0 53 58 13 117 97 92 59 95 94 6 147 89 0 112 96 98 37 100 42 142 43 15 57 115 2 144 87 137 0 28 138 12 109 150 80 68 77 50 30 70 101 69 27 0 5 61 16 141 44 119 91 85 93 104 99 0 132 51 103 71 136 35 135 9 120 81 33 102 0 14 38 140 86 113 17 84 118 60 83 114 18 0 31 148 62 10 108 126 63 90 32 131 128 20 122 1 0 127 88 11 107 19 123 47 124 48 82 7 106 0 146 52 8 125 45 46 36 143 49 64 66 65 34 78 0 105 26 149 130 54 134 24 55 25 67 23 41 145 0 116 121 29 129 79 3 76 111 0 
Solução encontrada considerada ruim
GAP de 9.87654
Numero maximo de geracoes sem evolucao: 525
Solucão valida: Sim
====================================================================================================================


 ===================================================RESULTADOS=========================================================
Melhor fitness final: 1132
Melhor fitness possivel: 1053
Tempo de execução: 281
Melhor solução encontrada: 0 146 52 88 148 62 11 126 63 90 32 108 10 31 127 0 28 138 12 80 150 68 79 3 77 116 76 111 0 112 94 95 117 97 92 59 104 99 96 6 147 0 58 13 137 87 144 57 2 115 21 149 26 105 53 0 51 103 71 35 135 9 120 81 33 102 50 0 82 48 124 47 36 143 49 64 107 19 123 0 132 69 1 101 70 122 30 131 128 20 66 65 136 34 78 129 121 29 24 0 40 73 72 74 22 133 75 56 39 139 4 110 0 100 14 38 140 44 141 16 61 85 93 0 37 42 142 43 15 145 41 23 67 25 55 130 54 134 109 0 98 91 119 86 113 17 84 125 45 46 8 114 7 106 27 0 18 83 60 118 5 89 0 
Solução encontrada considerada mediana
GAP de 7.50237
Numero maximo de geracoes sem evolucao: 722
Solucão valida: Sim
====================================================================================================================


 ===================================================RESULTADOS=========================================================
Melhor fitness final: 1096
Melhor fitness possivel: 1053
Tempo de execução: 73
Melhor solução encontrada: 0 112 58 2 115 145 41 22 74 72 21 149 26 105 0 40 73 133 75 56 23 67 39 139 25 55 4 110 0 48 124 46 47 36 143 49 64 11 107 19 123 7 0 94 95 59 104 99 96 6 147 89 18 82 106 52 0 93 85 61 16 86 140 38 43 15 57 144 137 0 53 12 80 150 68 3 79 33 102 50 111 0 31 10 108 131 32 90 63 126 62 148 88 127 146 0 28 76 77 129 78 34 135 35 136 65 71 66 128 20 122 1 0 81 120 9 103 51 30 70 101 69 132 27 0 118 60 83 114 8 125 45 17 113 84 5 0 13 87 42 142 14 119 44 141 91 100 37 98 92 97 117 0 116 121 29 24 134 130 54 109 138 0 
Solução encontrada considerada boa
GAP de 4.08357
Numero maximo de geracoes sem evolucao: 398
Solucão valida: Sim
====================================================================================================================


 ===================================================RESULTADOS=========================================================
Melhor fitness final: 1129
Melhor fitness possivel: 1053
Tempo de execução: 69
Melhor solução encontrada: 0 9 103 71 35 135 120 81 33 102 50 111 0 40 21 73 72 74 22 133 75 56 39 139 4 110 0 52 106 48 47 46 45 125 8 114 83 60 89 0 149 130 54 134 24 29 121 68 150 80 76 1 69 132 0 13 117 95 99 104 59 92 97 87 144 57 115 2 137 0 116 77 3 79 129 78 34 136 65 66 20 51 122 30 70 101 0 96 93 85 61 86 140 38 14 100 37 0 31 10 108 128 131 32 90 63 126 62 148 88 127 146 0 58 42 142 43 15 145 41 23 67 25 55 109 12 138 28 0 27 7 123 19 107 11 64 49 143 36 124 82 18 0 118 5 84 17 113 16 141 44 119 91 98 0 112 147 6 94 53 105 26 0 
Solução encontrada considerada mediana
GAP de 7.21747
Numero maximo de geracoes sem evolucao: 748
Solucão valida: Sim
====================================================================================================================


 ===================================================RESULTADOS=========================================================
Melhor fitness final: 1087
Melhor fitness possivel: 1053
Tempo de execução: 73
Melhor solução encontrada: 0 132 69 101 70 30 128 131 32 90 63 126 108 10 31 0 105 26 149 110 4 139 67 23 22 41 145 115 2 0 28 76 77 3 79 129 78 34 135 35 71 103 51 1 27 0 52 106 7 48 47 124 46 8 114 60 118 89 0 13 117 42 142 14 119 44 140 38 43 15 57 144 137 58 53 0 122 20 66 65 136 9 120 81 33 102 50 0 112 94 95 97 92 59 93 104 99 96 6 0 138 12 109 150 80 134 24 29 121 68 116 111 0 87 37 100 91 141 86 16 61 85 98 0 146 127 88 148 62 123 19 107 11 64 49 143 36 82 0 54 130 55 25 39 56 75 133 74 72 73 21 40 0 147 5 84 113 17 45 125 83 18 0 
Solução encontrada considerada boa
GAP de 3.22887
Numero maximo de geracoes sem evolucao: 344
Solucão valida: Sim
====================================================================================================================

