GAP médio ≈ 3.57%
 ===================================================RESULTADOS=========================================================
Melhor fitness final: 1081
Melhor fitness possivel: 1053
Tempo de execução: 104
Melhor solução encontrada: 0 89 147 6 96 99 104 93 85 91 100 98 59 0 114 8 125 45 46 124 47 48 82 106 52 146 0 26 54 134 24 29 121 34 78 129 79 102 50 1 132 0 28 138 12 109 80 150 68 3 77 116 76 111 0 53 40 115 2 144 57 145 41 22 133 56 25 55 130 149 105 0 95 97 42 15 43 142 14 38 140 86 113 17 84 83 18 0 110 4 139 39 67 23 75 74 72 73 21 0 94 92 37 119 44 141 16 61 5 118 60 0 51 103 66 71 65 136 35 135 9 120 81 33 0 31 10 108 126 63 90 32 131 128 20 30 122 70 101 69 0 27 127 88 148 62 107 11 64 49 143 36 19 123 7 0 58 137 87 117 13 112 0 
Solução encontrada considerada boa
GAP de 2.65907
Numero maximo de geracoes sem evolucao: 688
Solucão valida: Sim
====================================================================================================================


 ===================================================RESULTADOS=========================================================
Melhor fitness final: 1085
Melhor fitness possivel: 1053
Tempo de execução: 98
Melhor solução encontrada: 0 18 83 114 8 125 45 17 113 84 5 118 60 0 76 116 77 3 79 129 78 34 81 33 102 50 111 0 105 26 109 134 24 29 121 68 150 80 12 138 28 0 58 73 74 22 133 75 23 56 72 21 40 53 0 149 54 130 55 25 67 39 139 4 110 112 0 106 7 123 19 64 49 143 36 46 124 47 48 82 0 70 30 66 71 65 136 35 135 120 9 103 51 1 0 13 137 117 95 59 99 104 96 94 6 147 89 0 93 85 61 16 86 140 38 43 15 41 145 115 2 0 88 148 62 107 11 63 126 10 108 90 32 131 128 20 122 0 87 144 57 42 142 14 119 44 141 91 100 98 37 92 97 0 27 132 69 101 31 127 52 146 0 
Solução encontrada considerada boa
GAP de 3.03894
Numero maximo de geracoes sem evolucao: 1129
Solucão valida: Sim
====================================================================================================================


 ===================================================RESULTADOS=========================================================
Melhor fitness final: 1109
Melhor fitness possivel: 1053
Tempo de execução: 95
Melhor solução encontrada: 0 53 105 26 149 109 12 116 76 111 28 0 23 67 25 55 130 54 134 24 29 121 68 150 80 0 122 103 66 71 65 136 35 135 34 78 33 102 50 0 27 132 1 51 9 120 81 129 79 3 77 138 0 112 137 2 57 144 87 97 95 94 6 147 89 0 52 106 7 123 19 107 11 64 49 143 36 47 124 46 18 0 40 21 73 72 74 22 133 75 56 39 139 4 110 0 96 104 99 93 61 113 17 45 125 8 114 0 118 60 5 84 83 82 48 88 31 127 146 0 59 98 85 141 44 119 14 142 42 13 0 148 62 10 108 126 63 90 32 131 128 20 30 70 101 69 0 58 115 145 41 15 43 38 140 86 16 91 100 37 92 117 0 
Solução encontrada considerada mediana
GAP de 5.31814
Numero maximo de geracoes sem evolucao: 1040
Solucão valida: Sim
====================================================================================================================


 ===================================================RESULTADOS=========================================================
Melhor fitness final: 1072
Melhor fitness possivel: 1053
Tempo de execução: 94
Melhor solução encontrada: 0 54 130 55 25 139 39 67 23 56 4 110 149 0 132 20 66 128 131 32 90 63 126 108 10 148 88 127 0 87 144 145 41 22 133 75 74 72 73 21 40 53 0 27 31 62 107 11 64 49 143 36 19 123 7 52 146 0 76 116 77 3 79 129 78 34 135 35 136 65 71 103 1 0 95 92 37 100 119 14 38 140 44 141 91 112 0 106 82 48 47 124 46 45 125 8 114 18 0 111 50 102 33 81 120 9 51 122 30 70 101 69 0 28 138 12 150 80 68 121 29 24 134 109 26 105 0 89 60 118 5 61 16 86 113 17 84 83 0 94 59 98 85 93 104 99 96 6 147 0 13 117 97 42 142 43 15 57 115 2 137 58 0 
Solução encontrada considerada boa
GAP de 1.80437
Numero maximo de geracoes sem evolucao: 746
Solucão valida: Sim
====================================================================================================================


 ===================================================RESULTADOS=========================================================
Melhor fitness final: 1081
Melhor fitness possivel: 1053
Tempo de execução: 98
Melhor solução encontrada: 0 26 130 55 25 139 39 67 23 56 4 110 105 0 95 96 99 86 113 17 45 125 8 114 83 18 0 132 69 101 70 122 51 9 120 81 33 102 50 111 0 76 116 77 3 79 129 78 34 135 35 136 65 71 103 1 0 28 138 12 109 150 80 68 121 29 24 134 54 149 0 58 2 115 145 41 22 133 75 74 72 73 21 40 53 0 27 127 31 88 107 11 64 49 143 36 19 123 7 52 0 30 20 66 128 131 32 90 63 126 108 10 62 148 0 13 117 97 92 59 98 37 100 91 140 38 43 15 57 144 87 137 0 42 142 14 119 44 141 16 61 85 93 104 6 0 146 106 82 48 47 124 46 84 5 118 60 0 89 147 94 112 0 
Solução encontrada considerada boa
GAP de 2.65907
Numero maximo de geracoes sem evolucao: 875
Solucão valida: Sim
====================================================================================================================


 ===================================================RESULTADOS=========================================================
Melhor fitness final: 1066
Melhor fitness possivel: 1053
Tempo de execução: 93
Melhor solução encontrada: 0 111 50 102 33 81 34 78 129 79 3 77 116 76 0 110 4 139 39 56 75 133 22 74 72 73 21 40 0 89 84 17 113 86 140 38 44 119 14 142 43 15 42 97 117 0 132 1 51 9 120 135 35 136 65 71 103 20 122 101 27 0 82 47 36 143 49 64 11 107 19 123 7 106 52 146 0 148 62 10 108 126 63 90 32 131 66 128 30 70 69 0 137 87 144 57 2 115 145 41 23 67 25 55 130 54 109 0 6 96 99 104 93 85 5 118 60 147 0 127 31 88 48 124 46 45 125 8 114 83 18 0 13 95 92 37 100 91 141 16 61 98 59 94 0 26 149 134 24 29 121 68 150 80 12 138 28 0 112 58 105 53 0 
Solução encontrada considerada boa
GAP de 1.23457
Numero maximo de geracoes sem evolucao: 1620
Solucão valida: Sim
====================================================================================================================


 ===================================================RESULTADOS=========================================================
Melhor fitness final: 1098
Melhor fitness possivel: 1053
Tempo de execução: 95
Melhor solução encontrada: 0 28 76 116 77 3 79 129 78 34 135 35 136 65 71 103 0 1 20 66 128 131 32 90 63 126 108 10 62 148 88 0 48 124 46 47 36 143 49 64 11 107 19 123 146 0 89 18 106 7 82 8 114 84 5 118 60 147 0 112 13 117 87 144 57 115 2 137 58 26 105 53 0 83 125 45 17 113 16 93 59 95 94 0 138 12 109 54 130 134 24 29 121 68 150 80 111 0 133 75 56 23 67 39 139 25 55 4 110 149 0 97 92 98 37 100 91 141 86 61 85 104 99 96 6 0 40 21 73 72 74 22 41 145 15 43 38 140 44 119 14 142 42 0 132 69 101 70 30 122 51 9 120 81 33 102 50 0 27 31 127 52 0 
Solução encontrada considerada boa
GAP de 4.2735
Numero maximo de geracoes sem evolucao: 850
Solucão valida: Sim
====================================================================================================================


 ===================================================RESULTADOS=========================================================
Melhor fitness final: 1091
Melhor fitness possivel: 1053
Tempo de execução: 95
Melhor solução encontrada: 0 26 149 109 80 150 68 79 3 77 116 12 138 0 69 101 70 30 20 66 71 65 136 35 135 34 78 129 76 28 0 53 110 4 139 39 67 25 55 130 54 134 24 29 121 0 52 106 82 114 8 125 45 17 84 5 93 99 104 96 0 40 73 74 22 133 75 23 56 72 21 105 0 112 147 6 94 95 97 87 144 57 137 13 0 127 88 148 62 126 63 90 32 131 128 108 10 31 0 48 124 46 47 36 143 49 64 11 107 19 123 7 0 132 1 122 51 103 9 120 81 33 102 50 111 0 58 2 115 145 41 15 43 42 142 14 38 140 44 119 100 98 37 92 117 0 59 85 91 16 141 86 113 61 0 89 118 60 83 18 146 27 0 
Solução encontrada considerada boa
GAP de 3.60874
Numero maximo de geracoes sem evolucao: 662
Solucão valida: Sim
====================================================================================================================


 ===================================================RESULTADOS=========================================================
Melhor fitness final: 1095
Melhor fitness possivel: 1053
Tempo de execução: 94
Melhor solução encontrada: 0 137 2 115 74 133 22 41 145 57 15 43 142 42 144 87 13 0 127 31 108 10 148 7 48 82 106 52 146 0 62 64 49 143 36 47 124 46 45 125 8 114 83 0 88 123 19 107 11 126 63 90 32 131 128 66 20 122 1 0 18 60 118 5 84 17 113 16 141 100 37 97 117 0 6 93 85 61 86 140 38 14 119 44 91 98 92 0 40 21 56 139 39 67 23 75 72 73 58 0 138 12 109 54 130 55 25 4 110 149 26 105 53 0 111 50 102 33 81 51 30 70 101 69 132 27 0 112 94 95 59 104 99 96 147 89 0 120 9 103 71 65 136 35 135 34 78 129 79 3 77 0 150 80 134 24 29 121 68 116 76 28 0 
Solução encontrada considerada boa
GAP de 3.9886
Numero maximo de geracoes sem evolucao: 283
Solucão valida: Sim
====================================================================================================================


 ===================================================RESULTADOS=========================================================
Melhor fitness final: 1128
Melhor fitness possivel: 1053
Tempo de execução: 97
Melhor solução encontrada: 0 10 108 11 107 64 63 126 90 32 131 128 66 20 27 0 110 4 139 39 56 75 133 41 22 74 72 73 21 0 5 16 113 17 125 45 46 8 114 83 60 118 0 58 40 2 115 145 15 43 38 140 86 141 91 100 37 61 84 0 106 7 123 19 49 143 36 47 124 48 82 18 0 76 116 77 3 79 129 78 34 135 35 136 65 71 103 1 0 13 117 95 97 92 59 99 104 96 94 6 147 89 0 53 105 26 149 109 12 138 111 28 0 93 98 85 44 119 14 142 42 57 144 87 137 0 132 69 101 70 30 122 51 9 120 81 33 102 50 0 23 67 25 55 130 54 134 24 29 121 68 150 80 0 112 52 88 148 62 31 127 146 0 
Solução encontrada considerada mediana
GAP de 7.12251
Numero maximo de geracoes sem evolucao: 75
Solucão valida: Sim
====================================================================================================================

