
 ===================================================RESULTADOS=========================================================
Melhor fitness final: 1799
Melhor fitness possivel: 1763
Tempo de execução: 93
Melhor solução encontrada: 0 12 78 68 43 16 61 57 75 20 0 70 76 50 45 22 4 32 58 0 74 29 17 31 27 59 30 5 0 42 53 66 67 38 73 49 0 11 52 28 79 18 48 14 0 64 33 15 47 19 26 35 65 69 56 55 9 54 72 36 0 3 60 46 25 41 39 77 51 0 44 23 24 6 8 37 2 34 0 7 10 71 63 62 13 0 1 21 40 0 
Solução encontrada considerada boa
GAP de 2.04197
Numero maximo de geracoes sem evolucao: 35
Solucão valida: Sim
====================================================================================================================


 ===================================================RESULTADOS=========================================================
Melhor fitness final: 1810
Melhor fitness possivel: 1763
Tempo de execução: 96
Melhor solução encontrada: 0 10 71 28 79 18 48 14 0 42 53 66 67 36 73 49 0 62 63 11 23 44 12 0 19 47 56 69 65 35 26 57 61 16 43 68 0 38 72 54 9 55 15 33 64 39 77 51 0 74 29 17 27 59 5 13 0 24 6 30 78 8 37 2 34 52 0 3 60 46 41 25 75 20 31 0 70 76 50 45 22 4 32 58 0 40 21 7 1 0 
Solução encontrada considerada boa
GAP de 2.66591
Numero maximo de geracoes sem evolucao: 33
Solucão valida: Sim
====================================================================================================================


 ===================================================RESULTADOS=========================================================
Melhor fitness final: 1825
Melhor fitness possivel: 1763
Tempo de execução: 93
Melhor solução encontrada: 0 27 59 20 75 31 17 3 51 0 10 34 2 37 8 78 30 6 24 0 71 14 48 18 79 28 52 0 36 50 45 22 4 32 73 0 7 63 11 23 62 0 68 43 16 61 57 19 26 35 65 69 56 47 33 0 77 39 60 74 29 5 44 12 0 76 72 54 9 55 15 41 25 46 64 0 49 38 58 70 66 67 53 42 0 40 21 1 13 0 
Solução encontrada considerada boa
GAP de 3.51673
Numero maximo de geracoes sem evolucao: 431
Solucão valida: Sim
====================================================================================================================


 ===================================================RESULTADOS=========================================================
Melhor fitness final: 1807
Melhor fitness possivel: 1763
Tempo de execução: 88
Melhor solução encontrada: 0 36 70 50 45 22 4 32 58 0 10 11 34 2 37 8 78 20 75 31 0 5 59 27 17 60 39 77 51 0 68 43 16 61 57 19 26 35 65 69 56 47 33 0 71 14 48 18 79 28 52 0 62 23 30 6 24 63 0 76 72 54 9 55 15 41 25 46 64 0 42 53 67 66 38 73 49 0 3 74 29 44 12 13 0 1 7 21 40 0 
Solução encontrada considerada boa
GAP de 2.49575
Numero maximo de geracoes sem evolucao: 1468
Solucão valida: Sim
====================================================================================================================


 ===================================================RESULTADOS=========================================================
Melhor fitness final: 1816
Melhor fitness possivel: 1763
Tempo de execução: 93
Melhor solução encontrada: 0 71 14 48 18 79 28 52 0 6 68 43 16 57 61 78 30 0 29 59 27 17 74 3 0 58 32 4 22 45 50 76 70 0 24 8 37 2 34 11 63 10 0 73 36 53 66 67 38 49 0 42 12 44 5 23 62 0 13 51 39 60 64 33 15 55 9 54 72 0 77 46 25 41 47 56 69 65 35 26 19 75 20 31 0 1 7 21 40 0 
Solução encontrada considerada boa
GAP de 3.00624
Numero maximo de geracoes sem evolucao: 149
Solucão valida: Sim
====================================================================================================================


 ===================================================RESULTADOS=========================================================
Melhor fitness final: 1817
Melhor fitness possivel: 1763
Tempo de execução: 97
Melhor solução encontrada: 0 72 54 9 55 56 69 65 35 26 47 25 39 0 13 12 44 29 74 3 0 62 23 6 30 59 5 0 78 68 43 16 61 57 19 75 20 27 0 10 63 11 34 2 37 8 24 0 70 76 50 45 22 4 32 58 0 71 14 48 18 79 28 52 0 36 53 64 33 15 41 46 31 17 60 77 51 0 42 67 66 38 73 49 0 1 7 21 40 0 
Solução encontrada considerada boa
GAP de 3.06296
Numero maximo de geracoes sem evolucao: 255
Solucão valida: Sim
====================================================================================================================


 ===================================================RESULTADOS=========================================================
Melhor fitness final: 1784
Melhor fitness possivel: 1763
Tempo de execução: 88
Melhor solução encontrada: 0 24 6 8 37 2 34 11 10 0 70 76 50 45 22 4 32 58 0 20 75 19 26 35 65 69 56 47 41 25 46 77 51 0 42 53 67 66 36 73 49 0 12 44 5 23 62 63 0 38 72 54 9 55 15 33 64 39 0 13 74 29 17 31 60 3 0 27 59 57 61 16 43 68 78 30 0 52 28 79 18 48 14 71 0 40 21 7 1 0 
Solução encontrada considerada boa
GAP de 1.19115
Numero maximo de geracoes sem evolucao: 2238
Solucão valida: Sim
====================================================================================================================


 ===================================================RESULTADOS=========================================================
Melhor fitness final: 1802
Melhor fitness possivel: 1763
Tempo de execução: 86
Melhor solução encontrada: 0 13 74 29 5 44 12 62 0 38 72 54 9 55 56 69 65 35 26 47 15 33 77 51 0 49 73 36 67 66 53 42 0 63 11 52 34 2 37 8 24 0 23 6 30 59 27 17 0 71 28 79 18 48 14 10 0 58 32 4 22 45 50 76 70 0 39 64 41 25 46 60 3 0 78 68 43 16 61 57 19 75 20 31 0 1 7 21 40 0 
Solução encontrada considerada boa
GAP de 2.21214
Numero maximo de geracoes sem evolucao: 36
Solucão valida: Sim
====================================================================================================================


 ===================================================RESULTADOS=========================================================
Melhor fitness final: 1812
Melhor fitness possivel: 1763
Tempo de execução: 82
Melhor solução encontrada: 0 71 14 48 18 79 28 52 0 62 23 63 10 7 0 76 72 54 9 55 15 41 25 46 64 0 51 77 17 31 75 20 78 8 37 2 34 0 42 53 67 66 38 73 49 0 33 56 69 65 35 26 47 19 57 61 16 43 68 0 11 24 6 30 59 27 74 0 36 70 50 45 22 4 32 58 0 3 39 60 29 5 44 12 0 13 1 21 40 0 
Solução encontrada considerada boa
GAP de 2.77935
Numero maximo de geracoes sem evolucao: 520
Solucão valida: Sim
====================================================================================================================


 ===================================================RESULTADOS=========================================================
Melhor fitness final: 1802
Melhor fitness possivel: 1763
Tempo de execução: 96
Melhor solução encontrada: 0 58 32 4 22 45 50 76 70 0 49 73 38 66 67 42 0 17 27 59 46 25 41 15 33 64 77 51 0 30 78 68 43 16 61 57 75 20 0 29 5 44 12 23 62 63 0 10 11 34 2 37 8 6 24 0 72 54 9 55 56 69 65 35 26 47 19 31 74 0 13 3 60 39 53 36 0 71 14 48 18 79 28 52 0 1 7 21 40 0 
Solução encontrada considerada boa
GAP de 2.21214
Numero maximo de geracoes sem evolucao: 289
Solucão valida: Sim
====================================================================================================================

