
 ===================================================RESULTADOS=========================================================
Melhor fitness final: 1793
Melhor fitness possivel: 1763
Tempo de execução: 104
Melhor solução encontrada: 0 31 20 75 57 26 35 65 69 56 47 19 25 77 51 0 5 78 61 16 43 68 8 37 2 34 0 74 60 39 3 42 0 70 76 50 45 22 4 32 58 0 11 52 28 79 18 48 14 0 38 72 54 9 55 33 15 41 46 64 0 29 17 27 59 30 6 24 0 40 21 10 71 63 7 0 13 12 44 23 62 1 0 49 73 36 67 66 53 0 
Solução encontrada considerada boa
GAP de 1.70164
Numero maximo de geracoes sem evolucao: 210
Solucão valida: Sim
====================================================================================================================


 ===================================================RESULTADOS=========================================================
Melhor fitness final: 1793
Melhor fitness possivel: 1763
Tempo de execução: 99
Melhor solução encontrada: 0 10 71 28 79 18 48 14 0 29 20 75 57 19 26 35 65 69 56 47 33 64 0 17 31 27 59 30 6 24 34 52 0 62 63 11 23 44 12 0 5 78 61 16 43 68 8 37 2 0 76 72 54 9 55 15 41 25 46 77 51 0 36 70 50 45 22 4 32 58 0 49 73 38 66 67 53 42 0 13 74 60 39 3 0 40 21 7 1 0 
Solução encontrada considerada boa
GAP de 1.70164
Numero maximo de geracoes sem evolucao: 28
Solucão valida: Sim
====================================================================================================================


 ===================================================RESULTADOS=========================================================
Melhor fitness final: 1819
Melhor fitness possivel: 1763
Tempo de execução: 105
Melhor solução encontrada: 0 58 32 4 22 45 50 76 70 0 14 48 18 79 28 52 11 0 12 44 5 29 17 74 13 0 1 7 71 10 21 40 0 42 51 77 39 60 3 0 63 34 2 37 8 78 20 75 31 0 68 43 16 61 57 19 26 35 65 69 56 47 33 0 27 59 30 6 24 23 62 0 53 64 46 25 41 15 55 9 54 72 0 73 36 66 67 38 49 0 
Solução encontrada considerada boa
GAP de 3.1764
Numero maximo de geracoes sem evolucao: 300
Solucão valida: Sim
====================================================================================================================


 ===================================================RESULTADOS=========================================================
Melhor fitness final: 1807
Melhor fitness possivel: 1763
Tempo de execução: 105
Melhor solução encontrada: 0 14 48 18 79 28 52 71 0 10 11 34 2 37 8 6 24 0 31 20 75 57 61 16 43 68 78 30 0 12 44 5 23 62 63 0 76 72 50 45 22 4 32 58 0 38 54 9 55 56 69 65 35 26 19 47 0 3 74 17 27 59 29 0 49 73 36 67 66 70 53 42 0 13 60 46 25 41 15 33 64 39 77 51 0 1 7 21 40 0 
Solução encontrada considerada boa
GAP de 2.49575
Numero maximo de geracoes sem evolucao: 23
Solucão valida: Sim
====================================================================================================================


 ===================================================RESULTADOS=========================================================
Melhor fitness final: 1815
Melhor fitness possivel: 1763
Tempo de execução: 105
Melhor solução encontrada: 0 71 14 48 18 79 28 52 0 40 62 23 12 44 29 74 0 5 78 68 43 16 61 57 75 20 31 0 36 66 67 53 39 60 3 0 38 72 54 9 15 59 27 17 0 46 25 41 47 19 26 35 65 69 56 55 33 64 77 51 0 58 32 4 22 45 50 76 70 0 21 10 63 7 1 0 11 34 2 37 8 24 6 30 0 49 73 42 13 0 
Solução encontrada considerada boa
GAP de 2.94952
Numero maximo de geracoes sem evolucao: 535
Solucão valida: Sim
====================================================================================================================


 ===================================================RESULTADOS=========================================================
Melhor fitness final: 1797
Melhor fitness possivel: 1763
Tempo de execução: 99
Melhor solução encontrada: 0 31 75 20 78 8 37 2 34 11 10 0 68 43 16 61 57 19 47 26 35 65 69 56 33 0 51 77 3 39 60 74 13 0 71 14 48 18 79 28 52 0 76 72 54 9 55 15 41 25 46 64 0 42 53 66 67 38 73 49 0 36 70 50 45 22 4 32 58 0 12 44 5 59 27 17 29 0 62 23 30 6 24 63 0 1 7 21 40 0 
Solução encontrada considerada boa
GAP de 1.92853
Numero maximo de geracoes sem evolucao: 239
Solucão valida: Sim
====================================================================================================================


 ===================================================RESULTADOS=========================================================
Melhor fitness final: 1786
Melhor fitness possivel: 1763
Tempo de execução: 117
Melhor solução encontrada: 0 5 20 75 57 19 47 26 35 65 69 56 33 64 0 29 17 31 27 59 30 6 24 0 36 70 50 45 22 4 32 58 0 10 34 2 37 8 68 43 16 61 78 0 13 74 60 39 3 51 0 76 72 54 9 55 15 41 25 46 77 0 71 14 48 18 79 28 52 0 12 44 23 11 63 62 0 42 53 67 66 38 73 49 0 40 21 7 1 0 
Solução encontrada considerada boa
GAP de 1.30459
Numero maximo de geracoes sem evolucao: 92
Solucão valida: Sim
====================================================================================================================


 ===================================================RESULTADOS=========================================================
Melhor fitness final: 1803
Melhor fitness possivel: 1763
Tempo de execução: 100
Melhor solução encontrada: 0 36 70 72 54 9 55 56 69 65 35 26 19 47 15 33 0 63 62 23 5 12 13 0 24 6 8 37 2 34 11 10 0 58 32 4 22 45 50 76 0 71 14 48 18 79 28 52 0 42 67 66 38 73 49 0 20 75 57 61 16 43 68 78 30 44 0 29 59 27 31 17 74 3 0 51 77 39 60 46 25 41 64 53 0 40 21 7 1 0 
Solução encontrada considerada boa
GAP de 2.26886
Numero maximo de geracoes sem evolucao: 1687
Solucão valida: Sim
====================================================================================================================


 ===================================================RESULTADOS=========================================================
Melhor fitness final: 1810
Melhor fitness possivel: 1763
Tempo de execução: 109
Melhor solução encontrada: 0 70 76 72 54 9 55 56 69 65 35 26 19 47 77 0 3 74 17 27 59 29 0 53 64 33 15 41 25 46 60 39 51 0 10 11 34 2 37 8 6 24 0 71 14 48 18 79 28 52 0 12 44 5 23 62 63 0 49 58 32 4 22 45 50 0 30 78 68 43 16 61 57 75 20 31 0 73 38 67 66 36 42 13 0 1 7 21 40 0 
Solução encontrada considerada boa
GAP de 2.66591
Numero maximo de geracoes sem evolucao: 33
Solucão valida: Sim
====================================================================================================================


 ===================================================RESULTADOS=========================================================
Melhor fitness final: 1800
Melhor fitness possivel: 1763
Tempo de execução: 101
Melhor solução encontrada: 0 76 72 50 45 22 4 32 58 0 63 62 23 12 44 5 29 0 38 54 9 55 56 69 65 35 26 19 47 0 51 77 64 33 15 41 25 46 59 27 17 0 24 6 8 37 2 34 11 10 0 30 78 68 43 16 61 57 75 20 31 0 52 28 79 18 48 14 71 0 42 53 70 66 67 36 73 49 0 13 74 60 39 3 0 40 21 7 1 0 
Solução encontrada considerada boa
GAP de 2.0987
Numero maximo de geracoes sem evolucao: 660
Solucão valida: Sim
====================================================================================================================

