
 ===================================================RESULTADOS=========================================================
Melhor fitness final: 1419
Melhor fitness possivel: 1373
Tempo de execução: 569
Melhor solução encontrada: 0 128 20 188 103 161 71 136 35 135 164 34 78 0 167 189 10 108 126 63 90 32 131 160 30 122 70 69 0 107 175 11 181 66 65 9 51 157 102 50 0 195 179 198 110 187 170 25 55 165 130 54 177 184 28 0 5 61 85 93 98 37 151 92 59 99 104 96 0 100 193 91 191 141 16 86 140 38 43 15 137 53 0 88 148 159 62 182 7 194 106 153 18 166 89 0 76 196 116 77 3 158 68 80 150 109 12 0 180 21 72 74 133 22 171 73 40 58 152 0 197 75 56 186 23 67 39 139 155 4 0 134 163 24 29 121 169 129 79 185 120 81 33 111 0 123 19 64 49 143 36 46 124 47 168 48 82 52 0 156 112 147 6 183 94 95 97 117 13 0 27 132 176 1 101 162 31 190 127 146 0 118 84 173 113 17 45 125 174 8 114 199 83 60 0 87 192 44 119 14 142 42 172 144 57 41 145 115 178 2 0 138 154 149 26 105 0 
Solução encontrada considerada boa
GAP de 3.35033
Numero maximo de geracoes sem evolucao: 493
Solucão valida: Sim
====================================================================================================================


 ===================================================RESULTADOS=========================================================
Melhor fitness final: 1426
Melhor fitness possivel: 1373
Tempo de execução: 564
Melhor solução encontrada: 0 58 137 2 115 178 144 87 97 95 117 13 156 0 89 166 18 153 106 194 182 62 159 148 88 0 105 180 21 72 74 133 22 171 73 40 152 0 83 199 114 8 174 45 125 84 5 118 60 0 189 10 126 63 90 32 131 160 128 188 20 122 1 132 0 111 76 116 68 80 150 177 109 138 154 28 0 94 92 151 37 98 85 93 99 104 96 6 147 0 176 50 196 184 12 195 179 198 149 26 53 0 57 15 43 38 140 86 91 193 100 59 183 112 0 51 103 161 71 66 65 136 35 135 120 9 0 110 67 170 25 55 165 130 54 134 163 24 29 121 3 158 0 108 181 64 49 143 36 175 11 107 19 123 7 52 0 173 17 113 61 16 141 191 44 119 192 14 142 42 172 0 155 4 139 187 39 23 186 56 197 75 41 145 0 146 167 127 190 31 70 30 101 162 69 27 0 102 157 33 81 164 34 78 169 129 79 185 77 0 82 46 124 47 168 48 0 
Solução encontrada considerada boa
GAP de 3.86016
Numero maximo de geracoes sem evolucao: 607
Solucão valida: Sim
====================================================================================================================


 ===================================================RESULTADOS=========================================================
Melhor fitness final: 1400
Melhor fitness possivel: 1373
Tempo de execução: 551
Melhor solução encontrada: 0 13 117 97 151 92 37 98 100 193 91 86 140 38 43 15 137 0 183 96 104 99 93 85 59 95 94 0 58 152 2 178 115 145 57 144 87 112 156 0 40 133 75 186 39 139 187 170 25 55 165 130 54 0 28 196 77 3 158 157 102 50 1 176 132 0 167 127 190 31 88 159 108 70 101 162 27 0 172 42 142 14 192 119 44 191 141 16 113 17 173 61 6 0 148 62 189 10 90 126 63 181 32 131 160 30 69 0 51 9 120 164 34 78 169 129 79 185 81 33 0 111 76 116 68 80 150 177 109 12 138 154 0 195 179 4 155 197 72 74 22 41 171 73 21 0 184 121 29 24 163 134 67 23 56 110 198 149 26 0 153 82 48 124 47 168 123 182 7 194 106 146 0 52 19 107 175 11 64 49 143 36 46 174 8 114 83 0 122 128 20 188 66 65 136 35 135 71 161 103 0 147 60 118 5 84 45 125 199 18 166 89 0 105 180 53 0 
Solução encontrada considerada boa
GAP de 1.9665
Numero maximo de geracoes sem evolucao: 741
Solucão valida: Sim
====================================================================================================================


 ===================================================RESULTADOS=========================================================
Melhor fitness final: 1419
Melhor fitness possivel: 1373
Tempo de execução: 558
Melhor solução encontrada: 0 27 31 189 10 159 62 148 88 190 127 0 12 80 150 68 158 3 77 196 76 111 0 93 85 61 16 141 44 119 191 91 193 100 0 83 199 114 8 174 45 125 84 173 5 118 60 0 132 69 162 101 70 30 122 1 176 50 184 138 154 28 0 116 121 29 24 163 134 177 109 195 149 26 180 105 0 58 40 21 72 197 75 56 186 23 67 139 179 0 51 20 128 160 131 32 90 63 126 11 175 107 19 123 52 0 188 66 65 136 35 135 71 161 157 102 0 53 198 110 4 155 187 39 170 25 55 165 130 54 0 87 144 2 178 115 145 41 22 133 74 171 73 0 89 147 6 96 99 104 59 98 37 92 151 94 183 0 152 137 57 15 43 38 140 14 192 142 42 172 97 95 117 13 0 166 86 113 17 46 143 49 64 181 108 167 0 146 153 106 194 7 182 48 168 47 36 124 82 18 0 185 79 129 169 78 34 164 120 9 103 81 33 0 156 112 0 
Solução encontrada considerada boa
GAP de 3.35033
Numero maximo de geracoes sem evolucao: 660
Solucão valida: Sim
====================================================================================================================


 ===================================================RESULTADOS=========================================================
Melhor fitness final: 1402
Melhor fitness possivel: 1373
Tempo de execução: 617
Melhor solução encontrada: 0 59 151 92 98 37 100 193 91 85 93 104 99 96 6 0 137 57 15 43 38 140 86 113 17 173 166 18 153 106 194 0 83 199 114 8 174 45 125 84 5 118 60 0 182 123 168 19 107 175 11 126 63 181 131 32 90 0 157 33 81 9 120 164 34 78 169 129 79 185 0 58 152 40 180 26 149 195 109 12 138 0 72 75 56 186 23 41 145 115 178 2 144 87 0 28 76 196 116 77 3 158 102 50 0 160 128 66 65 136 35 135 71 161 103 51 0 105 179 139 187 39 67 170 25 55 165 130 54 0 53 21 73 171 22 133 74 197 4 155 110 198 0 89 61 16 141 191 44 119 192 14 142 42 172 97 117 0 167 127 64 49 143 36 47 46 124 48 82 7 52 146 0 13 95 94 183 147 112 156 0 190 31 189 10 108 159 62 148 88 0 111 176 1 122 188 20 30 70 101 162 69 132 27 0 154 177 134 163 24 29 121 68 150 80 184 0 
Solução encontrada considerada boa
GAP de 2.11216
Numero maximo de geracoes sem evolucao: 422
Solucão valida: Sim
====================================================================================================================


 ===================================================RESULTADOS=========================================================
Melhor fitness final: 1428
Melhor fitness possivel: 1373
Tempo de execução: 565
Melhor solução encontrada: 0 75 186 23 67 170 25 55 165 130 54 109 12 0 112 147 60 83 199 114 46 36 143 49 64 181 63 126 90 0 137 144 172 42 57 145 41 22 133 74 171 115 178 2 0 156 89 166 18 153 106 194 7 182 88 127 167 0 105 26 195 179 149 180 40 152 58 53 0 154 138 80 150 68 158 3 77 116 196 76 0 148 62 159 10 189 108 32 131 160 27 0 103 161 71 136 35 135 164 34 78 184 28 0 198 110 4 155 139 187 39 56 197 72 73 21 0 128 20 188 66 65 9 51 157 102 50 111 0 177 134 163 24 29 121 169 129 79 185 120 81 33 0 11 175 107 19 123 168 47 124 48 82 52 146 0 98 100 193 91 85 113 17 45 125 174 8 0 183 94 96 99 104 59 151 92 97 95 117 13 0 190 31 162 101 70 30 122 1 176 132 69 0 118 5 84 173 61 16 141 191 44 119 192 37 0 6 93 86 140 38 14 142 43 15 87 0 
Solução encontrada considerada boa
GAP de 4.00583
Numero maximo de geracoes sem evolucao: 717
Solucão valida: Sim
====================================================================================================================


 ===================================================RESULTADOS=========================================================
Melhor fitness final: 1401
Melhor fitness possivel: 1373
Tempo de execução: 564
Melhor solução encontrada: 0 166 18 153 82 46 36 143 49 64 181 32 131 10 88 0 146 52 106 194 7 182 148 62 159 108 189 27 0 83 199 114 8 174 45 125 84 173 5 118 0 53 110 56 139 187 39 67 170 25 55 165 130 54 28 0 61 16 141 191 192 119 44 38 140 86 113 17 60 0 66 65 136 35 135 9 120 78 121 29 24 163 134 184 0 48 124 47 168 123 19 107 175 11 126 63 90 132 0 176 1 122 30 70 101 162 31 190 127 167 0 196 116 77 3 158 68 150 80 177 109 12 138 0 69 160 128 20 188 71 161 103 51 50 111 0 147 6 96 104 59 95 94 183 112 156 0 89 99 93 85 91 193 100 37 98 151 92 97 117 13 0 145 41 23 186 4 155 179 195 149 26 154 0 105 198 72 197 75 133 22 74 171 73 21 0 102 157 33 81 164 34 169 129 79 185 76 0 137 87 144 172 42 142 14 43 15 57 178 115 2 40 180 0 58 152 0 
Solução encontrada considerada boa
GAP de 2.03933
Numero maximo de geracoes sem evolucao: 963
Solucão valida: Sim
====================================================================================================================


 ===================================================RESULTADOS=========================================================
Melhor fitness final: 1472
Melhor fitness possivel: 1373
Tempo de execução: 579
Melhor solução encontrada: 0 89 166 18 82 124 47 168 48 7 194 106 52 0 28 184 76 196 116 68 150 80 177 12 109 0 147 6 183 94 95 117 97 87 137 13 0 134 163 24 29 121 3 158 79 185 157 102 50 111 0 21 72 74 171 133 22 41 145 57 144 178 115 2 0 59 92 151 98 37 100 193 91 85 93 104 99 96 0 73 75 186 23 39 187 139 4 155 110 198 0 27 162 31 190 127 167 146 112 156 0 5 84 125 45 174 8 114 199 83 60 118 0 159 189 10 30 66 181 64 49 143 36 46 153 0 176 33 81 120 9 161 103 51 122 70 101 69 132 0 17 113 86 16 141 44 119 192 14 43 15 172 0 1 20 188 128 160 131 32 90 63 126 11 175 148 88 0 152 58 40 180 149 195 26 105 53 0 182 62 108 107 19 123 173 61 191 140 38 142 42 0 71 65 136 35 135 164 34 78 169 129 77 154 138 0 197 56 67 170 25 55 165 130 54 179 0 
Solução encontrada considerada mediana
GAP de 7.21049
Numero maximo de geracoes sem evolucao: 824
Solucão valida: Sim
====================================================================================================================


 ===================================================RESULTADOS=========================================================
Melhor fitness final: 1415
Melhor fitness possivel: 1373
Tempo de execução: 481
Melhor solução encontrada: 0 28 12 150 80 177 109 195 149 180 40 58 152 0 30 128 160 131 32 90 63 126 108 189 10 167 0 53 72 197 75 56 186 23 67 179 26 105 0 18 83 199 114 8 174 125 45 17 113 173 84 5 0 112 13 137 87 95 183 6 147 89 0 154 138 184 77 157 102 50 1 101 162 69 132 0 111 76 196 158 3 121 29 24 163 134 68 116 0 156 166 60 118 61 44 119 192 14 142 42 172 0 198 110 4 155 139 187 39 170 25 55 165 130 54 0 122 20 188 66 65 136 35 135 71 161 51 176 0 15 43 38 140 86 16 141 191 91 193 100 37 97 117 0 21 73 171 74 133 22 41 145 57 144 178 115 2 0 94 59 92 151 98 85 93 99 104 96 0 31 70 181 64 11 175 107 19 123 182 52 146 0 106 194 7 48 168 47 49 143 36 46 124 82 153 0 185 79 129 169 78 34 164 120 9 103 81 33 0 190 159 62 148 88 127 27 0 
Solução encontrada considerada boa
GAP de 3.05899
Numero maximo de geracoes sem evolucao: 482
Solucão valida: Sim
====================================================================================================================


 ===================================================RESULTADOS=========================================================
Melhor fitness final: 1456
Melhor fitness possivel: 1373
Tempo de execução: 521
Melhor solução encontrada: 0 117 192 119 44 191 141 16 61 173 84 5 118 60 0 62 159 10 189 108 126 63 90 32 131 160 128 0 110 4 155 170 67 186 74 41 145 15 43 172 178 115 2 0 33 81 103 9 120 164 34 78 169 129 79 185 0 26 149 195 179 198 72 73 21 180 105 53 0 153 82 124 46 36 143 49 47 168 48 7 194 106 0 132 176 111 28 154 40 152 58 13 112 0 167 127 190 31 162 101 70 30 122 51 1 69 27 0 174 125 45 17 113 86 140 38 14 142 42 57 0 12 109 177 80 150 68 3 77 116 196 76 184 0 50 102 157 158 121 29 24 163 134 25 55 165 130 54 138 0 20 188 161 71 135 35 136 65 66 181 64 146 0 18 83 199 114 8 123 19 107 175 11 148 182 88 52 0 137 144 87 97 95 94 183 147 166 89 0 197 56 139 187 39 23 75 133 22 171 0 59 151 92 37 98 100 193 91 85 93 99 104 96 6 0 156 0 
Solução encontrada considerada mediana
GAP de 6.04516
Numero maximo de geracoes sem evolucao: 407
Solucão valida: Sim
====================================================================================================================

